/*--------------------------------*- C++ -*----------------------------------*\
| =========                 |                                                 |
| \\      /  F ield         | OpenFOAM: The Open Source CFD Toolbox           |
|  \\    /   O peration     | Version:  v1806                                 |
|   \\  /    A nd           | Web:      www.OpenFOAM.com                      |
|    \\/     M anipulation  |                                                 |
\*---------------------------------------------------------------------------*/
FoamFile
{
    version     2.0;
    format      ascii;
    class       volScalarField;
    location    "900";
    object      p;
}
// * * * * * * * * * * * * * * * * * * * * * * * * * * * * * * * * * * * * * //

dimensions      [0 2 -2 0 0 0 0];


internalField   nonuniform List<scalar> 
6400
(
0.185292659297
0.184891013341
0.184480364553
0.184265306965
0.184388786205
0.184258564625
0.183465896696
0.181978564009
0.179928071548
0.177374249171
0.174403518034
0.171110970489
0.167592375944
0.163937933566
0.16022840774
0.156533202729
0.152909898841
0.149404775775
0.146053920569
0.142884611538
0.139916762963
0.137164295021
0.134636354781
0.13233835734
0.130272844047
0.128440170969
0.126839048848
0.125466959111
0.124320471604
0.123395487821
0.122687424571
0.122191343324
0.121902057207
0.121814326203
0.121923257107
0.122224778249
0.122715403804
0.123389378321
0.1242385104
0.125255958416
0.126435817808
0.127771592936
0.12925671151
0.130884660966
0.132649051004
0.13454363573
0.136562310283
0.13869908528
0.140948038847
0.14330324539
0.145758681125
0.148308108183
0.150944941503
0.153662105442
0.156451889804
0.159305817411
0.162214537055
0.165167756149
0.168154226403
0.171161793338
0.174177516245
0.177187859384
0.180178948004
0.183136874507
0.186048031291
0.188899438375
0.191679023108
0.194375795104
0.196979851638
0.199482150384
0.201873957164
0.204145749461
0.206285169368
0.208274026772
0.210085975451
0.211685748384
0.213020308889
0.213989416508
0.21445827359
0.214476526021
0.185090774946
0.184668353592
0.184426773865
0.184230141814
0.184073881327
0.184058570453
0.183322445966
0.181841628858
0.179757955255
0.177158635293
0.174142140887
0.170809015573
0.167257726357
0.163579424394
0.159854701125
0.15615209785
0.152527970923
0.149027254665
0.145684730322
0.142526505889
0.139571506979
0.136832858227
0.134319093969
0.132035177156
0.129983330358
0.128163696285
0.126574851276
0.125214196868
0.124078254827
0.123162890624
0.122463481701
0.121975015932
0.121692089497
0.121608933822
0.12171995782
0.122021063863
0.122510446072
0.123184482525
0.124036206738
0.125057815496
0.126241416215
0.127579984413
0.12906679284
0.13069530559
0.132459152622
0.13435212468
0.136368163331
0.138501335855
0.140745789794
0.143095684135
0.145545096192
0.148087905269
0.150717657005
0.153427415013
0.156209609583
0.15905589572
0.161957034827
0.164902814957
0.167882023665
0.170882484885
0.173891167331
0.1768943659
0.179877950494
0.182827668473
0.185729477803
0.188569879932
0.191336213288
0.194016854796
0.196601266481
0.199079837316
0.201443429065
0.203682459832
0.205785296976
0.207735909096
0.209511424006
0.211080075871
0.212396130109
0.213386068392
0.213945952169
0.214047207598
0.185529973172
0.184960737794
0.184533757069
0.184298495709
0.183916833663
0.183408353929
0.182379281275
0.180738907003
0.178533931082
0.175844911224
0.172770127007
0.169409096614
0.165857225596
0.162201301948
0.158517028183
0.154868104983
0.151306473217
0.147873286838
0.144600263224
0.141511153982
0.138623170523
0.135948271419
0.133494270147
0.131265755038
0.129264832372
0.127491712897
0.125945165123
0.124622859099
0.123521625246
0.122637654287
0.121966649114
0.121503873687
0.121243993585
0.121181028937
0.121309935808
0.121629970128
0.122138439698
0.122827683328
0.123690570891
0.124720537294
0.125910700057
0.127254280015
0.128744626299
0.130375234111
0.132139758068
0.134032021146
0.136046012991
0.138175871709
0.140415844279
0.142760221963
0.145203248813
0.147739003632
0.150361258554
0.153063320656
0.155837866374
0.158676781622
0.161571022907
0.164510515914
0.167484107034
0.170479580653
0.17348375131
0.176482633669
0.179461685496
0.182406111611
0.185301205541
0.188132697969
0.190887075976
0.193551831085
0.196115555053
0.198567866851
0.200899078785
0.203099458077
0.205158035512
0.207060866757
0.208788563759
0.210313394019
0.211597186972
0.212585981788
0.213188765707
0.213339461697
0.18637454541
0.185731336123
0.185055015203
0.184394767495
0.183578510468
0.182523857569
0.1810650229
0.179134467763
0.176739055291
0.173935694851
0.170806167717
0.167438460389
0.163917949728
0.160322183359
0.156718478033
0.153163231266
0.149702319079
0.146372100271
0.143200691218
0.140209291706
0.137413433082
0.134824084061
0.132448591008
0.130291453914
0.128354952011
0.126639637974
0.125144720373
0.123868354961
0.12280786964
0.121959946167
0.121320742372
0.120885855261
0.120650090391
0.120607715888
0.120754958786
0.121093419197
0.121619283387
0.122322990043
0.123198161121
0.124238081919
0.125435999821
0.126785219851
0.128279143962
0.129911302833
0.131675383862
0.133565252902
0.135574964452
0.137698754496
0.139931010458
0.142266213605
0.144698850778
0.147223294582
0.149833654284
0.152523603352
0.155286193544
0.158113669241
0.160997298923
0.16392724265
0.166892473716
0.169880768873
0.172878778978
0.17587218608
0.17884594179
0.181784579719
0.184672576729
0.18749473402
0.190236532863
0.192884471125
0.195426215533
0.197850635917
0.200147650282
0.202307663074
0.20432069004
0.206175113847
0.207855494669
0.209339422836
0.210596686574
0.211588031037
0.212221314461
0.212423829164
0.18726558452
0.186414706865
0.185387961628
0.184230381361
0.182898860487
0.181332145884
0.179436638559
0.177174370501
0.174552620793
0.171615430185
0.168427561677
0.165061093397
0.161587042121
0.158070369667
0.154567685827
0.151126606141
0.147786089339
0.144577278304
0.141524542434
0.1386465425
0.13595722246
0.133466684829
0.13118193651
0.129107508339
0.127245959339
0.125598278957
0.124164200331
0.12294244132
0.121930900287
0.121126821697
0.120526861273
0.120126905831
0.119921900894
0.119907006929
0.120080749236
0.120443605965
0.120990176633
0.121711492483
0.1226014264
0.123653451223
0.124860961922
0.126217345728
0.127716044191
0.129350605214
0.131114729135
0.133002307044
0.135007446804
0.137124480833
0.139347949274
0.141672552525
0.1440930684
0.146604231427
0.149200575219
0.151876243153
0.154624777305
0.157438900468
0.160310310075
0.163229506083
0.166185675668
0.169166649993
0.172158947301
0.175147916942
0.178117970991
0.181052911485
0.183936313391
0.186751961757
0.189484214094
0.192118490187
0.194641453212
0.197041127744
0.19930698618
0.201429516734
0.203399530262
0.205207312171
0.206840940874
0.208283028915
0.209509200514
0.210495099017
0.211141692243
0.211393696407
0.187762342724
0.186523564552
0.185159545627
0.183565668138
0.181769613508
0.179750481086
0.1774665957
0.174904276951
0.172077157232
0.169022652139
0.165792119336
0.162442377235
0.159029634908
0.15560571153
0.152216200096
0.148899898871
0.145688999412
0.142609661854
0.139682748138
0.13692458219
0.134347668909
0.131961340361
0.129772317538
0.127785186699
0.126002794671
0.124426569153
0.123056770504
0.121892688389
0.120932811942
0.12017497964
0.119616382415
0.119253244621
0.119080795753
0.119095566298
0.11929901955
0.119688565145
0.120256744695
0.1209970261
0.121903042762
0.122968338285
0.124186379066
0.125550597849
0.127054452499
0.128691488494
0.130455400408
0.132340087833
0.134339700022
0.136448662273
0.138661676278
0.140973686576
0.143379806308
0.145875197614
0.148454905749
0.15111365121
0.153845589706
0.156644056106
0.159501313836
0.162408334507
0.16535464002
0.168328222562
0.171315550653
0.1743017077
0.177270607592
0.180205355101
0.183088626842
0.185903240801
0.18863240367
0.19126049895
0.193773242395
0.196157789167
0.198403167888
0.200499887029
0.20243926705
0.204212860925
0.205811319387
0.207221345162
0.208420475884
0.209400570174
0.210050908282
0.21034887465
0.187115523506
0.185729992548
0.184178348133
0.182268868352
0.180121578852
0.177752349354
0.175164813856
0.172368448096
0.16938467111
0.166247432716
0.162998228174
0.159681405958
0.156340486211
0.153015783934
0.149743185959
0.146553719982
0.143473614221
0.140524623114
0.137724477764
0.135087378157
0.132624480406
0.130344352919
0.128253387184
0.126356156158
0.124655717997
0.123153865305
0.121851322178
0.120747900139
0.119842639105
0.119133930222
0.118619474386
0.118295923644
0.118159009559
0.118206331277
0.118440618087
0.118858159896
0.119450099287
0.120210769026
0.121134055655
0.122213658989
0.123443125139
0.124815913139
0.126325468795
0.127965302869
0.129729070147
0.131610645089
0.133604188015
0.13570419387
0.137905514103
0.140203341598
0.142593149286
0.145070574995
0.147631248874
0.150270566674
0.152983418073
0.15576388717
0.158604952054
0.161498205881
0.164433650025
0.167399584184
0.17038254865
0.173367488247
0.176337909926
0.17927634322
0.182164596893
0.1849847044
0.187718714809
0.190350088712
0.192863755252
0.195245978652
0.197485364755
0.199572352671
0.201498460493
0.203255908365
0.204836766328
0.206231156015
0.207414444618
0.208395624205
0.209047822721
0.20938841929
0.18542377028
0.184037219881
0.182417860556
0.180322010688
0.177951797259
0.175350419499
0.172558604593
0.169606541576
0.166524561711
0.163345897677
0.160105593063
0.156838853675
0.153579448878
0.150358598196
0.147204352195
0.14414134389
0.141190791132
0.138370655051
0.135695890892
0.133178748168
0.130829089644
0.128654706518
0.126661613286
0.124854311298
0.123236014615
0.12180883532
0.120573929783
0.119531616602
0.11868148423
0.118022470302
0.117552788013
0.117269641899
0.117169536792
0.117250962692
0.117516841326
0.117962839958
0.118579339261
0.119361211377
0.12030257624
0.121397268575
0.122638891888
0.124020905424
0.125536713202
0.127179757755
0.128943617046
0.130822101109
0.132809342293
0.13489987014
0.137088659581
0.139371139624
0.141743150171
0.144200836321
0.14674047196
0.149358215241
0.152049804732
0.154810209669
0.157633278752
0.160511391247
0.163435183394
0.166393453937
0.16937295722
0.172358700424
0.175333893505
0.17828074819
0.181180205524
0.184013920627
0.186762794183
0.189409555448
0.191938650999
0.194335362875
0.196587916228
0.198686520484
0.200622493898
0.202388263979
0.203976047492
0.205378738571
0.206566167614
0.2075633819
0.208223754888
0.208606067439
0.18295936401
0.181610793573
0.179982423696
0.177799788386
0.175317049587
0.172590549474
0.169688660616
0.166657492517
0.163535668688
0.160357408654
0.157154116048
0.153954925366
0.150786728486
0.147674078595
0.144639096667
0.141701425503
0.138878247498
0.136184367358
0.133632352898
0.131232719876
0.128994142642
0.126923671793
0.125026942695
0.123308363079
0.121771272211
0.120418068124
0.119250306431
0.118268784332
0.11747361592
0.116864249027
0.116439331578
0.116196586825
0.116133540066
0.116249809629
0.116547533018
0.117021826359
0.117662972528
0.118466279252
0.119426064529
0.120536260875
0.121790496525
0.123182199268
0.124704698034
0.126351330046
0.128115554421
0.129991070087
0.131971931994
0.134052655625
0.136228296545
0.138494488822
0.140847426057
0.143283772268
0.145800485735
0.14839455778
0.151062681994
0.153800840728
0.156603909349
0.159465235888
0.162376226343
0.16532643308
0.168302939587
0.171291125136
0.174273957574
0.177233835725
0.180150713141
0.183006619742
0.185781316215
0.188457010049
0.191018186374
0.193448870107
0.195737184068
0.19787310178
0.199847245689
0.201652005949
0.203278580094
0.20472119527
0.205942106329
0.206977821679
0.207660329959
0.208088155203
0.179906527958
0.178615480174
0.177014628955
0.174816686094
0.172305673574
0.169540087287
0.166607106498
0.16356321872
0.160453512554
0.157313748669
0.154173600922
0.151058542618
0.147990978743
0.144990879609
0.142076103101
0.139262549827
0.136564252052
0.133993457289
0.131560734668
0.129275108515
0.12714420997
0.125174432471
0.123371077844
0.121738483343
0.1202801235
0.118998684325
0.117896117034
0.116973691203
0.116232041511
0.115671105707
0.115289870444
0.115086448689
0.115059761758
0.115211726333
0.115541436389
0.116042900147
0.116708371728
0.117533106159
0.118511502811
0.119637526473
0.120904792313
0.122306668014
0.12383637933
0.125487125643
0.127252207395
0.129125164403
0.131099919312
0.13317091483
0.135333229699
0.137582653773
0.139915698676
0.142329535275
0.144821824672
0.147390435504
0.150033108793
0.152746950118
0.155527996002
0.158370784443
0.161267531189
0.164208906974
0.167182318149
0.170174030855
0.173166657468
0.176143708167
0.17908376445
0.181970325507
0.184781964581
0.187500421179
0.190111261876
0.19259677019
0.194946144412
0.197149785604
0.199196455469
0.201077927094
0.202783513626
0.204305721115
0.205599290547
0.206702790457
0.207428360581
0.207912716097
0.176410534788
0.175195214126
0.173651044955
0.171490326006
0.169013012434
0.166273488388
0.163370944294
0.160367436777
0.157312481519
0.154243237251
0.151188747145
0.148172478332
0.145214107254
0.142330616466
0.139536918989
0.136846196301
0.134270090724
0.131818841024
0.129501406073
0.127325590982
0.125298173225
0.123425020004
0.121711188432
0.120161003146
0.118778108482
0.117565495197
0.116525512688
0.115659892565
0.114969769309
0.114455544123
0.114116506954
0.113951108142
0.113959677104
0.114146611681
0.11450752389
0.11503492626
0.115724097832
0.116569916297
0.117566778192
0.118708637689
0.119989073256
0.121401375106
0.122938647569
0.124593927992
0.126360324294
0.128231171679
0.130200203993
0.132261726184
0.134410770636
0.136643218304
0.138955840613
0.141346276065
0.143812886115
0.14635442008
0.148969741556
0.151657168596
0.15441395771
0.157236164943
0.160116626047
0.163047716353
0.166016909345
0.169012228108
0.172015491569
0.175012658619
0.177980105233
0.180903950854
0.183761684035
0.186534596291
0.189211767948
0.191772861205
0.194210489383
0.196516858114
0.198675920983
0.200677367333
0.202508373775
0.204155697204
0.205570603981
0.206782059882
0.207582971071
0.208147232773
0.172611712579
0.171483248969
0.170015743183
0.167929300285
0.165529482818
0.162863044224
0.160036262033
0.157113083147
0.15414566989
0.151172117523
0.148221354719
0.145315849367
0.142473716937
0.139710070739
0.137037849103
0.134468307456
0.132011323973
0.129675612672
0.127468892558
0.125398031163
0.123469164968
0.121687793629
0.120058845421
0.118586713825
0.11727526674
0.116127831867
0.115147172216
0.114335479018
0.113694362059
0.11322466704
0.112926061127
0.112797448467
0.11284002016
0.113058809841
0.113449049007
0.114002398653
0.114714809725
0.115581276677
0.11659626091
0.117753729974
0.119047233303
0.120469986585
0.12201497094
0.123675051945
0.125443123245
0.127312278402
0.129276010259
0.131328421442
0.133464420301
0.135679905236
0.13797183079
0.140338230577
0.142778155505
0.145291177266
0.147877328949
0.150536230188
0.153266221243
0.156065462305
0.158926811302
0.161845311109
0.164807873898
0.167805453453
0.170818179357
0.173835642058
0.176830977973
0.179794298991
0.182703258681
0.185538826093
0.188298268582
0.190956657396
0.19350947977
0.195951054011
0.198259015116
0.200421128556
0.202424284963
0.204249663204
0.205847831494
0.207227477879
0.208155093276
0.20884348755
0.168636276171
0.167598131645
0.166218056568
0.164229618038
0.16193603606
0.159374556305
0.156654947321
0.153840343354
0.150984114474
0.148124709614
0.145291079241
0.142505217745
0.139784380739
0.137142539945
0.134591335408
0.132140689196
0.129799217933
0.127574528958
0.125473444422
0.123502171862
0.121666427374
0.119971513916
0.118422358298
0.117023512343
0.115779124514
0.114692890116
0.113767996483
0.113007085545
0.112412207588
0.111984620224
0.111724431398
0.111631107353
0.111706381506
0.111955173868
0.112373070022
0.112951269757
0.113685959155
0.114572219572
0.115604567578
0.116776990212
0.11808302
0.119515812647
0.121068238608
0.122732997258
0.12450276112
0.126370357256
0.12832899294
0.130372512634
0.132495617016
0.134694148075
0.136965161034
0.139306962045
0.141719302755
0.14420243341
0.146757542088
0.14938572148
0.152085874532
0.154859324514
0.157697816536
0.160600334475
0.163552226165
0.166548144676
0.16956560447
0.172598393932
0.175616689493
0.178617031565
0.181582066674
0.184488324591
0.187344681619
0.190123241075
0.192810752083
0.195403519482
0.197888276833
0.200253992249
0.202484847707
0.20455598489
0.206413900153
0.208037417057
0.209164793648
0.210042032927
0.164587314447
0.163638139918
0.162349714541
0.16047269022
0.158302227411
0.155865458844
0.153273063409
0.150585452615
0.147856090223
0.145123179648
0.14241560278
0.139755081092
0.13715837911
0.134638765287
0.132207032466
0.129872201418
0.127642024135
0.125523355229
0.123522427395
0.121645047767
0.119896724145
0.118282729063
0.116808111286
0.115477665553
0.114295871274
0.113266813295
0.112394104733
0.111680824431
0.111129424
0.11074150214
0.110517578876
0.110457771564
0.110564283542
0.110841488776
0.111285591799
0.111887313834
0.112643012103
0.113547842076
0.114596374519
0.115782627529
0.117100137402
0.118542026247
0.120101080798
0.121769856021
0.1235408137
0.125406505832
0.12735981658
0.129394298154
0.131504353089
0.133685699468
0.135935435431
0.138251927052
0.140635709527
0.143087477385
0.145609430139
0.148204559907
0.150871243873
0.153615524565
0.15642645677
0.15930776911
0.162242402734
0.1652282507
0.168240938239
0.171279635438
0.174317423176
0.177352373608
0.180384302988
0.183370024785
0.186314301359
0.189203791065
0.192030791467
0.194791718933
0.197479939499
0.200087148594
0.202598190002
0.204984536186
0.207188265914
0.209152302776
0.210593665431
0.211776245329
0.160545525241
0.159681345093
0.158484602731
0.15672499224
0.154685754828
0.152384215873
0.149930181015
0.147380080009
0.144786652604
0.142187307598
0.139610655433
0.137078147563
0.134606210342
0.132207650479
0.129892704544
0.127669803472
0.125546145708
0.123528128098
0.121621660991
0.119832382095
0.118165780756
0.11662724584
0.115222052646
0.113955304428
0.112831842615
0.111856143448
0.111032227625
0.110363584644
0.109853018189
0.109502328886
0.109312281859
0.109283939882
0.10942068885
0.109725136254
0.110193853497
0.110817467773
0.111592538715
0.112514298571
0.113577367526
0.114775804737
0.116103173765
0.117552596875
0.119116814844
0.120788274066
0.122559251661
0.124422038579
0.126369153783
0.128393864965
0.130490173803
0.132653603794
0.134881322255
0.137171385253
0.139525320945
0.141943998379
0.144430257058
0.146989808475
0.14961885124
0.152329564488
0.155106823467
0.157958353339
0.160865613281
0.163829330356
0.166829007079
0.169865037773
0.172934202595
0.175998002565
0.179062110828
0.182106454694
0.185127005246
0.188118222596
0.191077885605
0.194007290482
0.19690743038
0.199776680507
0.202604868408
0.205364640873
0.20799640014
0.210410354527
0.212325988351
0.213973884604
0.156573168139
0.155788513011
0.15468074133
0.153039339195
0.151133173656
0.148970606788
0.146659374117
0.144251175348
0.141797463313
0.139334390869
0.136890061701
0.134485558004
0.132136995591
0.1298568379
0.12765494893
0.125539393452
0.123517057566
0.121594119501
0.119776388379
0.118069523751
0.116479150478
0.115010887261
0.113670309674
0.112462867345
0.111393771424
0.110467873202
0.109689568674
0.109062721691
0.108590438715
0.108274583163
0.108115969898
0.108117151668
0.108284685942
0.108615946884
0.109106137158
0.109749501161
0.110541939656
0.11147861401
0.112554143205
0.113762625978
0.115097674859
0.116552449672
0.118119689324
0.119791779478
0.121560847122
0.123418976693
0.125358245398
0.127371714993
0.129452867595
0.131596917349
0.133801308359
0.136063200999
0.13838547252
0.140768991303
0.14321651977
0.145737433261
0.148323849015
0.150994396716
0.15372967924
0.156539557622
0.159410371206
0.162341947999
0.165336700801
0.168358394982
0.171414719572
0.174484840202
0.177562634598
0.180637972338
0.183707526294
0.186771621789
0.189834870562
0.192906189813
0.195996273868
0.199113982637
0.202258908501
0.205410983931
0.208513247516
0.211447792029
0.213938826362
0.21606873349
0.15271753474
0.152006126493
0.150982820917
0.149456828649
0.147681235567
0.145656552615
0.143487661626
0.141221162865
0.138906863894
0.136579301908
0.134265855873
0.131987102577
0.129758813931
0.127593159256
0.125499746054
0.123486434407
0.121559983294
0.119726541018
0.117991990687
0.116362162875
0.114842933421
0.113440229598
0.112159970258
0.111007962862
0.10998977479
0.109110601132
0.108375167727
0.107787654055
0.107351414443
0.107068381228
0.106939484716
0.106968417476
0.107163373958
0.107519504882
0.10803007161
0.108691379253
0.109499118336
0.110448450513
0.111534022025
0.112749992291
0.114090048112
0.115547426571
0.117114907549
0.118784877972
0.120549334483
0.122400291718
0.124329217329
0.126329146796
0.128392926321
0.130515230298
0.132694280996
0.134925568795
0.137213696308
0.139559539551
0.141964612999
0.144442448928
0.146979617757
0.149599971743
0.152286503308
0.155043691772
0.157884370657
0.160771702405
0.163719994896
0.166708849562
0.169731514984
0.172775316918
0.175832518833
0.178897447914
0.181969664166
0.185054385511
0.188162894134
0.191312494592
0.194524610996
0.197820704408
0.201213098391
0.204693286142
0.208203227866
0.211574537801
0.214521931414
0.216988869352
0.149013732689
0.148368980254
0.147424563757
0.146008804419
0.144358379478
0.14246716022
0.140436682088
0.138308348653
0.136130121096
0.133934661743
0.131748450569
0.129591425744
0.127478962128
0.125422949981
0.123432814921
0.121516328234
0.119680259158
0.117930865677
0.11627423052
0.11471645526
0.113263734437
0.111922337808
0.110698530338
0.109598455195
0.108627998245
0.107792656073
0.10709744133
0.106546797187
0.10614429638
0.105892073017
0.105791445421
0.105846806063
0.106066167298
0.106444680755
0.106974154879
0.107651424899
0.108472221285
0.109431738792
0.110524666391
0.111745241358
0.113087239079
0.114544013276
0.116108410012
0.11777290925
0.119529325038
0.121369893202
0.123285138289
0.1252683652
0.127311744928
0.129409000078
0.131559924551
0.133757519453
0.136008130073
0.138312801011
0.140670170018
0.143097901017
0.145581036012
0.148138201023
0.150783375202
0.153479969268
0.156253138376
0.159084035092
0.161968794282
0.164894657688
0.167851441239
0.170828580819
0.173818343017
0.176816682238
0.179825027011
0.182851528982
0.185911888304
0.189029571137
0.192234340709
0.195557737348
0.199021483411
0.202622139535
0.206260941602
0.209677577945
0.213110500049
0.217022471615
0.145487119824
0.144902461567
0.144030816698
0.142718645127
0.14118615715
0.139421789717
0.137523445811
0.135527426238
0.133479762799
0.131411075431
0.129346824905
0.127306201424
0.125304133131
0.123352232679
0.121459792443
0.119634575182
0.117883455128
0.116212892274
0.114629245261
0.113138937926
0.111748506069
0.110464557159
0.109293675467
0.108242298665
0.107316584825
0.106522291778
0.105864689043
0.1053484467
0.104977318725
0.104753739269
0.104679695022
0.104760104058
0.105001750409
0.105400449325
0.105946773754
0.106637790378
0.107469231135
0.108436297765
0.109533704362
0.110755778116
0.112096373525
0.113549011038
0.115106575989
0.116761804618
0.1185060992
0.120332450636
0.122229910782
0.124192433209
0.126211676267
0.128279785575
0.130398903388
0.132558825858
0.134766965455
0.137025125386
0.139329376603
0.141696108119
0.144133355032
0.146624683543
0.149192818339
0.15182311817
0.154518218642
0.157268084554
0.160063860899
0.16289367415
0.165745568688
0.168608253162
0.171472845562
0.174334321025
0.17719302795
0.180056023279
0.182938062488
0.185861967038
0.18885736639
0.191955487092
0.195173610899
0.198483304529
0.201653605561
0.204654725817
0.208224932846
0.214293693472
0.142155421602
0.141624537893
0.140819374713
0.139603338666
0.138180519675
0.136535054288
0.134761074049
0.132890000901
0.130965940927
0.129017383226
0.127068703396
0.12513826627
0.123240517842
0.121386791255
0.11958627665
0.117846779084
0.116175334482
0.114578654061
0.113063404221
0.111636340379
0.110304326233
0.109074275063
0.107953047071
0.106947327225
0.106063501667
0.105307557111
0.104685007494
0.10420073387
0.103858592534
0.10366128031
0.103611839113
0.103716088528
0.103978071209
0.104394759905
0.104955710409
0.105658121863
0.106497681747
0.10746955939
0.108568444975
0.109788785109
0.111124458228
0.112569244673
0.114115924056
0.11575779751
0.117485340948
0.119293128081
0.121168146334
0.123105287448
0.125096069491
0.127130152299
0.129212469828
0.13132934661
0.133488511858
0.135693149331
0.137947073617
0.140253093113
0.142616179321
0.145038293952
0.147524751177
0.150069609083
0.152668865166
0.155313241773
0.157991168776
0.16068897085
0.163392206201
0.166086880145
0.168760784709
0.17140473338
0.174013624401
0.176587193439
0.179130237943
0.181651930587
0.184163270616
0.186670292965
0.18915684071
0.191537083831
0.193448850886
0.194534725866
0.194859848197
0.198397272385
0.13903048561
0.138547418952
0.137802518477
0.136674825452
0.135352935496
0.133817710706
0.132159477001
0.130405084962
0.128596780094
0.126760897052
0.124920708763
0.123093709317
0.121293844285
0.11953216594
0.117817779894
0.116158559384
0.114561725858
0.113034254129
0.11158311354
0.110215367692
0.108938168839
0.107758686416
0.10668400352
0.105721002264
0.104876253221
0.104155939144
0.103565806546
0.103110938297
0.10279517864
0.102621330174
0.102594183207
0.10272216482
0.103003345984
0.103435037979
0.104008145293
0.104719469811
0.105564541458
0.106538446584
0.1076357388
0.108851071681
0.110178194824
0.11161133996
0.113142840342
0.114767104558
0.116472924995
0.118257432079
0.120105197971
0.122011808635
0.123969054791
0.1259629177
0.128001293633
0.130070240022
0.132176378447
0.134329902195
0.13651654212
0.138752644595
0.141039992687
0.143379914671
0.145773409621
0.148215711893
0.150699438385
0.1532132529
0.155742660805
0.158270802527
0.160779461976
0.163250094566
0.165664740431
0.168006644817
0.170260378916
0.17241115744
0.174442824884
0.176333509616
0.178046830478
0.179513841422
0.180594321384
0.180979323099
0.180003278024
0.175103733502
0.158907038119
0.103592408755
0.136119684565
0.135678899905
0.134988270316
0.133941109594
0.132711330747
0.131277422768
0.129725946798
0.128079538399
0.126378689299
0.124647606661
0.122908483069
0.12117792429
0.119469372995
0.117793600471
0.116159634713
0.11457542238
0.113048367569
0.111585692297
0.110194637106
0.108882528395
0.107656752533
0.10652467759
0.105493554996
0.104570417567
0.103761985144
0.10307461229
0.102514264221
0.102086223989
0.101794320776
0.101641468632
0.1016344789
0.101784938501
0.102084418709
0.102527719019
0.103110467608
0.103828238597
0.104676199929
0.105649378477
0.106741960562
0.107949021847
0.109263865259
0.110681534932
0.112193406482
0.113795750822
0.115475002431
0.117231383097
0.119047028104
0.120916961704
0.122833909245
0.124781619262
0.126766767596
0.12879197422
0.130837825421
0.132922805714
0.135042067223
0.137201624784
0.139404214109
0.14165032909
0.143938087665
0.146261074358
0.148608859186
0.1509669152
0.153317075631
0.155638266379
0.157907290804
0.160099492571
0.162189087631
0.164148907732
0.165949198526
0.167554906879
0.168920458732
0.169980142014
0.170630307086
0.170695439083
0.16986058493
0.16752837966
0.162532950166
0.152104082026
0.127952120153
0.0768839061666
0.133427021716
0.1330234276
0.132381399041
0.131407157094
0.130260859933
0.128919396449
0.127465657945
0.125918444524
0.124316627397
0.122682350561
0.121036779044
0.119395634521
0.117771866982
0.116175967326
0.11461688419
0.113102626913
0.111640759773
0.110238716048
0.108903959561
0.107644023693
0.106466470819
0.10537881283
0.104388422151
0.103502445453
0.10272772821
0.102070781146
0.101537757097
0.10113411192
0.100863830654
0.100730339235
0.100741645792
0.100908695777
0.101223391109
0.101677781271
0.102268344512
0.102990339117
0.103838585091
0.104808349695
0.10589302454
0.107088537977
0.108387288775
0.109785678396
0.111273685015
0.112849963085
0.114498251534
0.116221192785
0.117998706797
0.119823957682
0.121691150977
0.123593934821
0.125524708234
0.127485615733
0.129470808904
0.131484764222
0.133527797089
0.13560289704
0.137711610459
0.139852695819
0.14202147628
0.144208733628
0.146400596124
0.148578678165
0.150720495671
0.152800049362
0.154788344381
0.156653619412
0.158361024475
0.159871411361
0.161138751875
0.162105410101
0.162693941024
0.162793036709
0.162233202299
0.160743858624
0.157875641661
0.152858330401
0.144330235889
0.129898599022
0.104491259435
0.0629654080874
0.130953992288
0.130582936962
0.129984212919
0.129075610325
0.128004525699
0.126746896546
0.125382078563
0.123925420613
0.122414321837
0.120868953297
0.119309527019
0.117750900499
0.116205550585
0.114683688358
0.113194174775
0.11174505954
0.11034403127
0.108998685938
0.107716652598
0.106505608287
0.105373226745
0.104327100091
0.103374659254
0.102523102856
0.101779345655
0.101150010666
0.100641391761
0.100259089264
0.100007497347
0.0998912476845
0.099919457267
0.100100425333
0.100427793412
0.100891313071
0.101487587382
0.102211543097
0.103057297771
0.104020941302
0.105094392069
0.106275091923
0.107554177314
0.108929832686
0.110390444599
0.111936517432
0.113548823879
0.115230110871
0.116961952719
0.118735911733
0.120554331985
0.122398492405
0.124270872228
0.126166692696
0.128082495913
0.130019540535
0.131978805397
0.133961507562
0.135967248649
0.137992437239
0.140029336256
0.142065308684
0.144082629803
0.146058670839
0.147966289332
0.14977426077
0.151447521199
0.15294696757
0.154228524641
0.155241102455
0.15592290479
0.156195250545
0.155952540447
0.155046084445
0.15325791246
0.150258112756
0.145534602194
0.138280198054
0.127201447502
0.110302832911
0.0840188695382
0.0476020526718
0.128700248134
0.128357500178
0.127797178465
0.126947349421
0.125943670229
0.124761659994
0.123477301898
0.122102869376
0.12067444513
0.119210333955
0.117729883874
0.11624711841
0.11477406722
0.113320661655
0.111895662148
0.110507128928
0.109162831083
0.107870471674
0.106637781574
0.105472513847
0.104382384141
0.103374994636
0.102457764398
0.101637875094
0.100922254348
0.100317617042
0.0998304022618
0.0994663085851
0.099230210646
0.0991287037766
0.0991726108015
0.0993652479146
0.0997034646941
0.100174099323
0.100773804437
0.101497390572
0.102337598171
0.103292364381
0.104351464223
0.105514421298
0.106771011102
0.108120743729
0.109550083445
0.11105915944
0.112629416803
0.114255636834
0.115943046977
0.117661306007
0.119421070561
0.12120725146
0.123014880945
0.124839785317
0.126679255691
0.128533098543
0.13040153087
0.132284093548
0.134178103261
0.136077166344
0.137970180516
0.139840757277
0.14166710975
0.143422277326
0.145074489467
0.14658746046
0.147920381366
0.149027355331
0.149855987629
0.150344765674
0.150418721118
0.149982621154
0.148910537565
0.14703002834
0.144098244419
0.139766149565
0.133525274865
0.124633657961
0.112004082671
0.0941622868387
0.0686166463714
0.036523517934
0.126664103448
0.126345825072
0.125819398482
0.125021929006
0.124078360697
0.12296422258
0.121752310101
0.120452179883
0.119098755742
0.117708591825
0.116300269928
0.11488701578
0.11348044212
0.112090200094
0.110724934385
0.109392682073
0.108101245506
0.106858377111
0.105671845381
0.104549411539
0.103498762686
0.102527438535
0.101642773583
0.1008518623
0.100161586443
0.0995787301097
0.0991098793243
0.098760697943
0.0985363848849
0.0984467310608
0.0985066110436
0.0987096506996
0.0990565606953
0.0995319555412
0.100132355278
0.100853165764
0.101684826951
0.102628250204
0.10367064993
0.10481323998
0.106044240573
0.107362162041
0.108753973155
0.110211709126
0.111739350333
0.113311619561
0.11494098058
0.116607231298
0.118305562562
0.120026302003
0.121762981689
0.123511145026
0.125268018035
0.127032433364
0.128803395203
0.130578569935
0.132352727019
0.134116370892
0.135854841578
0.137547904476
0.139169767212
0.140689367092
0.142070716367
0.143273082474
0.144250777414
0.144952324085
0.145318745109
0.145280665251
0.144753817747
0.143632384369
0.141779366951
0.139012893927
0.135087034741
0.129665637384
0.122287644314
0.11232754841
0.0989423413772
0.0811306285045
0.0572353073182
0.029386428852
0.124842913815
0.124545634736
0.124048978844
0.123297915821
0.122407689578
0.121354175342
0.120207182621
0.118973887246
0.117688210547
0.11636507494
0.115022398516
0.113672648146
0.11232705293
0.110994983059
0.109684951922
0.108404939213
0.107162734104
0.105966082975
0.104822731515
0.103740385863
0.102726638257
0.101788896022
0.100934339328
0.100169909726
0.0995023883601
0.098938596081
0.0984852452918
0.098147907939
0.0979321628752
0.0978519584679
0.0979274489089
0.0981414709279
0.0984929959044
0.0989703620789
0.0995686593188
0.10028470902
0.101105640931
0.102035512296
0.103058662114
0.104175316979
0.105374755054
0.106647095509
0.107997074229
0.109405298062
0.110878596087
0.112403387889
0.113974756555
0.11558054053
0.117212399477
0.118861736973
0.120521698855
0.122187490539
0.12385600905
0.125525185997
0.127192593148
0.128853805568
0.130500847902
0.132120971496
0.133695939039
0.135201814176
0.136609134778
0.137883277872
0.138984794453
0.139869497107
0.140488098301
0.140785206704
0.140697483421
0.140150732309
0.139055645292
0.137301847622
0.13474980227
0.131220082411
0.126479574455
0.1202246794
0.112062161808
0.101494162441
0.0878998972317
0.0706381038511
0.0486047708053
0.0242155446756
0.123233352327
0.122953956842
0.122483309758
0.12177314977
0.120930008365
0.119930365512
0.118841260784
0.117667799873
0.116443055515
0.115180436504
0.113897301888
0.112605399071
0.111315609135
0.11003702068
0.108778001805
0.107546442716
0.106350077272
0.105196596899
0.104093673133
0.103048905932
0.102069741301
0.101163401124
0.100336868277
0.0995969074999
0.0989502057477
0.0984036464146
0.0979640364098
0.0976369016182
0.0974287182454
0.0973563750542
0.0974384592576
0.0976598916914
0.0980170588433
0.0984954704665
0.0990898794238
0.0997995264951
0.1006072642
0.101517736342
0.102516053203
0.103592587046
0.104754085728
0.105982261017
0.107282624749
0.108646452483
0.110067951218
0.11153747403
0.113047116816
0.114586733903
0.116147068649
0.117719639239
0.119297527422
0.120875714057
0.122450665431
0.124019359641
0.125577781283
0.127119244624
0.128632919301
0.130102807374
0.131507272855
0.132819062188
0.134005644624
0.135029654105
0.135849212124
0.136417935583
0.136684464428
0.136591367233
0.136073293191
0.135054235629
0.133443759564
0.131132035826
0.127983539634
0.123829366205
0.118458352727
0.111607880248
0.102955827149
0.0921205620887
0.0786599984226
0.0621846457883
0.0419468260072
0.0203119810019
0.121831596309
0.121567351525
0.121119284118
0.120444948018
0.1196431106
0.118691054885
0.117653278669
0.11653310205
0.115362900404
0.114154683298
0.11292535608
0.111685984877
0.110447140432
0.109217629497
0.108005663729
0.106819015631
0.105665328156
0.104552198051
0.103487183457
0.102477743077
0.101531143268
0.100654374016
0.0998541822132
0.0991371197185
0.0985097405837
0.0979789472299
0.0975514222823
0.0972322046863
0.0970292188393
0.0969633051655
0.097048575804
0.097275119804
0.0976376947828
0.0981165683636
0.0987037658706
0.0994012847955
0.100190131125
0.101064802643
0.102031704201
0.103069464961
0.104186918689
0.105375619062
0.106630368765
0.107944040498
0.109309741252
0.110718876709
0.112162581355
0.113631104358
0.115115023171
0.116605895653
0.118096839775
0.11958269211
0.121059443627
0.122523035974
0.123967740457
0.125384505859
0.12675964739
0.128074088463
0.129303179192
0.130416961975
0.131380670128
0.132155227923
0.132697545508
0.132960445638
0.132892102168
0.132434903162
0.13152367298
0.130083202045
0.128025048584
0.12524360846
0.12161151977
0.116974626241
0.111147006246
0.103907223312
0.0949973328274
0.0841307949167
0.0709986982152
0.0553779169293
0.0367511501582
0.0172825409729
0.12063341963
0.12038212038
0.119953473005
0.119310269028
0.118544377122
0.117634046198
0.116641468671
0.115568438318
0.114446782203
0.113287219365
0.112106306815
0.110914465136
0.109721994334
0.108537419293
0.10736878746
0.106223729731
0.105109769653
0.104034379412
0.103004977592
0.102028865589
0.101113125215
0.100264463152
0.0994893593971
0.0987941323503
0.0981851784494
0.0976694921512
0.0972534943875
0.0969405661501
0.0967398775764
0.096683345695
0.0967702686859
0.0970015785468
0.0973636925354
0.0978379988247
0.0984085284318
0.0990770665474
0.0998413070652
0.100681737242
0.1016108653
0.102615841395
0.103693436662
0.104837627634
0.106042652041
0.10730184587
0.108607859841
0.109952193237
0.111325651518
0.112718545981
0.114121491125
0.115526161967
0.116925787957
0.118315110993
0.119689609208
0.121044096632
0.122371033255
0.123658975965
0.124891515968
0.126046844094
0.127097882004
0.128012783601
0.128755561248
0.129286606949
0.129562928761
0.129537980615
0.129161013534
0.128375913061
0.127119514466
0.125319411359
0.122891304192
0.119735987376
0.11573616432
0.110753448001
0.104626162446
0.0971690949017
0.088176508121
0.0774335164432
0.0647245780379
0.0499310088438
0.0326879030251
0.0149020229527
0.119634161718
0.119394572465
0.118982269115
0.118365848757
0.117630892472
0.116756785642
0.115803648288
0.114771984791
0.113693221064
0.112576887489
0.111439297958
0.110290259737
0.109139843476
0.107996291789
0.106867483178
0.105760886348
0.104683882543
0.103643797634
0.102647896452
0.101703326627
0.100817042268
0.0999953670315
0.0992444773608
0.0985704590924
0.0979794851609
0.0974789422128
0.0970746839821
0.0967674726479
0.096565823593
0.0965350381882
0.0966165175039
0.0968468592668
0.0971874120791
0.0976431442075
0.0981933682788
0.0988326882295
0.0995668389571
0.100381629627
0.101275540609
0.102241839277
0.103275587689
0.10437127338
0.105522900208
0.106723720024
0.107966133815
0.109241542664
0.110540598833
0.11185363475
0.113171397511
0.114485778475
0.115790189829
0.117079300414
0.118348022309
0.119589948425
0.120795668144
0.121951414234
0.123038328645
0.124032392249
0.124904866482
0.1256229955
0.126150708492
0.126449110202
0.126476617787
0.126188667852
0.125536967745
0.124468300075
0.122922915787
0.12083257746
0.118118349965
0.11468829236
0.110435293507
0.105235448846
0.0989475842768
0.0914149569017
0.0824702054288
0.0719476451083
0.0596923090344
0.0456457408925
0.0295458596925
0.0130335879064
0.118828184495
0.11860184217
0.118202010017
0.11760831764
0.116899536766
0.116056446752
0.115137292327
0.114141510825
0.113100271165
0.112022010387
0.110922904033
0.1098121741
0.108699704767
0.107593454629
0.106501130478
0.105430019223
0.104387338545
0.103380247744
0.102415848082
0.101501129253
0.100643142911
0.0998475882966
0.0991202701817
0.0984671375849
0.0978940941761
0.0974108044644
0.0970201520926
0.0967240579849
0.0965242421431
0.0964998477375
0.0965681597462
0.0967857663951
0.0971063513588
0.0975387400365
0.0980681581913
0.0986859759278
0.0993894690263
0.100171121009
0.101026413038
0.101949908694
0.102936244038
0.103979784928
0.105074363909
0.106213066016
0.107388081297
0.108590660094
0.109811362334
0.111040582458
0.112269287523
0.11348968088
0.11469541443
0.115881074032
0.117040928228
0.118167259469
0.119248781981
0.120269583622
0.121208784964
0.122040847316
0.122736293114
0.123262549256
0.123584657869
0.123665676058
0.12346666868
0.1229462641
0.122059787078
0.120758011012
0.118985592864
0.11667927688
0.113765984775
0.110160960453
0.105766211277
0.100469623869
0.094145291308
0.0866559573766
0.0778585250465
0.0676158563667
0.0558063594032
0.0423986064316
0.0271986836509
0.0115961455863
0.11821137257
0.118000197289
0.117608623442
0.117034221626
0.116347047248
0.11553000531
0.114639600961
0.113674440169
0.112665571771
0.11162043271
0.11055516285
0.1094784234
0.10839995567
0.107327430367
0.106268380343
0.105229889388
0.104218987242
0.10324263689
0.102307769726
0.101421179064
0.100591062856
0.0998213118545
0.0991170889356
0.0984845397797
0.0979281362975
0.0974564833759
0.0970750121128
0.0967896267024
0.096597696438
0.0965339165256
0.0966147558435
0.0968257292991
0.0971360069081
0.0975460987483
0.0980496533759
0.0986386874096
0.0993081651394
0.100052194513
0.100865449635
0.101742541628
0.102677946153
0.103665840953
0.104699857837
0.105772868099
0.106876844317
0.10800287879
0.109141484407
0.110283186403
0.111419264587
0.112542319283
0.113646272512
0.114725578607
0.115773759569
0.11678171412
0.117736351409
0.118619920867
0.119410103592
0.120080679527
0.120602465694
0.120944221647
0.121073292437
0.120955857561
0.12055674017
0.11983878908
0.118761879032
0.117281592213
0.115347656359
0.112902229148
0.109878139148
0.106197229036
0.101768997446
0.0964898542002
0.090243414503
0.0829026630051
0.0743349098015
0.0644121266439
0.0530219583839
0.0401314700005
0.0255866386262
0.010548500696
0.117781543616
0.11758399414
0.11719880205
0.116640249515
0.115970073754
0.115174233199
0.114307467356
0.113367829899
0.112386349249
0.11136956194
0.110333660914
0.109286770397
0.108238530295
0.107196319201
0.106167494479
0.105158913616
0.104177387076
0.103229609999
0.102322253602
0.101461289115
0.100654266052
0.0999063302325
0.0992225435418
0.0986082566313
0.0980668575172
0.0976041525037
0.097231239343
0.0969545834311
0.0967772618642
0.0967127598084
0.0967905214292
0.0969857342294
0.097276442166
0.0976610722121
0.0981350235264
0.0986910631023
0.0993233229087
0.100026157703
0.100794035493
0.101621423151
0.102502623658
0.10343159621
0.10440173491
0.105405666873
0.106435140221
0.107481102586
0.108534072357
0.109584788933
0.110624939739
0.111647587889
0.112646916689
0.113617155152
0.114550955682
0.115437794715
0.116262942973
0.117007256285
0.117647703021
0.118158336294
0.118511364254
0.118678026924
0.118629095742
0.118334920829
0.117765030461
0.116887331172
0.115666974869
0.114064964298
0.112036569235
0.109529627184
0.106482805152
0.102823910923
0.0984683612879
0.0933180138951
0.0872606194139
0.080170692355
0.0719125889122
0.0623481492559
0.0513497483149
0.0388512162731
0.0247103195806
0.0098816045776
0.117534122439
0.117346679431
0.116967354226
0.116422389977
0.115765715869
0.114986857157
0.114138750475
0.113219454585
0.112260075236
0.111266483529
0.110255011476
0.109233312203
0.108210953034
0.107195010063
0.106192643074
0.105210444191
0.104254969144
0.10333258705
0.102449696952
0.101611686979
0.100824421268
0.100095869504
0.0994313490182
0.098835186862
0.0983112248258
0.0978645149393
0.0975053722632
0.0972393856061
0.0970738055175
0.0970103585547
0.0970784541964
0.0972550567685
0.0975233002732
0.0978804606321
0.0983222696513
0.0988422623888
0.099434453383
0.100093174974
0.100812780249
0.101587563942
0.1024116252
0.103278682736
0.104181868581
0.105113547726
0.106065245298
0.1070277931
0.107991780429
0.108948253602
0.109889396238
0.110808768638
0.111700754472
0.112559215503
0.113375804923
0.114138597866
0.114831510877
0.115434592305
0.115924948546
0.11627793489
0.116468254723
0.116470715176
0.116260517738
0.115813070217
0.115103370391
0.114105036693
0.112789062832
0.111122364977
0.109066177905
0.106574340139
0.103591485351
0.100051135342
0.0958736677027
0.0909642040786
0.0852104366135
0.0784811797847
0.0706258543314
0.061477779517
0.0508671331018
0.0386499984413
0.0246573467933
0.00963293943034
0.117462690221
0.117282096115
0.116906693213
0.11637331717
0.115727095181
0.114961415616
0.11412742465
0.113223675452
0.112281373882
0.111306028278
0.110314149221
0.109313045131
0.108312235338
0.107318526916
0.106338887524
0.105379652946
0.104447150213
0.103547485449
0.102686892603
0.101870922836
0.101105097762
0.100397055042
0.099751868383
0.0991739185723
0.0986675894806
0.0982374271524
0.0978916491235
0.0976342277383
0.0974771691664
0.0974161038853
0.0974730523655
0.0976291423798
0.0978727005047
0.0982005783535
0.0986084274309
0.0990902945165
0.099640276284
0.100252643355
0.100921637995
0.101641384689
0.102405765529
0.103208244351
0.10404167682
0.104898159094
0.105769006367
0.106644978239
0.107516813231
0.108375960823
0.109215171376
0.11002848984
0.110810375627
0.111554137198
0.112250315165
0.112885692824
0.113443250589
0.11390294874
0.114242973978
0.114441037039
0.11447539042
0.114325378534
0.113971472489
0.113394836254
0.112576512483
0.11149632037
0.110131544011
0.108455469008
0.106435797974
0.104032936187
0.101198081095
0.0978709795021
0.0939771345899
0.0894242644328
0.0840976892779
0.0778554018666
0.0705219535542
0.0618866371715
0.0517107806857
0.0397205670031
0.0256709036984
0.00995630915902
0.117561646207
0.117385541538
0.117011196049
0.116485558479
0.115845947753
0.115089759581
0.114265987338
0.113373997977
0.112444846263
0.111483932175
0.110507860283
0.10952372434
0.108540996785
0.107566279387
0.106606375861
0.105667405184
0.104755500496
0.103876569468
0.10303665857
0.102241444747
0.101496306862
0.100808084609
0.100181576378
0.0996211378817
0.0991311648543
0.098715705896
0.0983813029746
0.0981307144229
0.0979778504268
0.0979212407766
0.0979662532066
0.0981010375439
0.0983190560274
0.0986169048756
0.0989899564929
0.0994325705785
0.0999389838909
0.100503435542
0.101120067891
0.101782843086
0.102485423759
0.103221011614
0.103982179654
0.104760758405
0.105547878139
0.106334283672
0.107110950866
0.107869823339
0.108604255235
0.109308699074
0.109977493997
0.110603179316
0.111175118123
0.111679029151
0.112097515766
0.112411282457
0.112600587156
0.112646518393
0.112531824854
0.112241193459
0.111761006038
0.111078675123
0.110181674418
0.109056364048
0.107686684507
0.106052762237
0.104129427252
0.101884577437
0.0992772247416
0.0962549267249
0.0927501349182
0.0886748772142
0.0839128489619
0.0783091347824
0.0716548200057
0.0636776871122
0.0540329465984
0.0422735790265
0.0280705658173
0.0110958638787
0.117826567451
0.117653302809
0.117277440408
0.116755605542
0.116118616232
0.115368015779
0.114550454225
0.113666400483
0.112746522964
0.111796332328
0.110832426764
0.109861802524
0.108893874355
0.10793509742
0.106992130105
0.106070903155
0.105177358122
0.104317211685
0.103496250082
0.102720039423
0.101993752877
0.101323657968
0.100714411622
0.100170191446
0.0996951360528
0.0992929337967
0.0989688582607
0.0987256785888
0.0985727035908
0.098515586651
0.098548878014
0.0986638675827
0.0988570543291
0.0991251334921
0.099463377231
0.0998663894887
0.100328569985
0.100844166682
0.101407238922
0.102011592311
0.102650668462
0.103317401901
0.104004080911
0.1047022809
0.105402982774
0.106096985408
0.106775594022
0.107431319481
0.108058103863
0.108650647768
0.109202903134
0.10970642212
0.110149413361
0.110516900699
0.110791805549
0.110956489039
0.110994269428
0.110890548048
0.110633358571
0.110213331506
0.109623178143
0.10885683638
0.107908409281
0.106770996528
0.105435485389
0.103889329797
0.102115290032
0.100090015469
0.0977822176609
0.0951499950993
0.0921366054678
0.0886636616304
0.0846199498955
0.0798444054778
0.0740961659674
0.0670242797647
0.0580998100413
0.0465906456383
0.0319538656433
0.0127664021965
0.118253734782
0.11808207449
0.117702477187
0.117180922401
0.116542765768
0.115793742704
0.114978180491
0.114097954129
0.113183207222
0.112239780711
0.111284191536
0.110323450089
0.109366898911
0.10842089289
0.107491947876
0.106585817983
0.105708235997
0.104864709825
0.104060736602
0.10330165846
0.102592412201
0.101938755553
0.101345204367
0.100815720297
0.100354093046
0.0999636541885
0.0996484775749
0.0994113297044
0.0992572682542
0.0991960796539
0.0992175200298
0.0993139424783
0.0994831383913
0.0997219767554
0.100025773991
0.100389310141
0.100807107245
0.101273418756
0.101782215234
0.102327135244
0.102901387762
0.103497630326
0.104107864158
0.104723424415
0.105335186499
0.105934079689
0.106511825491
0.107061540228
0.1075776622
0.108054883557
0.108486445144
0.108862734222
0.109170958256
0.109395972609
0.109521828823
0.109533494082
0.109418279653
0.109166693799
0.108772642696
0.108233069635
0.107547198819
0.106715552308
0.105738874111
0.104617055931
0.103348123485
0.101927300346
0.10034609954
0.0985912883632
0.0966434249998
0.0944744740348
0.092043732075
0.0892908896388
0.0861240111416
0.0823994678264
0.0778820436585
0.0721880241783
0.0646067137552
0.0539781756381
0.0385652573615
0.0145301975796
0.118839779646
0.118668695253
0.118283225164
0.117758593052
0.117115561788
0.116364041875
0.115546163724
0.11466548329
0.113751551048
0.112810750184
0.111859468387
0.110904835785
0.109956111076
0.10901958739
0.108101634809
0.107207836007
0.1063436995
0.105514505979
0.104725459889
0.103981631931
0.103287695284
0.102648874287
0.102069454584
0.101553135428
0.101103298531
0.100722888439
0.100415035
0.10018379578
0.100028015546
0.0999607018493
0.0999698681656
0.100048474834
0.100194472191
0.100404730925
0.100674672289
0.100999191143
0.101372854243
0.101789872799
0.102244093106
0.102728955594
0.103237410737
0.103761820781
0.104293894388
0.104824743554
0.105345187914
0.105846365424
0.106320483171
0.106761244242
0.10716339044
0.107521246101
0.107826993287
0.108069772292
0.108236110576
0.108311377639
0.108281651504
0.108135441076
0.107864872123
0.107466166162
0.10693945654
0.10628812195
0.105517846421
0.104635582378
0.103648542737
0.10256330677
0.101385090627
0.100117187685
0.0987605080536
0.0973130381644
0.0957689138402
0.0941166671345
0.0923360450558
0.0903925682402
0.0882283146892
0.085746980686
0.082783901763
0.0790646549824
0.0740280306106
0.066718054534
0.0540420479964
0.0260065688023
0.119581557559
0.119410128842
0.119016583545
0.118485493284
0.117833817128
0.117075623179
0.116251028774
0.115365495908
0.114447960129
0.113505536611
0.112554457789
0.111602068738
0.110657538786
0.109727132471
0.108817071264
0.107932769331
0.107079500091
0.106262298063
0.105486067411
0.104755569346
0.104075179994
0.103449580143
0.102882731167
0.102377997754
0.101938264197
0.101565867556
0.101261954157
0.101035919192
0.100883349478
0.100809139972
0.100804823206
0.100865482961
0.10098872419
0.101171080093
0.101407943491
0.101694191586
0.102024316223
0.102392401816
0.102792108763
0.103216629956
0.103658618042
0.104110112675
0.104562520384
0.105006748251
0.105433613105
0.105834534095
0.106202238609
0.106530913524
0.106815286506
0.107048863007
0.107222451128
0.107324019881
0.107339930457
0.107256887498
0.107063931715
0.106753980821
0.106324634003
0.105778207517
0.105121165555
0.104363197522
0.103516168521
0.10259310963
0.101607356598
0.10057190893
0.0994990492285
0.0984002085613
0.0972859760261
0.0961660459846
0.0950488099056
0.0939402594095
0.0928418654978
0.0917471293913
0.0906363927871
0.0894700271424
0.0881770693697
0.0866541239778
0.0847073603579
0.0822976554754
0.0787652944519
0.0768869735708
0.120476115467
0.120303490263
0.119899569389
0.119358561319
0.118694346877
0.117925160798
0.117089334589
0.116194418943
0.115268753546
0.114320348811
0.11336527653
0.112411178871
0.111467137382
0.110539415389
0.109634084557
0.108756390609
0.10791136269
0.107103769342
0.106338201209
0.105619079045
0.104950452119
0.104336471905
0.103780717582
0.103286192797
0.102855347602
0.102490128922
0.102191010845
0.101965837537
0.101814776907
0.101734172747
0.101717380427
0.101761189409
0.101862897303
0.102018628457
0.102223655474
0.102472763749
0.102760299531
0.10308015203
0.103425731904
0.1037899267
0.104165042508
0.104542761422
0.10491417449
0.1052700028
0.105601113071
0.105899261713
0.106157674046
0.106370801034
0.106532897467
0.106636145065
0.10666977407
0.106620873202
0.106476348235
0.106225163559
0.105860245477
0.105379663268
0.104786941253
0.104090622235
0.103303350174
0.102440766163
0.101520434575
0.100560940198
0.0995812414037
0.0986003362417
0.0976372627811
0.096711382774
0.0958427928524
0.0950526120329
0.0943628601017
0.0937956922802
0.0933718708889
0.0931085187596
0.0930163239952
0.093096996454
0.0933403006229
0.0937327204375
0.0942300800407
0.0949696478538
0.0955493457836
0.0981306109544
0.121520653363
0.121346028897
0.120929324902
0.120374836321
0.119694039115
0.118909379895
0.118057665345
0.117148684624
0.116210239195
0.11525137205
0.114288009394
0.113328158698
0.112380822545
0.111452284063
0.110548465526
0.109674441487
0.108834988484
0.10803459105
0.107277512596
0.10656781219
0.105909188044
0.10530528443
0.104759263751
0.104273747923
0.103850789711
0.103491928308
0.103197434745
0.102972428432
0.102820529351
0.102733747068
0.102705690113
0.10273387964
0.102815370033
0.102945904263
0.103120540112
0.103333879281
0.103580041493
0.103852639101
0.104144753252
0.104448893645
0.10475695913
0.10506023082
0.105349467119
0.105615221965
0.105848459143
0.106041297034
0.106187349868
0.106280960763
0.106315314569
0.106280784233
0.106165022094
0.105954782175
0.105638403489
0.105208089111
0.104661501493
0.104002426396
0.103240522605
0.10239043043
0.101470578031
0.100501990107
0.0995072779971
0.0985099155918
0.0975338603851
0.096603559614
0.0957443311826
0.0949830052439
0.0943485872019
0.0938726281086
0.0935890179033
0.0935330441317
0.0937397250347
0.0942415864571
0.0950661294904
0.0962335120865
0.0977537717227
0.0996295492613
0.10182985048
0.10441182326
0.106891239111
0.110509083012
0.122712465665
0.12253507783
0.122103067097
0.121531405933
0.120829806644
0.120025015572
0.119152602724
0.118224718019
0.117268716466
0.116294785774
0.115318740629
0.114349007945
0.113394526812
0.112461614855
0.111556046886
0.11068272165
0.109846155708
0.109050534408
0.108299781076
0.107597578041
0.106947251014
0.106351954397
0.10581440626
0.10533681318
0.10492083526
0.104567609379
0.104277692862
0.104052839198
0.103899031186
0.103806307501
0.103768194364
0.103782169139
0.103844930313
0.103951867966
0.104097762434
0.104276938402
0.104483195935
0.104709775724
0.104949336189
0.105193924252
0.105434960677
0.105663275179
0.105869273817
0.106043361206
0.106176632081
0.10626153961
0.106291853019
0.106261250953
0.106161150633
0.105979762902
0.105703454681
0.105319454422
0.104818558513
0.104197181385
0.103458437627
0.102612168269
0.101674110145
0.100664614059
0.0996072751732
0.0985277596317
0.0974529422965
0.096410421178
0.0954284449988
0.0945362751226
0.0937649201764
0.093148032429
0.0927226161765
0.0925291690437
0.0926109878071
0.0930125583511
0.0937771142968
0.0949435344564
0.0965426918962
0.0985933087065
0.101096254031
0.104029021061
0.107318186866
0.110888057128
0.114192625681
0.117895932873
0.124048862621
0.123867984906
0.12341802577
0.122825349505
0.122098536704
0.121268768226
0.120370690685
0.119418913251
0.118440465009
0.117446765885
0.1164535693
0.1154697618
0.114504239736
0.113563363904
0.112652764537
0.111777158596
0.110940795912
0.110147549907
0.109400991802
0.108704415366
0.108060754862
0.107472685736
0.106942459071
0.106471822716
0.106062008241
0.105713571975
0.10542917491
0.105205737031
0.105049667057
0.104951197559
0.104904085558
0.104905246066
0.104950850161
0.105035932621
0.105154932057
0.10530178618
0.105469860069
0.105651910462
0.105840066534
0.106025816786
0.106200024666
0.106353012857
0.10647481424
0.106555698577
0.106586900454
0.106561100297
0.106471815709
0.106311303299
0.106068504983
0.105729387779
0.10527967926
0.104708127786
0.104009085598
0.103184075704
0.102242183598
0.101199378595
0.100077143681
0.0989009116528
0.097698639021
0.0964997585369
0.0953345361858
0.0942338693076
0.0932295476069
0.0923549766731
0.0916462223428
0.0911430297945
0.0908893424228
0.0909329032745
0.0913237331976
0.0921115088651
0.0933419896085
0.0950526356969
0.0972673987923
0.0999904731601
0.103197932327
0.106827533428
0.110754107542
0.114798876586
0.11845985434
0.122052749856
0.125527076287
0.125342026655
0.124871368274
0.124253674668
0.123497039111
0.12263726034
0.121708401571
0.120727609052
0.119721729987
0.118703480306
0.117688614805
0.116686506249
0.115706032158
0.114753599406
0.113834696445
0.112953851271
0.112115040382
0.111321814491
0.110577382092
0.1098846395
0.109246115216
0.108664014249
0.108140105284
0.107675622013
0.107271231844
0.106926196509
0.106646681018
0.106428621669
0.106271311101
0.106167585115
0.106112471218
0.106102279662
0.106132517002
0.106197768118
0.106292017473
0.106408687712
0.106540582714
0.106679855352
0.106817992976
0.106945824254
0.107053570956
0.107130990362
0.10716772141
0.107153905193
0.107080883142
0.106941335215
0.106727893042
0.10643045609
0.106034928836
0.105525364464
0.104887862649
0.104113913166
0.10320252174
0.102161066135
0.101004865093
0.0997557961905
0.098440486324
0.0970886093067
0.0957315295783
0.0944014834079
0.0931312073489
0.0919540508172
0.0909045924482
0.0900197313418
0.0893399895422
0.0889105035867
0.0887811131727
0.0890051552325
0.0896368921101
0.0907277379061
0.0923215006347
0.0944487641742
0.0971203206249
0.10031940181
0.103991912038
0.10803484858
0.112276015192
0.116474458595
0.120215667388
0.123477677444
0.127144136966
0.126954293869
0.126460097854
0.125813229513
0.125021972131
0.124126974052
0.123162085613
0.122147049995
0.121108694794
0.120061073169
0.119020011786
0.117995383069
0.116996070148
0.11602852323
0.115098090483
0.114209102492
0.113365255656
0.112569768833
0.111825479273
0.111134880411
0.110500088218
0.109922853913
0.109404486892
0.108945764482
0.10854694248
0.108206919915
0.107930082699
0.107716277544
0.107559319889
0.107452423244
0.107391394804
0.107372106096
0.107389410922
0.107437365988
0.107509419252
0.107598388285
0.107696412143
0.107794927942
0.10788466886
0.107955699192
0.10799751097
0.107999236456
0.107950099281
0.107840100682
0.107660589825
0.107403841965
0.107060689394
0.106617657999
0.10605741108
0.10536292818
0.104522010888
0.10353020364
0.102392176281
0.101121677538
0.0997402149851
0.0982750502851
0.0967571022928
0.0952192723265
0.0936952768768
0.0922191486786
0.0908251617839
0.0895482786594
0.0884251497874
0.087495591652
0.086804093945
0.0864006182754
0.0863400227145
0.0866798478636
0.0874766089096
0.0887809247375
0.0906317661047
0.0930499351213
0.0960306672325
0.0995351920087
0.103480706603
0.107729214159
0.112072927016
0.116241612835
0.119827591458
0.122335080043
0.128896717061
0.128701542255
0.128180917779
0.127500582377
0.126669738118
0.125734161531
0.12472789629
0.12367332681
0.122597435926
0.121515633789
0.120443892092
0.119392583581
0.118370619021
0.117384483592
0.116439384136
0.115539443981
0.114688072231
0.113888148032
0.11314213078
0.112452107809
0.111819779351
0.111246456456
0.110733007324
0.110279782309
0.109886614697
0.109552189409
0.109279071166
0.109069142118
0.108913700695
0.108805647113
0.108740925983
0.108714976946
0.108722011993
0.108755471932
0.108808165902
0.108872202789
0.108938942322
0.10899898311
0.109042181938
0.109057726125
0.109034284451
0.108960303287
0.108824565255
0.108616889076
0.10832843162
0.107950404466
0.107470628465
0.106871360575
0.106132407775
0.105237041813
0.104176316714
0.102951137799
0.101572667191
0.100061234224
0.09844414941
0.0967532385423
0.0950226465962
0.0932873653288
0.0915823519083
0.0899424261395
0.0884024813038
0.0869982845971
0.085767910925
0.0847536532102
0.0840036770397
0.0835724379007
0.0835192160702
0.0839047671426
0.084786516335
0.0862127905773
0.0882164073165
0.0908077117986
0.0939669759756
0.0976361346125
0.101709374484
0.106023985932
0.110353019675
0.114406193252
0.117718147171
0.120124511206
0.130780927835
0.13057999851
0.130030054762
0.129311865082
0.128436346584
0.127454726847
0.126401690633
0.125302294883
0.124183858996
0.123063149278
0.121956352528
0.120874329798
0.119826036049
0.1188179773
0.117855214411
0.116941652064
0.11608040433
0.11527400384
0.114524527184
0.113833653457
0.113202664319
0.112632436407
0.112123402604
0.111675503922
0.111288179127
0.110960237575
0.110691805131
0.110486364436
0.110333913407
0.110226999353
0.110161210814
0.110131414225
0.110131174987
0.110153262607
0.110189754536
0.11023194249
0.110270284077
0.110294407415
0.110293161754
0.110254737195
0.110166881067
0.110017292006
0.109794274053
0.109487370263
0.109087191544
0.108582871443
0.107957772747
0.10718942826
0.106255936204
0.105142665098
0.103845565855
0.102372095169
0.100740451335
0.0989773823153
0.0971152620178
0.0951893944813
0.0932359209014
0.091290718629
0.0893888641564
0.0875649897314
0.0858537207081
0.0842908666377
0.0829153884394
0.0817718249735
0.0809120168278
0.0803949077422
0.0802839654301
0.0806426366273
0.0815285793963
0.0829872857386
0.0850453908707
0.0877036997419
0.0909298723975
0.0946508581481
0.0987448251272
0.103036507154
0.107293034588
0.111198961633
0.114376957779
0.117211373967
0.132792067909
0.132585116544
0.132003035652
0.131242574694
0.130317241431
0.129284077414
0.128178903467
0.127029470428
0.125863615578
0.124699440469
0.123553407956
0.12243684241
0.121358751068
0.120325640594
0.119342416771
0.118412752702
0.117539459395
0.116724717628
0.115970218659
0.115277233509
0.114646624338
0.114078834527
0.113573854892
0.113131209085
0.112749828733
0.112430109179
0.112168414559
0.111968585117
0.11182071852
0.111717294158
0.111653195574
0.111622558012
0.111618280751
0.111632404871
0.111656168596
0.111679916129
0.111693061352
0.111684115796
0.11164077906
0.111550115022
0.111398846988
0.111173860798
0.110862919173
0.110455121577
0.109939940278
0.109302956259
0.108521614593
0.107569099813
0.106423745815
0.105075089767
0.103525583379
0.101790190456
0.0998943051657
0.0978705184452
0.0957551903012
0.0935858028249
0.091399160871
0.0892308145595
0.0871148689922
0.0850848604905
0.0831742931955
0.0814183149315
0.0798563999385
0.0785354163144
0.0775112777787
0.0768478126356
0.0766128360912
0.0768724074134
0.0776843059429
0.0790913789816
0.0811149516643
0.0837482008453
0.086949352152
0.0906345613933
0.0946710712638
0.0988783947112
0.10301538752
0.106748150456
0.110046173903
0.112841128316
0.134924308759
0.134711273441
0.134094409273
0.133287327351
0.132307087666
0.131216941873
0.13005439377
0.128849903361
0.127632000441
0.126420081022
0.125230929733
0.124076295572
0.122965234896
0.121904228365
0.120898012703
0.119950015215
0.119062736209
0.1182380018
0.117477119517
0.116780957616
0.116149963828
0.115584149968
0.115083038096
0.114645630575
0.114269725381
0.113958732775
0.113708200941
0.11351630082
0.113374957276
0.113277422474
0.113217894053
0.113189684371
0.113184948902
0.113194895368
0.113209788268
0.113218875997
0.113210374813
0.113171524623
0.113088724873
0.112947776259
0.112734272319
0.112434211085
0.112034707552
0.111524142436
0.110889877177
0.110111956497
0.109160878861
0.108007030069
0.106631566194
0.105030325492
0.103213690016
0.101204723219
0.0990357071041
0.096744078423
0.0943688147932
0.0919481333876
0.0895181366101
0.0871128868806
0.0847644894679
0.0825045683396
0.0803646732071
0.0783786630464
0.0765864115193
0.0750376582247
0.0737933068819
0.072922917563
0.0724991792223
0.0725910177935
0.0732565728839
0.0745366303615
0.0764485034971
0.0789801157699
0.0820839779358
0.085670349699
0.0896009327298
0.0936862707817
0.0976504565372
0.101398917981
0.104643848698
0.107163972787
0.137170317344
0.13695140006
0.13629740659
0.135439557884
0.134399512867
0.133247151459
0.132022261663
0.130758026431
0.129483829379
0.128220300223
0.126984570055
0.12578875904
0.124641955909
0.123550581897
0.122519185772
0.121550934113
0.120648010334
0.119811886973
0.11904349569
0.118343316667
0.11771140508
0.117147377963
0.116650359589
0.116218981252
0.115850676682
0.115547682914
0.115308632097
0.115127308591
0.114995637292
0.114907294549
0.114855942571
0.114834076433
0.114833026459
0.114843070776
0.114853387971
0.114851997694
0.1148257695
0.114760514076
0.114641172051
0.114452134967
0.114177757132
0.113803047664
0.113314304009
0.112698751004
0.111940072246
0.111010413807
0.109873387577
0.1084994258
0.106875419687
0.105005510756
0.102909126996
0.100617532855
0.0981690735678
0.0956046470939
0.0929642651959
0.0902853815258
0.0876020676447
0.0849458466815
0.0823458758839
0.079831163407
0.0774304569938
0.0751758181695
0.0731078189697
0.0712802661259
0.0697606038456
0.0686254183976
0.0679530525626
0.0678156746236
0.0682720666096
0.0693615212414
0.0710985231732
0.0734677718853
0.0764189286815
0.079860962529
0.0836629439885
0.0876483813314
0.0915065463092
0.0952833523942
0.0982574094502
0.100524161347
0.13952080361
0.139296537843
0.138603532285
0.137691159452
0.13658679935
0.135367382729
0.134075635635
0.132747481335
0.131413298969
0.130094871024
0.128809673688
0.12757012886
0.126385325675
0.125261585634
0.124203246305
0.123213198836
0.12229330627
0.121444693685
0.120667931491
0.119963134299
0.119329994701
0.118767774062
0.118275249945
0.11785070771
0.117491337687
0.117198234391
0.116971640899
0.116803179416
0.116684270894
0.116608565422
0.116569206283
0.116557869902
0.116564969637
0.116579738796
0.116590144695
0.116582834256
0.116543168723
0.116455357546
0.116302706251
0.116068038231
0.11573435057
0.115285507048
0.114706743129
0.113983412937
0.113093088701
0.11199776488
0.110656030836
0.10904226918
0.107151975435
0.104999311567
0.102613399148
0.100033208133
0.097301808387
0.0944618649913
0.0915527261815
0.0886096237915
0.0856633739646
0.082742065635
0.0798710395798
0.0770761172221
0.0743823216934
0.0718196190759
0.0694302329617
0.0672741213054
0.0654275263839
0.0639757081893
0.0630034767738
0.0625864322786
0.0627839606215
0.063634030811
0.0651490479957
0.0673120090404
0.0700711611776
0.0733330683218
0.0769612228386
0.0807443580975
0.0846371247486
0.0882686460855
0.0910086401669
0.0931169764552
0.141963999981
0.141735322342
0.141002084965
0.14003205969
0.138859524529
0.137568860937
0.136206431048
0.134810924071
0.133413831099
0.132037986256
0.130701179683
0.129416048773
0.128191635212
0.127034114062
0.125947585362
0.124934651901
0.123996857348
0.12313499194
0.122349286884
0.121639520683
0.121005058216
0.120444844511
0.119957357892
0.119540586878
0.119191576469
0.11891021758
0.118697914399
0.118544857852
0.118442017969
0.118382744558
0.118359563677
0.118363300765
0.118383377333
0.118407875416
0.118423425946
0.118415153592
0.118366739325
0.118260603822
0.118078219194
0.11780067016
0.117409458441
0.116887050035
0.116217307294
0.115382467946
0.114350488047
0.113072060036
0.111504862756
0.109631604707
0.107458912335
0.105012260515
0.102330482693
0.0994591075891
0.0964441404852
0.0933281273709
0.0901480574035
0.0869356180096
0.0837173015139
0.08051705883
0.0773556024922
0.0742551527623
0.0712359149701
0.0683258583291
0.0655708133891
0.0630401011875
0.0608216987366
0.0590113085416
0.0577007070393
0.056968545544
0.0568740792277
0.0574533623375
0.0587166756822
0.0606461561962
0.0631913671329
0.0662689748639
0.0697626103993
0.0733823393377
0.0771107369261
0.0805411255413
0.0831107056577
0.085106910056
0.144485071605
0.144253394963
0.143479606899
0.142449733285
0.14120614963
0.139841025634
0.138405083111
0.136939813798
0.13547790695
0.134043127527
0.132653517082
0.131321825564
0.130056984331
0.128864970339
0.127749618987
0.126713236006
0.125757053827
0.124881549584
0.124086647266
0.123371828282
0.122736172926
0.122178355855
0.121696613593
0.121288714484
0.120951937897
0.120684404687
0.120488591133
0.1203537274
0.120270468518
0.12023166667
0.120229110284
0.120252739113
0.120290926991
0.120330507598
0.120356647135
0.120352786558
0.120300739708
0.120180929687
0.119972768299
0.119655424275
0.119208714445
0.118613318385
0.117851365126
0.116899704548
0.115712266358
0.114229826169
0.112415306017
0.110263855306
0.107795249551
0.105046981933
0.102066848995
0.0989051623142
0.095608745884
0.0922180944016
0.088766263718
0.0852802937022
0.0817814706505
0.0782891124739
0.0748185006988
0.0713880333705
0.06801169282
0.0647162901803
0.0615546714304
0.0586100295648
0.0559854831204
0.0537886510353
0.052117980258
0.0510538016733
0.0506535137671
0.0509497868942
0.0519498820333
0.0536339606571
0.055949378436
0.0588147930386
0.0620923802738
0.065671821212
0.0691974063096
0.0724166267011
0.0748273602492
0.0767089922847
0.147065483184
0.146832760273
0.146019274193
0.144928657795
0.143612561884
0.142171163822
0.14066026058
0.139124192096
0.137596897345
0.136102933236
0.134660500073
0.133282342758
0.131977207292
0.130750818847
0.129606723868
0.128546930095
0.127572377708
0.126683265245
0.12587925503
0.12515958315
0.124523097257
0.12396824322
0.123493038697
0.123094872259
0.12277264625
0.122522220785
0.122345337025
0.12223147845
0.122171357515
0.122157158139
0.122179821929
0.122228375223
0.122290092758
0.122350459439
0.122393037723
0.122399406591
0.12234931097
0.122220941391
0.121991390981
0.121637737711
0.12113780621
0.120469962054
0.119614147093
0.118537733781
0.117176330039
0.115466112883
0.113382420314
0.110936129506
0.108161594862
0.105108249432
0.101831269535
0.0983834547294
0.0948101748018
0.0911480540202
0.0874248686499
0.0836621879674
0.0798753973361
0.0760788962185
0.0722816702904
0.0684983274721
0.0647347082673
0.0610186329924
0.0574153276097
0.0540276472804
0.050977255268
0.0483842440583
0.046352060972
0.0449599485532
0.0442604910544
0.0442806104432
0.0450234147525
0.0464676600779
0.0485659008252
0.0512562174721
0.0543023302454
0.0576426471705
0.0609782094924
0.0640535553247
0.0663501021313
0.0681291640919
0.149682347899
0.149451115675
0.148600249952
0.147449729744
0.146061583368
0.144544022193
0.142958571179
0.141352463109
0.139760899089
0.1382090741
0.136715229579
0.135291978117
0.133947798813
0.132688114345
0.131516165785
0.130433674492
0.129441322831
0.128539082632
0.127726418656
0.127002392688
0.126365690985
0.125814587698
0.125346900806
0.124959391972
0.124653187182
0.124423923771
0.124269019499
0.124179245269
0.124145873336
0.124160469577
0.124213106673
0.124291863005
0.124382845199
0.124470078814
0.124535376936
0.124558267482
0.124516219184
0.124384923525
0.124138870937
0.123752882555
0.123202248665
0.122462453823
0.121510397768
0.120297157371
0.118738153948
0.116774695973
0.114401181365
0.111646479096
0.108560256417
0.105202832436
0.101634389629
0.0979075932995
0.0940641290514
0.0901351969401
0.0861422528525
0.0821008812714
0.0780200289481
0.0739090876922
0.0697697311838
0.0656131534405
0.0614343444181
0.0572665694893
0.0531951830276
0.0493494270218
0.0458721018578
0.042894613659
0.0405218032296
0.0388274604281
0.0378551759692
0.0376227313475
0.0381261277632
0.0393392375116
0.0412206220666
0.0437123060369
0.0466008368713
0.0496955250261
0.0528128068795
0.0557285535978
0.0579090157267
0.0595848317032
0.152307822294
0.152081207191
0.151197043204
0.149989674306
0.148532472647
0.146941419864
0.145284276837
0.143611189896
0.141958590045
0.140352146585
0.138810009483
0.137344531196
0.135963844965
0.134673030761
0.133475022664
0.132371285759
0.131362299874
0.130447884375
0.129627394481
0.128899816275
0.12826378478
0.127717536839
0.127258876878
0.126884578959
0.126595211961
0.12638827757
0.12625838865
0.126196387448
0.126193821461
0.126241771508
0.126329489639
0.126444075173
0.126570409027
0.126690970082
0.126785698111
0.126831887597
0.126804534554
0.126676521169
0.126419448414
0.126005702792
0.125407101106
0.124595911569
0.123543789419
0.122175633369
0.120390728135
0.118148356229
0.115466726058
0.112394062103
0.10899516672
0.105339108953
0.101488086241
0.0974919297348
0.0933866546294
0.0891968723276
0.0849370171619
0.0806164770163
0.0762373218536
0.0718040216848
0.0673096732983
0.0627629008995
0.0581439863718
0.0534997519364
0.0489459353955
0.0446449982235
0.0407614887378
0.0374343461649
0.0347638393609
0.032812520988
0.0316102914064
0.0311628271247
0.0314564769359
0.0324565727006
0.0341243809889
0.036356430454
0.0390222087111
0.0419260170312
0.0448683811378
0.0476405679936
0.049712078572
0.0512859846801
0.154908621269
0.154690286099
0.153778939663
0.152520503934
0.15100046489
0.149341898539
0.147619047729
0.145884929055
0.144177119392
0.142521596354
0.140936286271
0.139433167218
0.138019963318
0.136701392584
0.135480104093
0.134357362452
0.133333526827
0.132408364854
0.131581235583
0.130851170548
0.130216878511
0.129676685634
0.129228483678
0.128869209089
0.128598799921
0.128415895364
0.128313782365
0.128283058457
0.128315278915
0.128401106102
0.128529030272
0.12868515661
0.128853092809
0.12901369517
0.129144919746
0.129221647058
0.129216222444
0.12909833607
0.128836465591
0.12840027831
0.127756641185
0.126874929038
0.125715944909
0.124167078338
0.122124784346
0.119579138118
0.116574532198
0.113179161768
0.10947158249
0.105526450323
0.101404654549
0.097150687581
0.0927933248439
0.0883498899245
0.0838274167393
0.0792291507977
0.0745498702125
0.0697893626204
0.0649305433015
0.059980922911
0.0549006384582
0.0497638274717
0.0447288496657
0.0399969258737
0.0357515046506
0.0321318162259
0.0292250697385
0.0270758113328
0.025695719008
0.0250769404186
0.0251966150231
0.0260178547287
0.0275172212712
0.0294960854787
0.031863677871
0.0345665073042
0.0373422475615
0.0399762451565
0.0419455144728
0.0434211407141
0.157445776431
0.15723977927
0.156309601536
0.155009111229
0.153436424763
0.151720470538
0.149941800239
0.148156135039
0.146402053847
0.144705685033
0.14308462046
0.141550382421
0.140110255424
0.138768610603
0.137527868394
0.136389182867
0.1353529076
0.13441889055
0.133586636359
0.132855367346
0.132224009615
0.13169111762
0.131254796729
0.130912272864
0.130662849078
0.130506027195
0.130434313439
0.130438169756
0.13050905609
0.130637220923
0.13081043526
0.13101381904
0.131229685244
0.131437217387
0.131612306268
0.131727254378
0.131751621941
0.131651419657
0.131391939351
0.130939490034
0.130254043916
0.129303347197
0.128024985151
0.12626129696
0.123929161883
0.121058526141
0.117720505205
0.114003015051
0.109995550247
0.105774415871
0.10139589391
0.0968970843557
0.0922984872796
0.0876099195652
0.0828308915929
0.0779587745681
0.0729805794128
0.0678917898432
0.0626631302036
0.0573031970251
0.0517445139075
0.0461105025683
0.0406147659503
0.0354995790345
0.0309593907007
0.0271225528084
0.0240525894793
0.021769282629
0.0202625326221
0.0195107031925
0.0194807101164
0.0201351416586
0.0214520048531
0.0232331417414
0.0253693612292
0.0278541257142
0.0304354949422
0.0329145826756
0.034777185999
0.036155417835
0.159874776157
0.159685312428
0.158746962132
0.157417117415
0.155806726987
0.154048559451
0.152228686943
0.15040517812
0.148617405728
0.146891514156
0.145244696342
0.14368799328
0.142228271862
0.140869621142
0.139614335857
0.13846359326
0.137417897203
0.136477345372
0.135641763174
0.134910738237
0.134283582861
0.133759239761
0.133336175198
0.13301203698
0.132785510079
0.132656825404
0.132617979826
0.132659464554
0.132772648471
0.132947381003
0.133170759594
0.133426953002
0.1336969915
0.133958373938
0.134184889346
0.13434613383
0.134408822558
0.134334657221
0.134086051173
0.13362445165
0.132901157267
0.13188374806
0.130463783983
0.128444180441
0.12579111685
0.122577527004
0.118900938005
0.114867420118
0.110573161436
0.106091826004
0.101472181585
0.0967425297388
0.0919146325636
0.0869910151172
0.081963694688
0.0768246026426
0.0715523662873
0.0661386821371
0.060539652737
0.0547679588312
0.048718649705
0.0425976614541
0.0366837071501
0.0312568609459
0.0265082254682
0.0225404162734
0.0193816401887
0.0170221511914
0.0154298099857
0.0145729123918
0.0144083373107
0.0148978004292
0.016004540061
0.0175679371978
0.0195302072267
0.0218366093701
0.0242410347845
0.0265731071048
0.0283346627602
0.0296213054736
0.162146271308
0.161977255809
0.16104356155
0.159701140351
0.1580735355
0.156294274142
0.154453335325
0.152610534476
0.150805773698
0.149065119485
0.147405373229
0.145837147638
0.144366985542
0.142998823609
0.141734992754
0.140576880896
0.139525346833
0.138580951028
0.137744052959
0.137014812507
0.136393123842
0.135878499071
0.135469930023
0.135165635026
0.13496371089
0.134864991046
0.134861193425
0.134942994115
0.135101718833
0.135326854272
0.135604880847
0.135919075677
0.136249240136
0.136571232639
0.136856772664
0.137072688964
0.137182905234
0.137144017535
0.136916520682
0.13645376552
0.135698486938
0.13461621549
0.133018521898
0.130698302419
0.127696438374
0.124126673903
0.12011230541
0.11577412224
0.111209656774
0.106485806021
0.101641627537
0.0966959681092
0.0916519171035
0.0865052625882
0.0812405978503
0.0758449942725
0.0702878624553
0.0645577893735
0.0585934556687
0.0524153136293
0.0458686222188
0.0392895321458
0.0330239440469
0.0273787185026
0.0225200687003
0.0185074881118
0.0153229834806
0.0129269700662
0.0112702866013
0.0103216727602
0.0100390212064
0.0104061046205
0.0113049314208
0.0126202004611
0.0144221295911
0.0165751467338
0.018827372293
0.0210336668883
0.0227107894126
0.0239192226492
0.164207525668
0.164061952556
0.163147461616
0.161813710067
0.160195740455
0.158423218563
0.156587465677
0.154749222597
0.152948631908
0.151211647799
0.149554777389
0.14798835072
0.14651876373
0.145150006198
0.143884676178
0.142724622602
0.141671320397
0.140726055509
0.139889977168
0.13916405933
0.138549001438
0.138045087755
0.137652018121
0.137368749347
0.13719281876
0.137125512846
0.137158502241
0.137282797057
0.137489739429
0.137768504809
0.138105029877
0.138481790731
0.138877465911
0.139266393517
0.139618352244
0.139897453833
0.140065040314
0.140071655254
0.139877816631
0.139422592991
0.138645489988
0.137495743608
0.135668302666
0.133003504247
0.129629364822
0.125695958704
0.121350863465
0.116724017075
0.111908471108
0.106960904897
0.101909393022
0.0967634070478
0.0915178419338
0.08616252845
0.0806746424495
0.0750371423814
0.0692090947767
0.0631768817318
0.0568587180078
0.0502868239465
0.0432424478778
0.0362568290027
0.0297303408649
0.0239765174106
0.0191083543562
0.0151245259154
0.0119533703378
0.00953253370369
0.00780611705656
0.00675657602002
0.00634879416255
0.00658772145253
0.00733520780112
0.00848797358301
0.0101381544025
0.0121402191017
0.0142585608357
0.0163632650606
0.0179785517652
0.0191279706106
0.166004772957
0.165883649356
0.165003732012
0.163705115358
0.162130888224
0.16040006241
0.158602017419
0.15679755304
0.155026794794
0.153315620591
0.151680427508
0.150131493386
0.148675323978
0.14731624454
0.146057425176
0.144901495601
0.14385087114
0.142907881071
0.142074766133
0.141353592741
0.140746116209
0.140253614663
0.139876690651
0.139615232973
0.13946623596
0.139431257571
0.139502171115
0.139670462545
0.139927535585
0.140262307734
0.140660262209
0.141103200591
0.141568847342
0.142030236544
0.142455462128
0.14280613771
0.143041434344
0.143104851941
0.142960141953
0.142521623941
0.141741239734
0.140508076129
0.138386078872
0.135337114141
0.131572410638
0.127274669039
0.122612053608
0.11771625161
0.112670332116
0.107518389557
0.102277230091
0.0969476403607
0.0915170634437
0.085970269646
0.0802768985041
0.0744167787195
0.0683371160893
0.0620233677814
0.0553701556473
0.0484250513801
0.0408907388295
0.0335766676721
0.0269017195126
0.0211574678298
0.0163703854294
0.0124636831547
0.00931239810365
0.00684898440735
0.0050252638788
0.00385162480897
0.00330216637869
0.00341336658137
0.00403028914127
0.00508555658939
0.0066350324149
0.00853272370725
0.010564761353
0.0126097818696
0.0141971768098
0.015313614868
0.167486675351
0.167387145144
0.166556886588
0.165327217844
0.163838856838
0.162191243402
0.160468962889
0.158732272734
0.157021087174
0.155361290217
0.15376938795
0.152255870994
0.150827659038
0.149489756775
0.148246281209
0.147101034217
0.146057763378
0.145120218634
0.144292082968
0.14357683104
0.142977550362
0.142496750755
0.142136140127
0.141896824848
0.141775160355
0.141772683936
0.141881853524
0.142094769228
0.142402890517
0.142794913517
0.143255971538
0.143767355999
0.144306074769
0.144844184463
0.145348504157
0.145778600915
0.146092129999
0.146224759481
0.14614806768
0.145736064693
0.144985271452
0.14362519599
0.141140099698
0.137673713826
0.13350625156
0.128851098045
0.123889757208
0.118747338053
0.11349253325
0.108155793917
0.102743263499
0.0972481435063
0.0916512953823
0.085933363107
0.0800562006641
0.0739978290086
0.0676915609295
0.0611238743803
0.0541626663657
0.046873015147
0.038867134083
0.0313318411586
0.0246369749797
0.0190184665967
0.014380527535
0.0105645594796
0.00740678115556
0.00486220520853
0.00290401974814
0.00157877907118
0.000867542938319
0.000866665128478
0.00137982584271
0.00238817613995
0.00389588062986
0.00575583523068
0.00777022586071
0.00981479092374
0.0114208194247
0.0125376680821
0.168607716022
0.168514119176
0.167751165356
0.166638848658
0.165286826084
0.163768410387
0.162163582076
0.160531966945
0.158913141153
0.157333049246
0.155808430509
0.154350180754
0.152965919541
0.151661702341
0.150443023636
0.149315317331
0.148284124339
0.147355054558
0.146533634085
0.145825097325
0.145234157233
0.14476477973
0.144419827323
0.144202337902
0.144108147271
0.144137606361
0.1442844026
0.144541433594
0.144900212942
0.145349257226
0.145873458869
0.146453785028
0.147066818623
0.147684069484
0.148271655613
0.148787835333
0.149189679609
0.149404844393
0.149418499128
0.149044359336
0.148377274215
0.146803335757
0.143894567661
0.139984593119
0.13540973504
0.130412118958
0.125175498009
0.119810417857
0.114368488976
0.108866765835
0.103302000228
0.0976610993089
0.0919192576171
0.0860539174388
0.0800188367452
0.0737919905595
0.0672901028699
0.0605037837346
0.0532708353783
0.045673566958
0.0372289408499
0.0296088308567
0.0230299877179
0.0176399685071
0.013184294306
0.00943400874193
0.00621950095585
0.0035488478898
0.00142474724817
-7.05486272034e-05
-0.00095258676357
-0.00103101260706
-0.000603339386007
0.00042248523425
0.00194662145542
0.00383894400851
0.0059162802175
0.00803168288498
0.00972013966967
0.010862860362
0.169341565564
0.169210133276
0.168553434691
0.167625058494
0.166459275939
0.165113836727
0.163667571732
0.162178778433
0.16068631919
0.159215897012
0.157784215394
0.156402508822
0.155079261751
0.153821926221
0.152637836887
0.151534579883
0.150520018057
0.149602122468
0.14878871384
0.148087177821
0.147504185236
0.147045443207
0.146715317124
0.146518122531
0.146449807759
0.146509735227
0.146692637327
0.146992129813
0.147399799715
0.147904025378
0.148489544978
0.149137185365
0.149823431978
0.150519766557
0.15119233386
0.15179912301
0.152297816586
0.152608957021
0.152737509014
0.152415481487
0.151912067256
0.149985683017
0.146608892293
0.142237124592
0.13725993249
0.131942662666
0.126457739434
0.120894818555
0.115287648449
0.109641212931
0.103944525371
0.0981795069323
0.0923166340139
0.0863310394871
0.0801681690736
0.0738081925622
0.0671477799519
0.0601866929662
0.0527281856592
0.0448688091684
0.036037853827
0.0284940564366
0.0221640697973
0.0170798101827
0.0127930546093
0.00904920926276
0.00571818071803
0.00288429206711
0.000580672083925
-0.00106470477466
-0.00203019197151
-0.00212714576792
-0.00181400264712
-0.00072296349759
0.000883775273039
0.0028861379606
0.00508789855287
0.00732275162215
0.00913262406687
0.0103042303574
0.169509590882
0.169296961616
0.168951578775
0.168302643033
0.167360751631
0.166222964245
0.16497071536
0.163659422428
0.162326387201
0.160995864196
0.159683497888
0.158400346991
0.15715570325
0.155958683894
0.154818935465
0.153746767186
0.152752954613
0.151848387347
0.151043674052
0.150348767479
0.149772634458
0.149322986017
0.149005967934
0.148826728122
0.148781583016
0.148869521842
0.149085930845
0.149424943808
0.149878203436
0.150433953919
0.151076823704
0.151787654275
0.152543157631
0.15331534178
0.154071197886
0.154769712483
0.155370527671
0.155789351574
0.156056143346
0.15580366566
0.155565712151
0.153107655814
0.149236136383
0.144394391939
0.139032110711
0.133425212281
0.127721469673
0.121986034469
0.116235799412
0.110465712501
0.10465883286
0.0987933351711
0.0928360147194
0.0867605423051
0.0805041748689
0.0740518909028
0.0672761433177
0.0601936632941
0.0525659384216
0.0444996974906
0.0353604467597
0.028068836365
0.0221071479405
0.0173646364207
0.0131807453667
0.00936691159926
0.0058702853385
0.00286892141288
0.000419006667107
-0.00131637585427
-0.00223603889487
-0.00234094916854
-0.00207673026168
-0.000923648393921
0.00078499988138
0.00294896884171
0.00531416511581
0.00769909846808
0.00964327820105
0.0108467344299
0.169355168972
0.169308911419
0.169210776153
0.168763752439
0.168029198631
0.167109047255
0.166071740647
0.1649654281
0.163821840418
0.162660347484
0.161493362738
0.16033066936
0.159182027463
0.158058389737
0.156972188513
0.155937072967
0.154967377059
0.15407751132
0.153281392638
0.152591963101
0.152020807666
0.15157786467
0.151271196551
0.151106848595
0.151081487687
0.151193922757
0.151440033126
0.151814283627
0.152308261672
0.152910001429
0.153603998005
0.154371195627
0.155188795956
0.156029841846
0.156862974213
0.157649501931
0.158352309256
0.158885813506
0.159307091297
0.159142320949
0.159274548875
0.156098942964
0.151721840081
0.146415625728
0.14069974321
0.134839568314
0.128948303805
0.123066229558
0.117195748099
0.111324130352
0.105430244023
0.0994896948615
0.0934668097771
0.0873345937276
0.0810229001059
0.0745241763328
0.0676822488532
0.0605421045087
0.0528109959201
0.0446055666171
0.0352670935567
0.0284043233042
0.0229077417044
0.0184794935625
0.0142942798792
0.0103548481048
0.0066943091763
0.0035705669377
0.00108195270444
-0.000728384231644
-0.00167203055306
-0.00183212939109
-0.00140793375107
-0.000166528950274
0.00166164620478
0.00399865702978
0.00655976092085
0.00913530938402
0.0112466724551
0.0125028026887
0.169353489039
0.169549795865
0.169456997207
0.169075110649
0.168505048553
0.16778894139
0.166973258028
0.166092234827
0.165164346749
0.164198846578
0.163201866332
0.162180335449
0.161143923829
0.160105528102
0.159080857084
0.158087561256
0.157144220587
0.156269393672
0.155480830008
0.154794868594
0.154226004169
0.153786586442
0.153486670763
0.153333306844
0.153323524538
0.153455996767
0.153726965667
0.154131004557
0.154659440798
0.155299931114
0.156036721383
0.156850839533
0.157720116491
0.158619000786
0.159518443235
0.160383243903
0.16118051078
0.161827601037
0.16240583236
0.162342969358
0.162920262123
0.158880082575
0.154004637899
0.148258187781
0.142235080049
0.136163288412
0.130117316496
0.124115294141
0.118148318551
0.112198387786
0.106241879435
0.100253018162
0.0941951275162
0.0880413055593
0.0817158021204
0.075220688839
0.0683676082122
0.0612443827161
0.0534835706961
0.0452235165315
0.0358267772251
0.0295561555641
0.0245884761902
0.0203748720098
0.0161019986397
0.0120391046646
0.00829573520838
0.00503023944843
0.00246211168941
0.000612180188981
-0.000343267356155
-0.000503333271459
3.66230996589e-05
0.00140530069553
0.00342962617448
0.0060010397144
0.00882103700842
0.0116451933569
0.013967003004
0.0152942568911
0.169400060653
0.169526935706
0.169423506686
0.169180935145
0.168771083902
0.168253656984
0.167670827768
0.167035823101
0.166348283658
0.165603538374
0.164798796336
0.163936687646
0.163026329265
0.162082754714
0.161125512212
0.160176967268
0.159260656285
0.158399904964
0.157616787694
0.156931400012
0.156361379433
0.155921605529
0.155624126649
0.155477077161
0.155477948515
0.155625313455
0.155915580945
0.156343138365
0.15689876713
0.157569486834
0.158339065765
0.159188452132
0.160096063486
0.161037901789
0.161987632829
0.16291438339
0.16379005842
0.164539107
0.165258769874
0.165304303565
0.166338184356
0.161360538475
0.156020481729
0.149881601093
0.143610887888
0.13737317071
0.131206680774
0.12511237615
0.119073571476
0.113069312814
0.107075158659
0.101065239954
0.0950036162969
0.0888642563983
0.0825688980079
0.0761302227496
0.0693269365827
0.0623059851176
0.0545956856109
0.0463899759212
0.0371005518898
0.0315620195938
0.0271343778883
0.0230103053815
0.0186450675504
0.0144442340656
0.0105848855438
0.0072079582789
0.00449771688168
0.00258273369882
0.00161648725587
0.00150273584489
0.00219314874262
0.00376206880816
0.00606329217866
0.00894807637416
0.0121056408659
0.0152443367612
0.0178205954379
0.0192289702345
0.16930079429
0.169300887527
0.169362421797
0.169177418526
0.168854003792
0.168519660658
0.168176559259
0.167803733045
0.167376661838
0.166872773944
0.166277803335
0.165588849822
0.164814195135
0.163971321615
0.163084252441
0.16218080935
0.161290172346
0.16044098915
0.159660066246
0.158971524303
0.158396286337
0.157951793053
0.157651998976
0.157506129474
0.157512304255
0.157669079613
0.157972776255
0.158417232139
0.158992334653
0.15968412627
0.160475549977
0.161347138325
0.162277618778
0.16324439717
0.164223919983
0.165190054705
0.166119772361
0.16694813038
0.1677764486
0.167928818625
0.1693522058
0.163448110413
0.157711518269
0.151253181293
0.144803461626
0.138447779313
0.132195911086
0.126037661231
0.119952086581
0.113917490728
0.10791029062
0.101905965922
0.0958712667791
0.0897819412076
0.0835616308761
0.077232864205
0.0705459662962
0.0637214175978
0.0561485643868
0.0481441843134
0.039146111132
0.0344630386348
0.0304836701527
0.0263615723313
0.0218593683229
0.0175332322479
0.0134913199839
0.0099703268198
0.00714627593881
0.00518140872973
0.00422264434724
0.00418877319125
0.00507114903261
0.00690631957799
0.0095541752993
0.0128299737208
0.0164041341925
0.0199235508593
0.0227957429568
0.024287218151
0.169164947243
0.169130443239
0.169129923959
0.168940821018
0.168743358864
0.168604080043
0.168510142296
0.168413840687
0.168262256437
0.168012453793
0.16763752202
0.16712855752
0.166493098631
0.165751554139
0.16493312586
0.164071822569
0.163203061964
0.162361223573
0.161578096886
0.16088195034
0.160297004704
0.159843178589
0.159536151135
0.159386153034
0.159392209335
0.159553057168
0.159864620046
0.160319737448
0.160906987014
0.161611018861
0.162413487786
0.163293993936
0.164231031855
0.165202905168
0.166188496364
0.167166377405
0.168118778897
0.168994107247
0.169886179497
0.170137911537
0.171818091579
0.165069946631
0.159037669658
0.152353661679
0.145796199734
0.139370434221
0.13306819617
0.126874042283
0.120766093643
0.114723993541
0.108726689269
0.102752590517
0.0967731678785
0.0907671470707
0.0846654693872
0.0784978578048
0.0719982017755
0.065466697007
0.0581233573096
0.0505155509101
0.0420138739096
0.0383391928677
0.034510062518
0.0303206690316
0.0256784720737
0.0211704991894
0.0169554048528
0.0132874573761
0.0103611073572
0.0083585298285
0.00742871995476
0.0075152931309
0.0086347166621
0.0107974268742
0.0138598267756
0.0176040861578
0.0216719994382
0.0256366891632
0.0288419375019
0.0304104607015
0.169015494195
0.168910780236
0.16877089693
0.168641848881
0.168528573936
0.168563050808
0.168719840252
0.168904628852
0.169031715672
0.169037607803
0.168882171311
0.168550446213
0.168049525312
0.167403254017
0.166646721609
0.165820784308
0.164967504387
0.164127162066
0.163336555422
0.162628035599
0.162028982068
0.161561589077
0.161242987308
0.161084158512
0.16108526884
0.16124549583
0.161560076096
0.162020423259
0.162613429121
0.16332194987
0.164125831653
0.165003061506
0.165931060094
0.166888083304
0.167854573221
0.168813235004
0.169751788219
0.170634090948
0.17153925321
0.171878503847
0.173650421366
0.16619395417
0.159985964274
0.153180709856
0.146582504754
0.140131696739
0.13381219788
0.127608339561
0.1215002875
0.11547092305
0.109503313525
0.10358041844
0.0976803430963
0.0917864130973
0.0858424921212
0.0798817260834
0.0736417532721
0.0674934814524
0.060475072386
0.0534899026978
0.0456521447454
0.0432002138467
0.0390326949866
0.0347748560697
0.0299769274905
0.0252775293766
0.0208859342945
0.0170731147871
0.0140558498421
0.0120300182305
0.0111501173164
0.0113923162384
0.0127928643613
0.0153419612182
0.0188866245171
0.0231761887087
0.0278130360026
0.0322857333432
0.0358554258715
0.0374869545826
0.168924691782
0.168751129859
0.168536110729
0.168359256547
0.168246002852
0.168454769929
0.168870239328
0.169328853134
0.169721941201
0.16996984194
0.170019584986
0.169850761347
0.16947024485
0.168905639504
0.168198592478
0.167397318663
0.166550597354
0.165704415031
0.164900310627
0.164174426972
0.163556987206
0.163072132402
0.162738119472
0.16256637824
0.1625586077
0.16271483349
0.163029268851
0.163491416997
0.164086086729
0.164793927113
0.165592410856
0.166457099266
0.167363214769
0.168287539875
0.169210548823
0.170117830737
0.171002729766
0.171846126704
0.172712386
0.173121464754
0.174822454127
0.166838011145
0.160572472897
0.153748773101
0.147167030409
0.140730718889
0.134423103404
0.128232102583
0.122142479487
0.116141995369
0.110219228757
0.104363182792
0.09856020899
0.0928002767993
0.0870449662404
0.0813276123791
0.0754164895129
0.0697269265895
0.0631451821482
0.0570344671829
0.0498727150665
0.0485949468349
0.0439772546134
0.0395763966424
0.0346157890442
0.0297155425013
0.0251447239631
0.0211916550698
0.0180940985453
0.0160590897238
0.0152491641671
0.0156785890622
0.0174004426497
0.0203885252544
0.0244773096679
0.0293831030639
0.0346594130686
0.039700650681
0.0436603759353
0.0453345926578
0.168975273938
0.168735018401
0.168464659757
0.168199846078
0.16815392517
0.168413829547
0.169050646714
0.169747231569
0.170373274035
0.170831199564
0.171056571685
0.171024582337
0.170741060323
0.170237320237
0.169562457587
0.16877240731
0.167922203272
0.167062842384
0.166239998272
0.165493078777
0.164854665189
0.164350404905
0.163999285329
0.16381264311
0.163793805681
0.163943918554
0.164256050177
0.164717619558
0.165311253138
0.166015213462
0.16680417086
0.167650442234
0.168525713257
0.169403364894
0.170261543692
0.171086469351
0.171876693287
0.172631122563
0.173407094818
0.173857292455
0.17534681167
0.167062208814
0.160835819099
0.154086136018
0.147565991286
0.141176035165
0.134903414354
0.128742397603
0.122684457831
0.116723547456
0.110854799088
0.105074415926
0.0993781592636
0.0937649132943
0.0882170651616
0.0827675930577
0.0772433090719
0.0720611245254
0.0660418112318
0.0610565063253
0.0546404139043
0.0538246734837
0.0491720555718
0.0445307523123
0.0393830309598
0.0342763892809
0.0295311589015
0.0254531059041
0.0222961764984
0.0202731318082
0.0195521499212
0.0201902604592
0.0222588973
0.025720480861
0.0303968987958
0.0359729873582
0.0419486364265
0.0476165038169
0.0519884900914
0.053683536967
0.169270669316
0.168939020649
0.168573714804
0.168225189032
0.168256262939
0.168561239748
0.169368660907
0.170215250278
0.171017930584
0.171633331987
0.171990832027
0.172060624001
0.1718435607
0.17137379183
0.170709451311
0.169914538545
0.169049332153
0.168168761165
0.167321827973
0.166550521471
0.165889165542
0.165364405483
0.164995624439
0.164793743599
0.164763954072
0.164908763145
0.165219751128
0.165681954753
0.166275671691
0.16697664192
0.167756461931
0.168583636749
0.169425228619
0.170249312334
0.17102872508
0.171746436923
0.172403551568
0.173016881601
0.173653334796
0.174100464163
0.175259500113
0.166956602597
0.160833362573
0.154235197826
0.147808895539
0.141486401661
0.135263172457
0.129141893414
0.123122205569
0.117205001643
0.111392409392
0.105688351275
0.100098499607
0.0946326392349
0.0892951620514
0.0841229425332
0.079022317978
0.0743597039285
0.069023825261
0.0653291487472
0.0598384987883
0.0587861148294
0.0542319227647
0.0493388395101
0.0439834885597
0.0386674384639
0.0337483353236
0.0295484044091
0.0263370171834
0.0243346919621
0.0237181444837
0.0245854564446
0.0270227012319
0.0309830944244
0.0362765102511
0.0425610920251
0.0492879994356
0.0556453500385
0.0604574251306
0.0621602931061
0.169863694984
0.169408812765
0.16894149292
0.168516776172
0.168462346019
0.168947262146
0.169802577828
0.170744734917
0.17166335847
0.172368773701
0.172808813261
0.172941292937
0.172758206669
0.172296574573
0.171625170946
0.170814450793
0.169927547811
0.169021940237
0.168149150414
0.167353058211
0.166669144327
0.166124617762
0.165739017797
0.165522479088
0.165481927125
0.165620937741
0.16592994808
0.166392055342
0.166985547131
0.167683872196
0.168455748035
0.169265988003
0.170076908443
0.170850480499
0.171551817474
0.172155056643
0.17265476058
0.173078193187
0.173529791933
0.173921838036
0.174646179392
0.166663782399
0.160662068785
0.15426006494
0.147939190069
0.141688214359
0.135516235953
0.129434957244
0.123452126673
0.117575236149
0.111812861338
0.106176097208
0.100679855016
0.0953453637649
0.0901979869684
0.0852864175789
0.0806031915079
0.0764316383774
0.0719289892745
0.0696813907611
0.0650694121959
0.0633628999939
0.058755304473
0.0535987891878
0.0480565228985
0.0425851215849
0.0375540417216
0.0332911723726
0.0300726343666
0.0281211020136
0.0276183889702
0.0287082101899
0.0314917849931
0.0359188394464
0.0417891056423
0.0487435401199
0.0562094134184
0.0632871767055
0.0685603708436
0.0702756992749
0.170550030304
0.169982547056
0.169435810283
0.169006376828
0.168930121551
0.169403368065
0.170280571738
0.171298746704
0.17222810141
0.172972184702
0.17346982105
0.173633848681
0.173439793688
0.172947967658
0.172247237862
0.171409686348
0.17049652234
0.169565821789
0.168670435666
0.167854948004
0.167154962429
0.166597531938
0.166202461574
0.165980165159
0.165937962942
0.166078226603
0.16638983733
0.166854455961
0.16744894239
0.1681450923
0.16890961235
0.169704858225
0.170490120989
0.171223514522
0.171864767987
0.172379346859
0.172746440776
0.172979316839
0.173223797598
0.173494010338
0.173737978801
0.166439927289
0.160482236715
0.154241270681
0.148002298256
0.141804733881
0.135671094137
0.129619545218
0.123663621884
0.117815580469
0.112088622498
0.106499036741
0.10106849353
0.0958272559448
0.0908167381444
0.0861011760352
0.0817450797626
0.0779650696959
0.0743962664892
0.073431803965
0.0692460052827
0.0666570718414
0.0619497478056
0.0566148911868
0.0509528962375
0.045382528938
0.0402771108827
0.0359708161394
0.0327476281041
0.0308355482493
0.0304215805918
0.0316772670264
0.0347286291118
0.0395362005772
0.0458968902288
0.0534575632204
0.0616820637255
0.069630208023
0.0755378272908
0.0773795933808
0.170871910773
0.170323613022
0.169780423629
0.16939662861
0.169361644537
0.169827601834
0.170730764726
0.171813079821
0.172766467228
0.173416306607
0.1738945775
0.174152471614
0.173955058194
0.173420270686
0.172679511772
0.171806163946
0.170858405789
0.169895316033
0.168971401587
0.168132003667
0.16741263471
0.166839150604
0.166426668668
0.166188156766
0.166135706293
0.166268174352
0.166572010883
0.167027754526
0.16761156785
0.168294725231
0.169043594077
0.169820407029
0.170584606155
0.171294811765
0.171911657968
0.172401727234
0.172743005541
0.172930417794
0.173049204434
0.17305977938
0.173061544819
0.166520877701
0.160424407676
0.154231756388
0.148025289355
0.141849342938
0.135731553637
0.129692363068
0.123747584834
0.117911425499
0.112198991435
0.106628721484
0.101225104604
0.096022269462
0.0910686081081
0.0864362915319
0.0822261412273
0.0786343295416
0.0757855214933
0.0752206166525
0.070429151386
0.0674688583009
0.0629398899355
0.0577077807668
0.0521638224107
0.0467079404942
0.0417092339842
0.0375024886034
0.0343786585041
0.0325794160669
0.0323111293505
0.0337716824431
0.0371083568161
0.0423023922724
0.0491513625747
0.057308872988
0.0662892845968
0.0750884529983
0.0813694327277
0.0827942096817
)
;

boundaryField
{
    frontAndBack
    {
        type            empty;
    }
    upperWall
    {
        type            zeroGradient;
    }
    lowerWall
    {
        type            zeroGradient;
    }
    inlet
    {
        type            zeroGradient;
    }
    outlet
    {
        type            fixedValue;
        value           uniform 0;
    }
}


// ************************************************************************* //
