/*--------------------------------*- C++ -*----------------------------------*\
| =========                 |                                                 |
| \\      /  F ield         | OpenFOAM: The Open Source CFD Toolbox           |
|  \\    /   O peration     | Version:  v1806                                 |
|   \\  /    A nd           | Web:      www.OpenFOAM.com                      |
|    \\/     M anipulation  |                                                 |
\*---------------------------------------------------------------------------*/
FoamFile
{
    version     2.0;
    format      ascii;
    class       volScalarField;
    location    "900";
    object      pa;
}
// * * * * * * * * * * * * * * * * * * * * * * * * * * * * * * * * * * * * * //

dimensions      [0 2 -2 0 0 0 0];


internalField   nonuniform List<scalar> 
6400
(
0.934366115738
0.857609613843
0.699046563356
0.597472175659
0.597283081994
0.677564696183
0.84030147231
1.01417269902
1.17717038031
1.32974687428
1.46919010769
1.5900619875
1.68916437582
1.76620614551
1.82244322114
1.85972053537
1.88014110669
1.88592752303
1.87928238417
1.86226799423
1.83673595116
1.80430449693
1.76636239229
1.72408774897
1.67847230581
1.6303495325
1.58042187156
1.52928782385
1.47746659809
1.42542497848
1.37361205582
1.32253635194
1.27291496084
1.22585335693
1.18181455043
1.13486345132
1.0589840081
0.947683598455
0.807175614113
0.649483934556
0.48304786561
0.312098821658
0.138780240695
-0.0353166978142
-0.20871111984
-0.380038280968
-0.548063129794
-0.711641305252
-0.869675591603
-1.02109278412
-1.16483284023
-1.29984503224
-1.42508723715
-1.53953301614
-1.64218649019
-1.73210908101
-1.80845636397
-1.87052656369
-1.91781605092
-1.95007966958
-1.96738793089
-1.97017597011
-1.95927506975
-1.93592226926
-1.90174138814
-1.85869676665
-1.80901618932
-1.75509643072
-1.6993730659
-1.6442110167
-1.59168063921
-1.54353298987
-1.50055493542
-1.4632331298
-1.42900660142
-1.39812893503
-1.36065534193
-1.33389199899
-1.28836571142
-1.35158428382
0.714872440619
0.569921516615
0.494173299494
0.459427543534
0.554693395018
0.883784258099
1.32467863279
1.86695199112
2.50713060378
3.23007751861
4.01555934609
4.84294708877
5.69390771567
6.55318569132
7.40830250495
8.24913022921
9.06761266589
9.85752519813
10.6141985956
11.3342297518
12.0152191055
12.6555515613
13.2542172531
13.8106673544
14.3246977687
14.7963586881
15.2258836424
15.6136369294
15.9600743306
16.2657155799
16.5311255041
16.7568765943
16.9435696356
17.0922757272
17.2082899179
17.3121276543
17.4406471044
17.5731658595
17.679506775
17.7489916975
17.7807200251
17.7742614523
17.7282810043
17.6412513212
17.5118307336
17.3388719321
17.1213799483
16.8585257545
16.5496925617
16.1945261358
15.7929842365
15.3453892346
14.852488189
14.3155200416
13.7362891882
13.117240709
12.4615319037
11.7730899691
11.0566451067
10.3177253861
9.56260196505
8.79817464309
8.03179424074
7.27102399681
6.52335142172
5.79586723659
5.09493734289
4.42588550702
3.79272619135
3.19792262407
2.64229335783
2.12479266037
1.64292998534
1.1919714385
0.768052945543
0.362673747302
-0.0161876893546
-0.384868370058
-0.629071096931
-0.945070794911
0.559719366502
0.484624490936
0.505480143299
0.522702981098
0.601609489523
0.775414541883
1.01729493081
1.32076637571
1.67447313841
2.05996221838
2.45969524956
2.85951061076
3.24805091761
3.61650897359
3.95854251344
4.26994685343
4.54821892489
4.79216874743
5.00159666289
5.17701817443
5.31943586495
5.4301610765
5.51068227721
5.56257070816
5.58741583697
5.586782974
5.56218883663
5.51508905424
5.44687598247
5.35887850693
5.25237115773
5.12854210451
4.98836790921
4.83143796473
4.6522050461
4.43217359988
4.18249507212
3.9316709456
3.69193711596
3.46078653396
3.23642075385
3.01998545938
2.81351029639
2.61894247107
2.43804002487
2.27234923132
2.1231099091
1.99115954862
1.87687095723
1.78011548506
1.70023981619
1.63605479755
1.58583755013
1.54735049477
1.5178793248
1.4942947345
1.47314110366
1.45075680896
1.42342668314
1.38756552869
1.3399245953
1.27780916319
1.19928850631
1.10337740098
0.990167316298
0.860887965103
0.717890759377
0.564541128394
0.405050689071
0.244188717049
0.0870494289168
-0.061582709822
-0.197150112392
-0.317597267073
-0.419931812875
-0.511598458983
-0.577233806917
-0.653914162093
-0.553405593933
-0.7785349691
0.248542999521
0.440348065435
0.387754812462
0.368454196684
0.55555685106
0.825907213232
1.13173248059
1.48278928849
1.87564775859
2.29634378891
2.73398887996
3.18130314082
3.63208446074
4.08084724945
4.52324019014
4.95605025207
5.37692657775
5.78413408694
6.17639441002
6.55277109486
6.91257567755
7.25529599965
7.58054636641
7.88803605914
8.17754948558
8.44893506928
8.70209847688
8.93700007787
9.15364966748
9.35210450985
9.53243623734
9.69473508247
9.83900964159
9.96598147331
10.0781891337
10.18287294
10.2532730651
10.2860358337
10.2889281561
10.2622892085
10.2035972682
10.1118645038
9.98736053905
9.8306693801
9.64250908026
9.42387027
9.17610118737
8.90091571712
8.60038160068
8.27690488861
7.93320466466
7.5722713482
7.19730898669
6.81166082877
6.41871956683
6.02182188627
5.62413148164
5.22851539113
4.83742448792
4.45278999179
4.07595221199
3.70763524368
3.34798016065
2.99664075046
2.65294021272
2.31607440126
1.98534924299
1.66041795357
1.34153530282
1.02973033041
0.727124180651
0.436791238205
0.163745263636
-0.0871919208475
-0.305409213802
-0.490686770005
-0.606336811499
-0.701103147242
-0.484260653339
-0.773684670445
-0.235125372097
0.668558916942
0.438967127418
0.446691515598
0.823576702569
1.18704433416
1.4975944607
1.81522172294
2.15038722148
2.49374868136
2.84075420499
3.18956322612
3.537219365
3.87987727451
4.21385005722
4.53595986988
4.84349186326
5.13413059735
5.40594089711
5.65734957619
5.88711201776
6.09427145173
6.27812014496
6.43816430165
6.57409314295
6.68575106835
6.77311373491
6.83626623015
6.87538496908
6.89071652733
6.88256639675
6.85125526819
6.79711372942
6.72013147843
6.62032641539
6.5018877677
6.37838918578
6.25330609166
6.12943024886
6.0078739493
5.88810745032
5.76966622551
5.6524722954
5.53636181744
5.42084517844
5.30514279684
5.18826049755
5.06903401893
4.94617239904
4.81832162787
4.68414408246
4.54240510977
4.39205968791
4.23233488352
4.06280136942
3.88342740053
3.69460661632
3.49715296995
3.292256745
3.08140080051
2.86624068161
2.64845985515
2.42961712421
2.21100771238
1.99356118097
1.77779222975
1.5638224281
1.35145611511
1.14034774912
0.930138084608
0.720843472254
0.512729383377
0.307754583256
0.107115297826
-0.0802183678176
-0.258563266566
-0.381281449827
-0.520673874769
-0.259399554562
-0.72803462523
-0.588120341736
1.33517736348
0.725532203065
0.784173370381
1.27739138143
1.6283102127
1.87964270473
2.13397265065
2.40414667241
2.68279025751
2.96952009329
3.26512514425
3.56781729058
3.87431763081
4.18120102261
4.48532447256
4.78386366537
5.07432080608
5.35454430032
5.62272953891
5.87739612522
6.11735424821
6.34166972708
6.54963218247
6.74072696043
6.91461163753
7.07109667066
7.21013030224
7.33178688254
7.4362581239
7.52385122884
7.59499735207
7.65031977228
7.69068989851
7.71674074903
7.72234285229
7.7032068224
7.65939084811
7.59192331124
7.50186159555
7.38992322807
7.25696907701
7.10434861618
6.9337810108
6.74715366794
6.54642677323
6.33358193272
6.11055514138
5.8791605894
5.64102600071
5.39754894354
5.14987503528
4.89889955202
4.64529312411
4.38955150009
4.1320656916
3.87320675999
3.61341562524
3.35328647943
3.09362995059
2.83550358917
2.58019904302
2.32918302228
2.08399574919
1.8461234493
1.61686202334
1.39720916042
1.1877813388
0.988831170234
0.800230841635
0.62177242026
0.452818554814
0.293872458822
0.14317322843
0.00714471397836
-0.126964322988
-0.20805447952
-0.344563802736
0.0165378020261
-0.638260762184
-0.961202832959
2.30710109618
1.15230054295
1.26899935912
1.77472040529
2.02980675915
2.19181969287
2.37421298677
2.57922786879
2.7987554442
3.0331746261
3.28249152509
3.54390567962
3.81344135754
4.08710670112
4.36118155779
4.63224741681
4.89721099717
5.15332702843
5.39819964134
5.62976478783
5.84626362349
6.04621407865
6.22838347344
6.39176357386
6.53554829063
6.65911443296
6.762005042
6.84391544662
6.90468124987
6.94426841146
6.96276162865
6.96034529628
6.93733573629
6.89472029959
6.8376464596
6.76875581576
6.68930470169
6.60053908749
6.50344265205
6.39840991816
6.28540865376
6.16428296564
6.03486387625
5.8969641858
5.7503991248
5.59504212238
5.43087455334
5.25801297808
5.07671849806
4.88739260879
4.69056108795
4.48684770535
4.2769423718
4.06156939016
3.84146221472
3.6173502198
3.38996193027
3.16004623916
2.92840931088
2.69596107656
2.46375896073
2.23303632228
2.00520044093
1.78179637046
1.56442889285
1.35467376922
1.15395885808
0.963515540875
0.784254980331
0.617003244133
0.461932810951
0.320289372331
0.190051810548
0.0784172403135
-0.0322685807932
-0.0817661492727
-0.21583907755
0.274124977526
-0.562186964555
-1.34177824274
3.54775606824
1.6260952214
1.79483948425
2.21785289519
2.34014517883
2.42102147091
2.54901974907
2.7093651868
2.89244982554
3.09743703722
3.3222710473
3.56287525958
3.81474795406
4.07364509283
4.33566322799
4.59723350426
4.85513386158
5.10649801444
5.34880961668
5.57988538123
5.79785310569
6.00112827545
6.18839136676
6.35856685981
6.51080466345
6.64446417185
6.75910089789
6.85445620512
6.93044797908
6.98716865742
7.02487076203
7.0439883459
7.04498993567
7.02831308017
6.99278159526
6.93802681194
6.86471101431
6.7739415401
6.66699135808
6.5451281799
6.40960811264
6.26174383288
6.10289785652
5.9344021706
5.7574823331
5.57321874842
5.3825337164
5.18619310896
4.98482187032
4.77893349722
4.56896924015
4.35534068948
4.13846950996
3.91881934996
3.69691655221
3.47335840899
3.24881054749
3.02399788746
2.79969437861
2.57672060672
2.35594897224
2.13831957637
1.9248537676
1.71666569983
1.51494027295
1.32091286399
1.13578401921
0.960693207638
0.796558697326
0.644313893601
0.504159332549
0.377486809903
0.261716907299
0.164944467719
0.0651671484365
0.0332766189316
-0.116261314235
0.502094310255
-0.516059217116
-1.71833165211
5.02483834892
2.07942011968
2.3192768284
2.59756027465
2.59211218601
2.61621678917
2.70879784331
2.84057423799
3.0013866738
3.18845939551
3.39764307997
3.62389651208
3.86243071022
4.10891167044
4.35939061333
4.61026695735
4.85828151446
5.10050979868
5.33434972663
5.55750584538
5.76797184337
5.96401251848
6.14414617934
6.30712823962
6.45193645376
6.57775786438
6.68397767994
6.77016936806
6.83608721472
6.88165826254
6.90698204921
6.91233442682
6.8982656041
6.86585402034
6.81659558279
6.75140263421
6.67116984732
6.57684848228
6.4693362875
6.34942361541
6.21782397188
6.07524877237
5.92245854142
5.76026767548
5.58952690604
5.41110352689
5.22585998034
5.03462825635
4.83818439202
4.63723016357
4.43238702117
4.22420412734
4.01317978763
3.79979300919
3.5845401604
3.36796978754
3.1507091536
2.9334787023
2.71708955162
2.50243609854
2.29047850708
2.08223383543
1.87876135925
1.68117134231
1.49059497997
1.308200818
1.1351098808
0.972401624764
0.82091517763
0.681528040455
0.554221438166
0.440169643353
0.335883873121
0.249902819379
0.155572049249
0.133336012437
-0.0442483233845
0.698298197338
-0.493057670724
-2.05610038865
6.70322644596
2.45745983124
2.82363410236
2.92258956713
2.81721990038
2.80776065201
2.87748225197
2.99065033394
3.13742271236
3.31287409192
3.51119946156
3.72678792921
3.95476141092
4.19083515067
4.43115941817
4.67225160225
4.91096429042
5.14446228858
5.37020416173
5.58592700492
5.78963281799
5.97957572687
6.15425000484
6.3123790985
6.45290583205
6.57498363878
6.67796914777
6.76141511116
6.82506587083
6.8688514775
6.89289075759
6.89748445367
6.88310824338
6.85028007503
6.79923875927
6.7306131042
6.64530353246
6.54438466382
6.4290305573
6.30044928795
6.15984409842
6.00840121503
5.84728307958
5.67761295861
5.50045696223
5.31681291247
5.1276059977
4.93368643841
4.73582683517
4.53472018218
4.33098061829
4.12514903225
3.91770558805
3.70908953391
3.49972670096
3.29006084368
3.08058420284
2.87186505596
2.66455498817
2.45939946374
2.25722291417
2.05892780733
1.86546385182
1.67784978272
1.49711498328
1.32435657182
1.16061972783
1.006948449
0.864078482367
0.73286056535
0.613045777798
0.505467215327
0.405807980948
0.322997094355
0.226657664642
0.20376951601
-0.00672947216938
0.855580408369
-0.497446895393
-2.33133015249
8.52604672853
2.71857852524
3.31060084821
3.21194775844
3.04243226212
3.01421562928
3.0669102781
3.16638348022
3.302716094
3.46875140297
3.65746152945
3.8628939785
4.08015356095
4.30505952108
4.53392810784
4.76346444015
4.99069956069
5.21294976018
5.4277910289
5.6330429699
5.8267578619
6.00721229436
6.17290030565
6.3225273939
6.45500529594
6.56944686569
6.66516190529
6.74165113797
6.7986047138
6.83588847957
6.85355975197
6.85181879555
6.8312172077
6.79265307059
6.73666039755
6.66393949636
6.5753324392
6.47177480949
6.3542682432
6.22386340947
6.08164988826
5.928752374
5.76632436719
5.59553090727
5.41752232597
5.23340673306
5.04422642052
4.85093967799
4.65440856743
4.45539365471
4.25455597129
4.05246598876
3.84961974623
3.64645916876
3.44339845974
3.24085171499
3.0392581562
2.83911296303
2.6409627215
2.44543137517
2.2531959004
2.06500692079
1.88163080515
1.70391936182
1.53270311123
1.36887823834
1.21329433612
1.06682158322
0.929784991704
0.80289976532
0.685462782534
0.577409160771
0.473790468304
0.383403645362
0.276262534717
0.232826511836
0.00125842749197
0.973535363461
-0.555837871301
-2.52524397851
10.427387474
2.84313142438
3.79640927011
3.48100676801
3.28082114593
3.23916955398
3.27691468978
3.36524775818
3.49270265411
3.64997697218
3.82914906859
4.0240463214
4.2298097917
4.44242395046
4.65843922918
4.87481485113
5.08882263218
5.29798916809
5.50006353409
5.69300055807
5.87495262169
6.04426589997
6.19947867607
6.33932051408
6.46271163728
6.56876175045
6.65676910684
6.72621643202
6.77677201532
6.80827284958
6.82075254815
6.81436869021
6.78970145551
6.74739857272
6.68782096115
6.61163926778
6.51971890409
6.41304212072
6.2926726061
6.15973357818
6.01538847095
5.86082614785
5.69724942358
5.52586162123
5.34784842233
5.16435641046
4.97647081562
4.78519464366
4.59143119275
4.39597303038
4.19949915933
4.0025809384
3.80569949328
3.60926606727
3.41365209548
3.21921827854
3.02633504265
2.83542739417
2.6469419202
2.46139786597
2.27933160547
2.10136599593
1.92808294402
1.76013252643
1.5982287338
1.44289766191
1.29473849873
1.15448361136
1.02137187897
0.895608247812
0.775912792248
0.660326141838
0.544211961132
0.433810778683
0.306085338301
0.214578425807
0.00938361090719
1.05116755081
-0.706352912137
-2.62880772756
12.3395337888
2.83139972305
4.30060055883
3.73705875679
3.53581905459
3.47977265379
3.50415897037
3.58323809996
3.70259592457
3.85114160037
4.02030539949
4.20379725987
4.39687691194
4.59577300504
4.79733762673
4.99883815406
5.19783065292
5.39208791305
5.57956273599
5.75837196182
5.92679199173
6.08325994954
6.22637730003
6.35491396062
6.46781209093
6.56418862935
6.64333742752
6.70472760852
6.74800699457
6.77298421256
6.7796648614
6.76815957403
6.73910784674
6.69315430876
6.63064461664
6.55219552069
6.45861357354
6.35081338269
6.22979182117
6.09662239429
5.95244456708
5.79844756785
5.63585282549
5.465894836
5.28979906923
5.10875740495
4.92390274407
4.73628524051
4.54685115743
4.35642836496
4.16571970999
3.97530376106
3.78565358902
3.59715251092
3.4101281433
3.22488428409
3.04171104599
2.86096168905
2.68296658129
2.50814864885
2.33688657248
2.16967024856
2.00696603569
1.84903312591
1.69684305964
1.55023149694
1.40918403544
1.27468142485
1.14460514089
1.01739111128
0.890393436192
0.759623539211
0.621143865038
0.478011868111
0.316562187555
0.162854183767
0.0506772212747
1.02063197224
-0.923801753824
-2.64037356404
14.2019324432
2.70079810886
4.83916619941
3.97943020734
3.80561835532
3.73082798558
3.74446634597
3.81592360655
3.92766527747
4.0673170113
4.2258395227
4.39695638803
4.57616062178
4.76001584142
4.94574144018
5.13095836782
5.31353842017
5.4915235879
5.66308848793
5.82652761797
5.98025583614
6.12281508927
6.25288329125
6.36928330877
6.47099077376
6.55714035932
6.62703058348
6.68012590166
6.71606125999
6.7346321551
6.73582474205
6.71975080454
6.68702760093
6.63817113605
6.57347791202
6.49353249222
6.39912098464
6.29113363967
6.17053572958
6.03836670083
5.8957346701
5.74380371134
5.58377890558
5.41688942056
5.24436758182
5.06742353235
4.88721673438
4.70482890961
4.52123786723
4.33729935105
4.15373732538
3.97113625969
3.78996547427
3.61058396589
3.43328219917
3.25831601306
3.08589392293
2.91632328205
2.74981351516
2.58670552758
2.4272656385
2.2717669254
2.12093914189
1.97398210093
1.83257888617
1.69663396756
1.5643911278
1.43659195262
1.30964682361
1.17907763883
1.03920313401
0.884647031242
0.713320468911
0.527932617186
0.323052242912
0.123361533107
0.115750601457
0.822326471856
-1.15402940001
-2.56470900721
15.9655406722
2.47958050381
5.42006194687
4.2022269505
4.08719256291
3.98734889444
3.99419819278
4.05933608871
4.16384010315
4.29439607458
4.44163665708
4.59946610896
4.76373641074
4.93143373077
5.10020112625
5.2680462527
5.43317529141
5.593909982
5.74865344259
5.89588300189
6.03415701002
6.16212737481
6.27855371721
6.38231687132
6.47243041452
6.54805049477
6.60848280118
6.65318888619
6.68179052206
6.6940713797
6.69000697761
6.66974364346
6.63388288983
6.58279915858
6.51677013702
6.43634411282
6.34225580413
6.23533838826
6.11650187029
5.98673537486
5.84710271036
5.69873037706
5.54279374289
5.38050190139
5.21307847724
5.04173716075
4.86765080162
4.69192331287
4.51555758723
4.33943426977
4.16430086585
3.99074789428
3.81924881338
3.65014199242
3.48368637572
3.32010700542
3.15954539798
3.00227407548
2.84843741373
2.69828486767
2.55223461211
2.40983232302
2.27283068147
2.14048412536
2.01304550955
1.89108253092
1.77178531425
1.65327317555
1.52943200738
1.39262913243
1.23448774339
1.04997504547
0.841133550277
0.613845546316
0.36734409577
0.138872833204
0.147325306096
0.43324975297
-1.32763245582
-2.41066222593
17.5947038088
2.20084906109
6.04225109322
4.3979807908
4.37836138052
4.24500814281
4.25018383446
4.30980182012
4.40745650698
4.52874919886
4.66415752709
4.8079533343
4.95646276061
5.1071701047
5.25818579294
5.40792585485
5.55493990978
5.69783246984
5.83523563262
5.96580969995
6.0882570684
6.20134077155
6.30390368185
6.39488640291
6.47334208978
6.5384500696
6.58952368463
6.62602376402
6.64755097878
6.65388237066
6.64491244724
6.62093118584
6.58259286594
6.52996463073
6.46335966162
6.38332541866
6.29054519115
6.18578508845
6.06988876249
5.94378185255
5.80846787364
5.66501813182
5.51456050096
5.35826686383
5.19733609798
5.03297194479
4.86634831885
4.69858381624
4.53070185839
4.36360673011
4.19807748772
4.03471408406
3.87400693836
3.71628244217
3.56178824614
3.41070186135
3.26320409297
3.11949316753
2.97988981748
2.84417794098
2.71385699914
2.58854525464
2.46894693644
2.35553266996
2.24757529237
2.14457205304
2.0427190605
1.93654573539
1.81636262669
1.67162510885
1.4936524292
1.28072639425
1.03930111182
0.773193477162
0.474259679972
0.182061393936
0.0582682543721
-0.0836795623363
-1.36586382601
-2.1893969325
19.0666097822
1.89738517183
6.69684581301
4.56060349916
4.67818870151
4.49991030449
4.50962616416
4.56393397038
4.65523511499
4.76716002765
4.89033274344
5.01956570152
5.1517513664
5.2849319273
5.41771547232
5.54893827048
5.67749626948
5.80227568217
5.92213523859
6.03591588047
6.14246223735
6.24064691094
6.32939493882
6.40770581467
6.4746718001
6.52949492817
6.57149670918
6.60013674219
6.61499773854
6.61584886429
6.6025281845
6.57546565317
6.53529038548
6.48185508137
6.4154615341
6.33666116936
6.24609916313
6.14448021335
6.03258126957
5.91125939005
5.78144781163
5.6441487245
5.50042621788
5.35139815001
5.19822218314
5.04207983207
4.88413402488
4.72551259666
4.56725631558
4.41029418088
4.25544829389
4.10333183156
3.95447872065
3.80919260549
3.66779442891
3.53028603641
3.39732559411
3.26856260313
3.14544390086
3.02796366207
2.91658185751
2.81226079181
2.71522895936
2.62620094615
2.54429829635
2.46710777343
2.38802014701
2.29716363668
2.18150661258
2.02917973404
1.83280418726
1.5917733045
1.30741709644
0.969444678203
0.563932632681
0.144949069159
-0.173269553776
-0.550604942967
-1.24755484056
-1.91287504975
20.3695934261
1.59820545874
7.36953488593
4.68717816617
4.98639134766
4.74830737032
4.77005064761
4.81858872263
4.90420463087
5.00671629262
5.1174246236
5.23179684254
5.34735924018
5.46275574214
5.57710993699
5.68968366049
5.79971924047
5.90638266447
6.00875648634
6.10585955455
6.19667574339
6.28018401608
6.35538858145
6.42134514706
6.47718296235
6.52212518012
6.55550165666
6.57677114731
6.58550642204
6.58147200274
6.56448297342
6.53508696851
6.49377322534
6.4402925326
6.37490598355
6.29815804865
6.21066524068
6.11308098246
6.00612169673
5.89057823383
5.76731124367
5.63724639188
5.50137197292
5.36073713308
5.21644159287
5.06963405056
4.92145306726
4.77303319235
4.62543124221
4.47960109724
4.33642883537
4.19654460266
4.06057135729
3.92871586316
3.80174929436
3.67892013125
3.56238895513
3.45208094624
3.34798274893
3.25155568023
3.16314724236
3.0844681762
3.01645964916
2.95963333964
2.91162415015
2.8664970061
2.8128935319
2.73578697985
2.61852190364
2.44669836334
2.20976759273
1.90037538206
1.51067368222
1.0337054645
0.494571116974
-0.00865505930672
-0.392029231943
-0.735709920219
-1.01777851868
-1.59288074431
21.5008709393
1.32666038523
8.04327357767
4.77850068414
5.30242727464
4.98658373246
5.02933587334
5.07085098881
5.15167612994
5.24476756571
5.34296684081
5.44240094706
5.54128232368
5.63888495574
5.73485589242
5.82888433934
5.92055893103
6.00932412359
6.09448414855
6.1752328777
6.25068922476
6.31993332502
6.38204379421
6.43612805823
6.48134890786
6.51694782519
6.54226256112
6.55675176397
6.55998964156
6.55173750627
6.53182674469
6.50082794686
6.45907160644
6.40627464104
6.34267241316
6.26879317689
6.18521841725
6.09254723468
5.99143311118
5.88259943185
5.7668331969
5.64498120788
5.51795018276
5.38671244944
5.25229470359
5.11580807149
4.97835470779
4.84107400285
4.70504135456
4.57125271742
4.44065965017
4.31391658815
4.19193567294
4.07448146261
3.96340387958
3.85841663841
3.76038801583
3.67017774156
3.58785979731
3.51572802406
3.45538812802
3.40931082012
3.3784273525
3.36146719997
3.35198153168
3.33762109415
3.29933504776
3.21411257152
3.05783849499
2.80882778387
2.45063866735
1.97661372425
1.39778295498
0.757787653934
0.150833303625
-0.307554024976
-0.593754079933
-0.781604334679
-0.875813810555
-1.24039120955
22.464263086
1.09980800668
8.70068604271
4.83869757841
5.6247467235
5.21149061447
5.28570365381
5.31800520799
5.39522098042
5.47889054592
5.56471768217
5.64933130047
5.73168492765
5.81169526592
5.88953382764
5.96531818523
6.0389841234
6.1102542531
6.17865262546
6.24354453594
6.30417737739
6.35972500764
6.40933396556
6.45215757573
6.48738790974
6.51428069296
6.53217951589
6.54054073305
6.53894733481
6.52716765718
6.50511235343
6.47327310253
6.43180156436
6.38042868132
6.31938214214
6.24916629085
6.17032320516
6.08339926504
5.98898430103
5.88773055279
5.78034661962
5.66759689927
5.55030099358
5.42935065519
5.30568784046
5.18038558209
5.05449850992
4.92918438584
4.80551836194
4.68459900611
4.56745809421
4.45480866371
4.34801435916
4.24748574578
4.15422868686
4.06820316132
3.99022793755
3.92183608246
3.86466742114
3.82207076741
3.79666031006
3.79070969523
3.80294848699
3.82690057525
3.84765112514
3.8416116051
3.77727671999
3.61971128765
3.33604794625
2.90342068864
2.31921180175
1.61322132157
0.85582163668
0.153734851948
-0.378818681438
-0.686480158938
-0.827984874634
-0.886929508855
-0.912717880417
-0.865267711609
23.2681361304
0.92864557339
9.32586471592
4.87430324854
5.95041765153
5.42048059779
5.53762404964
5.55752284416
5.63266475228
5.70687147035
5.78063748193
5.85071040194
5.91686816087
5.97966429161
6.03979247619
6.09779996523
6.15397147374
6.20830740665
6.26054935031
6.31022823116
6.35671002021
6.39925267013
6.43706329674
6.46933497084
6.49528518147
6.51417932893
6.52536509066
6.52828582326
6.5225335906
6.50784730039
6.48429728265
6.4523719881
6.41192307581
6.36275717039
6.30510119425
6.23939727678
6.16612268185
6.08576945442
5.99886908211
5.90600703219
5.8078123431
5.70496562475
5.59819555672
5.48831288329
5.37615784786
5.2627832549
5.1491841781
5.03656123003
4.92592844784
4.81880314973
4.71601556308
4.61934737201
4.52981731229
4.44708034295
4.37231643944
4.30596998706
4.24986113078
4.2067065
4.17969446603
4.17290790952
4.18864346616
4.22632890846
4.27833895466
4.32760284193
4.34510576693
4.29164698709
4.12241766411
3.79655650942
3.28931033231
2.60652653452
1.79684228459
0.953686141902
0.196965704134
-0.367323241828
-0.696224411512
-0.83429649043
-0.867066189156
-0.827915912362
-0.714342774912
-0.476128224426
23.9237107178
0.818852092592
9.90550875025
4.89315467529
6.27514568433
5.6119863256
5.78364989068
5.78708466501
5.86208101939
5.92669367216
5.98887588341
6.04481461299
6.09525680736
6.14136241059
6.18434525696
6.22518399444
6.26451361514
6.30261080063
6.33943085027
6.37466090098
6.40777156949
6.43809437107
6.46488986379
6.48738585812
6.50482258522
6.51647298961
6.52168903445
6.519894291
6.51069580539
6.49371509853
6.46931890771
6.43805699127
6.39935634099
6.35313883797
6.29966384997
6.23929581881
6.17241683688
6.09944607788
6.02084697269
5.93713803576
5.84886977694
5.75664061376
5.6610788485
5.56292652722
5.46292394803
5.3620906364
5.26136508003
5.16219510931
5.06521880549
4.97314928035
4.88694259972
4.80714051801
4.73505301421
4.67041561863
4.614866825
4.57000464767
4.53892180179
4.52558064662
4.53406272995
4.56770426959
4.62554276094
4.69960314268
4.77027889864
4.80461321158
4.75691401075
4.57556890326
4.21458266854
3.64991955729
2.89560342952
2.01412874598
1.11214622503
0.315208957869
-0.275254250969
-0.623939340161
-0.774778839326
-0.812317147103
-0.784033763456
-0.674542149297
-0.499214412691
-0.0803659186582
24.4437331211
0.771764343109
10.4294626134
4.90335541867
6.59359151096
5.78554795679
6.0222396937
6.00464207147
6.08177539597
6.13653158076
6.18776702074
6.23006917427
6.26539880077
6.29545642154
6.3219789167
6.34637675889
6.36963466383
6.39230179059
6.41454120098
6.43618157865
6.45678108473
6.47573537387
6.49235277128
6.50589258487
6.51561632095
6.52080548242
6.52081740413
6.51507549404
6.5031928435
6.48479066272
6.46039353289
6.43043415293
6.39420315093
6.35162894409
6.30300532752
6.24865781419
6.18888239231
6.12401515019
6.05443094173
5.98056786694
5.90288023584
5.82189045054
5.73812689109
5.65223426749
5.56489323686
5.47714677658
5.38984287039
5.30486870607
5.22347122836
5.14750357326
5.07796500499
5.01525753378
4.96071731835
4.91495431248
4.88036491971
4.85983214861
4.85763457916
4.87840374061
4.92545904654
4.99835799328
5.08830898287
5.17458633458
5.22122505876
5.17871809002
4.99083530874
4.60872170478
4.00873580456
3.2098551265
2.28190252227
1.33728756454
0.502402651968
-0.123980100625
-0.506489412666
-0.681560115879
-0.729589274388
-0.720444056083
-0.665392999577
-0.536324405566
-0.373043067973
0.315771184195
24.8414955807
0.785400943326
10.8907907935
4.91245660356
6.89985374446
5.94176653412
6.25162902499
6.20849782095
6.29025271307
6.33475189553
6.37582674026
6.40504793073
6.42596973859
6.44071791138
6.45156550712
6.46035129006
6.46840570719
6.47654433369
6.48512915123
6.4941096941
6.50311388461
6.51159581267
6.51890773164
6.52433858617
6.52716926985
6.52669095152
6.52227464408
6.51336142434
6.49958455462
6.48061230808
6.45702254203
6.42908573512
6.39607073412
6.35787503045
6.31478690423
6.26710349725
6.2150571796
6.15891837344
6.09895797643
6.03553366206
5.96899647532
5.89975537618
5.8282586785
5.75500340222
5.68090041481
5.60666463158
5.53400280198
5.46440074192
5.39878375
5.33903971905
5.28607730667
5.24075653412
5.20464649586
5.17930531379
5.16806851962
5.17500998389
5.20497620357
5.26165649278
5.34459134482
5.44526547332
5.54222905302
5.59858036787
5.56266971673
5.37599123243
4.98744019636
4.3726088083
3.55107496243
2.59407274293
1.61444551155
0.737694442962
0.0622597970117
-0.372706103522
-0.593975685838
-0.671133736977
-0.677603575835
-0.654310491793
-0.593454531695
-0.469929131209
-0.32970633279
0.707022048575
25.130125871
0.855428499564
11.2855389917
4.92691970718
7.18799445259
6.08211268796
6.46978640879
6.3973747506
6.48617143627
6.51992246726
6.55174845339
6.56847542327
6.5757792393
6.57603251789
6.57207428642
6.56615991668
6.55995793937
6.55454245555
6.55046181315
6.54775965929
6.54611941457
6.54505275086
6.5439530386
6.54213666546
6.53889832778
6.53353993817
6.52545105474
6.51411563238
6.49922486112
6.4805520234
6.45852176953
6.43331066354
6.40422506095
6.37113333967
6.33428576154
6.29393006765
6.2502164181
6.20337675105
6.15358796147
6.10109577
6.04615679804
5.98904542868
5.93036128602
5.86994455988
5.80976177139
5.75030236415
5.6923283679
5.63798034061
5.58815865154
5.54476529879
5.50886486017
5.48174877031
5.46539730238
5.46238783691
5.47696816152
5.51378938904
5.57672171851
5.665708694
5.77254823472
5.87645120884
5.94061135977
5.91334071301
5.73507808604
5.35312530715
4.74061467858
3.91431943259
2.9421664085
1.93388449439
1.01332108221
0.281090890495
-0.216332342977
-0.49470744411
-0.613097673214
-0.640837821673
-0.629766155714
-0.599837214685
-0.538307412573
-0.426433760219
-0.305756970551
1.088927959
25.3221215543
0.976036162397
11.6123246382
4.95185157917
7.45250530917
6.20863783622
6.67445480448
6.57044352767
6.66829702918
6.69082657317
6.71439543964
6.71923072462
6.71377668196
6.70040829446
6.68258152792
6.66294423492
6.64349257808
6.6255502714
6.60983419959
6.59645155375
6.58513489049
6.57545634277
6.56684729288
6.55864747186
6.55015595696
6.54068386871
6.52963613779
6.51658098019
6.501254415
6.48356822977
6.46390541305
6.44222728947
6.41787094166
6.39063569321
6.36070444422
6.32829573084
6.29349146919
6.25645406022
6.21727861889
6.17610659836
6.13326979429
6.08846546986
6.04295369597
5.99659702965
5.95026847693
5.90516798387
5.8619765644
5.82288929158
5.78913890138
5.76262683613
5.74457752001
5.7367081606
5.74159322324
5.76276286454
5.80485040881
5.8716349334
5.96346924477
6.07303237117
6.18069957752
6.25125739918
6.23411850733
6.07012950189
5.70515348456
5.10896029838
4.29282002801
3.31814391055
2.28875631957
1.32596638884
0.53358650362
-0.0323882458824
-0.374935037866
-0.542491866621
-0.599939141333
-0.602032770265
-0.581199770553
-0.546147895452
-0.484664808417
-0.382674695448
-0.276272138021
1.45762714381
25.429105836
1.1407057246
11.8718188479
4.99092443326
7.68863397936
6.32364200929
6.86326372031
6.72730071387
6.83547268397
6.84647845166
6.86279117897
6.85635258826
6.8390551394
6.81298206478
6.78227755917
6.74994190111
6.71828791424
6.68887858319
6.66257509843
6.63951850202
6.6194950106
6.60214023241
6.58692032891
6.57319227977
6.56024565823
6.54739296701
6.53408094463
6.52002412403
6.50478862437
6.48871576794
6.47228752827
6.4549636664
6.43614556627
6.41553287762
6.39319718097
6.36929100342
6.34385969169
6.31704141234
6.28899937017
6.2593399835
6.22885408963
6.19729742918
6.16492348937
6.132203595
6.09976140324
6.06881210451
6.04051826801
6.01708679502
5.99994865073
5.99096800654
5.99159661203
6.00405377677
6.03152241085
6.07796578136
6.14714672509
6.23970519488
6.34939497354
6.45844364734
6.53396491001
6.52780581137
6.38207036828
6.04184539509
5.47290527365
4.67953255507
3.71422698477
2.67277094745
1.67252996457
0.820292437078
0.182178960526
-0.230744764333
-0.454869364724
-0.549828054642
-0.572146685903
-0.560254759926
-0.533298217887
-0.494680813827
-0.433831709565
-0.339277861499
-0.242637168602
1.80977449791
25.4618084158
1.34280160548
12.0660898267
5.04637605518
7.89256619264
6.4293815807
7.03390494628
6.86791073141
6.98662000941
6.98613223215
6.99610856186
6.97904339966
6.95085130343
6.91302252679
6.87046976075
6.82649018222
6.78370376618
6.74389924818
6.70805152599
6.67631365815
6.64854016419
6.6244302841
6.6034849133
6.5850686281
6.56843584318
6.55289928016
6.53805170323
6.52375384967
6.50956478431
6.49592217878
6.48326936726
6.4709518345
6.45832315791
6.44492950401
6.43072994949
6.41581105004
6.40036709234
6.38394795422
6.36725156702
6.34989576678
6.33175015553
6.3130402146
6.29379846548
6.27446948742
6.25582962063
6.23922147008
6.22619045521
6.21892237717
6.21895207821
6.22813536487
6.24823796053
6.28193250601
6.3326208302
6.40357195141
6.49574394322
6.60395862749
6.71260350493
6.79182435897
6.79666112362
6.67152717608
6.36126706199
5.82783077341
5.06766377402
4.12295239824
3.07956055879
2.04928759531
1.14069207839
0.429547928314
-0.0586417496581
-0.346675758635
-0.486817423281
-0.536048324732
-0.538016306206
-0.517918915176
-0.48681197164
-0.445834907526
-0.385979301991
-0.297080606004
-0.207159690527
2.14242387425
25.4300162134
1.57586567712
12.1979256897
5.11918688063
8.06159838283
6.52791327877
7.18435404936
6.99252113581
7.12076296989
7.10927215114
7.11365836881
7.08666859941
7.04854165067
6.99993050947
6.94658304196
6.89202845575
6.83918660761
6.79005238532
6.74568045022
6.70622813442
6.67163792017
6.64167122928
6.61587047387
6.59358628229
6.57400724648
6.55652193557
6.54100701392
6.52732082066
6.51487175753
6.50430363012
6.49636402506
6.48975031655
6.48375440556
6.4780382169
6.47249210464
6.46667066017
6.46144085374
6.45619162328
6.45076103753
6.44539953452
6.43970516622
6.43371059247
6.42742593907
6.42142389043
6.41668000014
6.41474739802
6.41741374378
6.42679716442
6.4445049059
6.47243024789
6.51260437059
6.56779006145
6.64070479559
6.73225589217
6.83832524521
6.94550456178
7.02731573768
7.04265875383
6.93899260732
6.6617944373
6.16961126517
5.4510701012
4.53721675631
3.50263682896
2.45172921437
1.49306740561
0.710744888998
0.144377271483
-0.21421291707
-0.407592399106
-0.490734722539
-0.511520450372
-0.501277769722
-0.475850129551
-0.441644806905
-0.398963935393
-0.34006740607
-0.255441743081
-0.170256216265
2.45215168446
25.3419574677
1.83404458327
12.2709015104
5.20977851359
8.19438714516
6.62102107714
7.31303910197
7.10153041361
7.23705061039
7.21557728559
7.21488018382
7.17875321154
7.13164051475
7.0732425772
7.01016511626
6.94610771125
6.88428294959
6.82686505085
6.77495828319
6.7287334354
6.6882349434
6.6532846481
6.62347232046
6.59809695392
6.57629605832
6.55772620145
6.54262451327
6.53042272409
6.52040293685
6.51317431667
6.51069748137
6.51069456311
6.51157090555
6.51356090115
6.51693889219
6.52089626591
6.5256574107
6.531389593
6.53758961253
6.54426646719
6.55088734604
6.55744831738
6.56401734512
6.57138848454
6.58075147999
6.59386567792
6.61265464074
6.63914179541
6.67496236152
6.72199094882
6.78221729399
6.857736922
6.94922640161
7.05329604182
7.15867703789
7.24232417334
7.26737177856
7.18501457176
6.94217591509
6.49487725542
5.82436899061
4.950461393
3.9354583819
2.8746685909
1.87452189369
1.02552295087
0.380380586407
-0.0539966013185
-0.308541033571
-0.433488721427
-0.478840977712
-0.481803372611
-0.463811127297
-0.434553592642
-0.397831424334
-0.353707668856
-0.29540187484
-0.213726795254
-0.131683126043
2.73216055005
25.2033614227
2.11428058574
12.2908788579
5.31892560332
8.29084825977
6.70993562288
7.4188274045
7.19530700818
7.33477441167
7.30487480776
7.29934621788
7.25498234231
7.19980844926
7.13264433737
7.06090345897
6.98841204648
6.91866281058
6.85397700207
6.79549378127
6.74342302429
6.69790304857
6.6588029321
6.62574453113
6.59796155685
6.57467296925
6.5559106235
6.54182131529
6.53106699604
6.5245512183
6.52224741094
6.52542859699
6.53193405732
6.54024467046
6.55028131904
6.56236899894
6.57614445599
6.59151812528
6.60841132481
6.62625470407
6.64484938409
6.66359248341
6.68255299744
6.70195096471
6.72282463336
6.74658181592
6.77514157736
6.81045923845
6.85441566205
6.90855027358
6.97446803929
7.05349824652
7.1459594807
7.24889442464
7.35282427138
7.43802434463
7.47196852696
7.41008094306
7.20158124817
6.80096758685
6.18304874919
5.35675114116
4.37163867323
3.31241498214
2.2811486493
1.37238779696
0.650342050214
0.136843743503
-0.185942068185
-0.361002759976
-0.437936471539
-0.458448394736
-0.4499839827
-0.426727045529
-0.394474118682
-0.355555133743
-0.30998899535
-0.251663999637
-0.17152339451
-0.0910473377183
2.96836223307
25.020825194
2.42023965539
12.2658285195
5.44700375636
8.3511379252
6.79482243766
7.50090963838
7.27405035836
7.41340770523
7.3771060671
7.3667806503
7.31520300268
7.25286189368
7.17797791936
7.09863288135
7.01876511489
6.94212000435
6.871129717
6.80697596335
6.74994666216
6.70023757546
6.65772667971
6.6220245198
6.59236107571
6.56821098223
6.54972728968
6.53616184462
6.5261556253
6.5256571798
6.53047155877
6.53951803229
6.55207651612
6.56762667121
6.58628020111
6.60776858666
6.63165138831
6.65781783874
6.68588124058
6.71521284775
6.74549841405
6.77617929274
6.8074454469
6.83973771711
6.87433711696
6.91284400265
6.95725058554
7.00941797369
7.07096600432
7.14307803498
7.22659991455
7.32130233963
7.42442518207
7.52786823688
7.61485386339
7.65710735159
7.61454928704
7.43944377959
7.08587968166
6.52339719355
5.75087302853
4.80509036254
3.75902715482
2.70822583214
1.74871604247
0.95409457526
0.360348704017
-0.0363622402711
-0.269578259384
-0.385954544045
-0.429789849442
-0.433921090689
-0.41786513983
-0.39076743873
-0.3560106231
-0.315058136226
-0.267876502002
-0.208717004461
-0.128480284403
-0.0477872328488
3.14098948964
24.8192060798
2.75555443101
12.197202313
5.5914797223
8.37487272862
6.8748087535
7.55884201362
7.33778115239
7.47266020682
7.43229766569
7.41706355419
7.35939317667
7.29073976832
7.20919067461
7.12327312576
7.03705515096
6.95448497186
6.87806563722
6.80903959303
6.74780220632
6.69459217858
6.6492611051
6.61137383097
6.58027154612
6.55558768103
6.53746779508
6.52529809323
6.51991934874
6.52413332096
6.53446570819
6.54992301522
6.5697344293
6.59337811086
6.62106891321
6.65220598873
6.6863296236
6.72320783609
6.76227663162
6.80288347122
6.8446451131
6.8871378634
6.9307143655
6.97607421674
7.0247111467
7.07834870657
7.13892021364
7.20802068852
7.28677931908
7.3755936353
7.47384331384
7.57868578791
7.68302965268
7.77254696545
7.82287948391
7.79851287925
7.65532629779
7.3480918241
6.84242937086
6.12831189293
5.23016786349
4.20851050402
3.15046062572
2.15089826794
1.290355218
0.617602862968
0.143084089296
-0.155522855219
-0.31947056125
-0.39351787339
-0.41473087494
-0.407930385494
-0.386618224752
-0.356546315122
-0.319612278136
-0.276730891846
-0.227682435903
-0.166661988939
-0.0842734045336
-0.00107213263871
3.24503825111
24.6541009859
3.08904841034
12.0758076141
5.74805296786
8.36300710158
6.94869995833
7.59274831172
7.38637289344
7.51249523636
7.47050118738
7.45018172484
7.38756983396
7.31340427098
7.22621377387
7.13469704979
7.04309442179
6.95548939067
6.87442452635
6.80122763634
6.7363760929
6.68023906074
6.63265482811
6.59317084968
6.56145790155
6.53722659776
6.52030528271
6.51082417271
6.51032981505
6.51893210541
6.53514018047
6.5573355526
6.58480467563
6.61696455661
6.6537914565
6.69455706705
6.73886213802
6.78627853216
6.83614383868
6.88781198031
6.94089310593
6.99516192132
7.05116566372
7.10986150192
7.17288636066
7.24196659572
7.31879148879
7.40444437328
7.49920208163
7.60209050745
7.71018991159
7.81701721936
7.91020454364
7.96880646861
7.96170048518
7.84875748056
7.58640046691
7.13773220825
6.48521079593
5.6417105369
4.65499453504
3.60219203556
2.5745277083
1.65679008399
0.908677431563
0.35456362423
-0.0154019513514
-0.234824961342
-0.34664072382
-0.390625788601
-0.396404691956
-0.38218637631
-0.357100972278
-0.324641785197
-0.28579595834
-0.241140906601
-0.190074700992
-0.126016651573
-0.03867945272
0.0503330485408
3.30736137218
24.5415401727
3.36381893663
11.9216547334
5.90803579955
8.3222034837
7.01377555126
7.60397734444
7.41933261718
7.5332046683
7.49169447955
7.46619318833
7.39972525824
7.32081793383
7.22896422883
7.13277870399
7.0367159169
6.94493394617
6.86001922712
6.78346475431
6.71590408136
6.65760826951
6.60842657442
6.56810588823
6.53651102157
6.51351924587
6.49884219005
6.49309422057
6.49765637877
6.51116139416
6.53311925196
6.56190129882
6.59694029708
6.63755082616
6.68339571889
6.73369137929
6.78801700419
6.84575542599
6.90620428012
6.96874974009
7.03307073458
7.09917802534
7.16782012736
7.2401628452
7.31787094422
7.40249665332
7.49523598566
7.59632457881
7.70470678732
7.81736231909
7.92825244037
8.02644997752
8.09388029321
8.10343073665
8.01909836953
7.79974896317
7.40731369074
6.81826805728
6.03505532172
5.09282821246
4.05757176794
3.01456828598
2.05012594017
1.23261481625
0.59940019097
0.153763114013
-0.128352464295
-0.285762710504
-0.359124796938
-0.381972284188
-0.377202017602
-0.357885846697
-0.330072473246
-0.295734287369
-0.255283913124
-0.209204848186
-0.156413360277
-0.0882751114528
0.00806844192058
0.108304560099
3.36492513613
24.4164638495
3.59569630558
11.7636391677
6.0466853987
8.26515672031
7.06322018388
7.59635091528
7.43521746694
7.535710201
7.49573939529
7.46536648146
7.39597754326
7.31317684615
7.21764190863
7.11774705301
7.01816381295
6.92309679172
6.83522557232
6.7561611609
6.68670032507
6.62704451014
6.57707645781
6.53669913542
6.50591548153
6.48465934489
6.47285336941
6.47133341654
6.48104789231
6.49981158996
6.52749680382
6.5629101554
6.60542980447
6.65430749597
6.70897915655
6.76863414743
6.83274525487
6.90056149777
6.97138788209
7.04467688871
7.12023995123
7.19832894312
7.27986365665
7.366118135
7.4586191184
7.55850651135
7.66616512116
7.78056600421
7.89877642965
8.01507132202
8.11963672227
8.19667864227
8.22261641102
8.16546268719
7.98708285191
7.64945054331
7.12462690578
6.40599562884
5.51663896181
4.51068379778
3.46550986327
2.46626035832
1.58746032883
0.877992668656
0.354332324218
0.00342386668068
-0.207258178364
-0.31722437652
-0.362647317286
-0.370728656499
-0.358730163758
-0.33590676444
-0.306204816553
-0.270531029126
-0.228838337447
-0.181851049942
-0.128464802637
-0.0562792166215
0.0546879523625
0.175997895415
3.42584133538
24.2554446687
3.8078600765
11.5945575484
6.16427231892
8.19506786458
7.09375736818
7.57237974216
7.43293370987
7.52089557459
7.48255858725
7.4480640322
7.37653123055
7.29078721551
7.19256870212
7.08998131407
6.98787016779
6.89046984321
6.80054649539
6.71981296741
6.64914861377
6.58882433862
6.53880763538
6.49908323489
6.46970138264
6.45068454247
6.44220744304
6.44516810099
6.45987693031
6.48403645152
6.51754028779
6.55965663574
6.60957061712
6.66652576653
6.72979989427
6.79856693518
6.87217692299
6.94981788429
7.03083952779
7.11479776078
7.20167119108
7.29192087221
7.38656400766
7.48683017361
7.59388900728
7.70817069884
7.82887453227
7.95325006286
8.0759604205
8.18804600637
8.27554371243
8.31783897605
8.28669090556
8.14725391233
7.86255602797
7.40176245944
6.75072424998
5.92134737396
4.95563244605
3.92148486619
2.90037052018
1.97030293411
1.18977071675
0.587912595837
0.163610482026
-0.107455650601
-0.261541880453
-0.335877776085
-0.361241905423
-0.359067279461
-0.342130141512
-0.316957123582
-0.286158328401
-0.249908863435
-0.207592408806
-0.16041525318
-0.108914267437
-0.0362150670461
0.0953434038536
0.257882155875
3.48993245251
24.054488818
4.00786335158
11.4126097563
6.2615097714
8.11312333812
7.10475566
7.53295886568
7.41265446891
7.4894243265
7.45265692761
7.41488852073
7.34194496339
7.25419492851
7.15424836245
7.04994366147
6.94625377007
6.8474322041
6.7563234069
6.67472360154
6.60360198196
6.54332482028
6.49396246983
6.45555137848
6.42813219911
6.41179252907
6.40694828073
6.41441739022
6.43377033587
6.46342085018
6.50294214039
6.55169193194
6.60884560165
6.67363400751
6.74523514814
6.82280872009
6.90561158315
6.99283651458
7.0839074012
7.17851046769
7.27678889618
7.37934234366
7.48716414455
7.60123610736
7.7221021016
7.84914078521
7.97996923278
8.1096818308
8.23011644197
8.32876702248
8.38749419478
8.38139046906
8.27897656723
8.04508737128
7.64738081997
7.06577032059
6.30216334434
5.386598173
4.37636450694
3.3470037245
2.37732379337
1.53316326831
0.855248719112
0.354778762905
0.0171928941117
-0.18845900601
-0.29864575173
-0.346631528925
-0.35774490271
-0.348503992173
-0.328239090872
-0.301583237333
-0.270424766893
-0.23459748975
-0.192668653489
-0.145798402565
-0.0987602841864
-0.0349656330743
0.115904142386
0.356786177059
3.55614328609
23.8143912232
4.19730538989
11.2178898812
6.3394154875
8.01951085519
7.09687021298
7.47839484062
7.37498730694
7.44181603929
7.40664496654
7.36643861098
7.29282777983
7.20399570854
7.1032607623
6.99819301747
6.89385110762
6.79449382587
6.70303187223
6.62133714563
6.5504655696
6.49089859077
6.44281941291
6.40630493447
6.38136243102
6.3681130891
6.36714973012
6.37918303905
6.40313407657
6.43815345753
6.48353988575
6.53871880988
6.60286086874
6.67516979884
6.75477203949
6.8408154762
6.93251063948
7.02910249052
7.13010875664
7.23535031006
7.34509243823
7.45996354506
7.58076491778
7.70798348271
7.84123271249
7.97848384812
8.11540315448
8.24458902697
8.35480800419
8.42995861844
8.44804983257
8.38084454066
8.19549946797
7.8593469273
7.34794154242
6.65457524154
5.79787897173
4.82383786125
3.80016220169
2.80384434591
1.90558246949
1.15612779348
0.578810366782
0.169939812087
-0.0942546556715
-0.24755515189
-0.324298838332
-0.353064013265
-0.354166411047
-0.34012986932
-0.317707427107
-0.290229299131
-0.259318296537
-0.225063138569
-0.185389576255
-0.139867173188
-0.0984218937917
-0.0596349630126
0.0779730033788
0.434485442123
3.62388238372
23.5360528076
4.37658924934
11.0110580642
6.39872809461
7.91453990009
7.07083839881
7.4090947434
7.32060576304
7.37866553215
7.3451970606
7.30337636874
7.22984571907
7.14083647229
7.04022930613
6.93532327063
6.83122432235
6.73218288688
6.64116442983
6.56011007684
6.49016125225
6.43190909052
6.38564843813
6.35151090224
6.32949595593
6.31974492689
6.32292231794
6.33954582926
6.36798284004
6.40811497478
6.45912376892
6.52045848859
6.59127220112
6.67075094566
6.75800152257
6.85217286836
6.95247658093
7.05823817855
7.16907389307
7.28491327446
7.40606201859
7.53302927532
7.66621528401
7.80533496896
7.94875636941
8.09271565468
8.23064384311
8.35245079121
8.44379358037
8.48518488896
8.45141946207
8.31225084659
8.03565001518
7.59428511892
6.97434028658
6.18392693854
5.25748451158
4.25338479566
3.2443795958
2.3034147609
1.48929540344
0.836744490016
0.353552680893
0.0247194289777
-0.178928572184
-0.291172241142
-0.342857730716
-0.357805628723
-0.351986222998
-0.334786551251
-0.311072232685
-0.283245712653
-0.252860366835
-0.220856342046
-0.185713360627
-0.144307409961
-0.105538739265
-0.0937993287094
-0.0423865965592
0.311407813705
3.69281860081
23.2202034025
4.54584426598
10.7927255943
6.44016011231
7.79855310163
7.02744779609
7.32553524839
7.25022145053
7.30060752089
7.26901558346
7.22639133322
7.15369110729
7.06539257278
6.96580898795
6.86196359244
6.75897396614
6.66106794897
6.57125434196
6.49153751452
6.42313727987
6.366737076
6.32271785883
6.29126236652
6.27240594162
6.2663583055
6.27382882046
6.29507867431
6.32804634402
6.37299971505
6.42942476294
6.49661855922
6.57377591427
6.66006563343
6.75460802217
6.85657433921
6.96521647628
7.07995052749
7.20047527912
7.32676989517
7.45906260857
7.59756212587
7.74203013223
7.89112456935
8.04167741356
8.1879373508
8.32094604609
8.427906782
8.49152657532
8.48935914737
8.39387608459
8.17441217214
7.8020772771
7.25748640138
6.53938602206
5.67084867038
4.69983405167
3.69270339718
2.72202925153
1.85238769682
1.12864016234
0.57013267853
0.171851895032
-0.0889540669327
-0.243743287083
-0.324379705164
-0.357606102737
-0.362801700732
-0.352314166711
-0.333117736368
-0.308704404273
-0.280749618431
-0.25061195293
-0.22014620525
-0.189999295095
-0.156047860083
-0.114573858608
-0.0899454716626
-0.172837448742
-0.493911159337
3.76273825654
22.8673735586
4.70510834658
10.5635160369
6.4643313686
7.67197348954
6.96747085067
7.22826125029
7.16456923694
7.20831911007
7.17883187417
7.13620306848
7.065081854
6.97836283224
6.88067552204
6.77876122227
6.67771573745
6.58172968525
6.49384353817
6.41612037066
6.34985478395
6.29580629506
6.25441182649
6.22588649142
6.21032532078
6.20803858821
6.21969470201
6.24512860706
6.28272986287
6.33255847949
6.3941975622
6.46697208065
6.55013756736
6.64287717116
6.74435541892
6.85378915243
6.97049451322
7.09396835098
7.22395124288
7.36038094001
7.50326005479
7.65229218309
7.80635341932
7.96278054294
8.11664249151
8.26006360757
8.38169615099
8.46618182635
8.49358951718
8.43910135198
8.27395582189
7.96884700241
7.50033510578
6.85913757418
6.0575178221
5.13239293784
4.14192973394
3.15580662
2.24188134553
1.45344450126
0.820924468462
0.350060668252
0.0261160942147
-0.178232817207
-0.294384863703
-0.351147771291
-0.37106642393
-0.369588602559
-0.356111312528
-0.335748561096
-0.310933573049
-0.282617473467
-0.25153481102
-0.219662131047
-0.189569947599
-0.157674397164
-0.10677167107
-0.0351696005452
-0.0757667473019
-0.50856157471
3.83346552523
22.4779600583
4.85432111846
10.3240618782
6.47180799424
7.53526159426
6.89168131381
7.11785436928
7.0644029056
7.10250353556
7.07539665121
7.03354990507
6.96475197281
6.88046068511
6.78551769919
6.6863749451
6.58807505954
6.49475589143
6.4094764427
6.33435309643
6.27075417335
6.21950657026
6.18108130097
6.15570993416
6.14356379954
6.1450786615
6.16083859916
6.19020761251
6.2322632735
6.28675766947
6.35333930804
6.43137896706
6.52019232311
6.61900956537
6.72705960393
6.84362113551
6.96807818382
7.09997718476
7.23903385064
7.38502630965
7.53756215642
7.69562670085
7.85697773246
8.01741973705
8.17013068015
8.30511311396
8.40877595881
8.46346218165
8.44700478722
8.33291511496
8.09245064866
7.69955108334
7.13836200272
6.41120953413
5.54377306193
4.58461445914
3.5981959423
2.65307363509
1.80888472718
1.10613669153
0.561581411382
0.16976942486
-0.090739271209
-0.249229353896
-0.335429831479
-0.37455140438
-0.385166610539
-0.379357260817
-0.364132130932
-0.34313225155
-0.31789110667
-0.288512113523
-0.254640729132
-0.217703490958
-0.181794746172
-0.144758480698
-0.0791685447466
0.0458707905355
0.100387048624
-0.29117034325
3.90483467756
22.052231082
4.9933165462
10.0750214879
6.46310540611
7.38890999218
6.80084862903
6.99492377332
6.95048776303
6.98388382971
6.95947447279
6.91918368111
6.85344588835
6.77240769742
6.68102974876
6.58546635563
6.49067761472
6.40073245151
6.31869334513
6.2467223467
6.18626190157
6.13820752761
6.10305718921
6.08104626251
6.07241865896
6.07774364049
6.09751919565
6.13064615205
6.17680906595
6.23563158446
6.30680585051
6.38974087598
6.48381311946
6.58831646593
6.70255200396
6.82586317971
6.9576843621
7.09755963415
7.24509017205
7.399757015
7.56059476735
7.72566757446
7.89142317729
8.05200579489
8.19869786629
8.31952083599
8.39889287109
8.41717194996
8.35039278441
8.17119006933
7.85223545353
7.37262180629
6.72587259822
5.92663496054
5.01287740363
4.04180186405
3.08009708582
2.1913892133
1.42477519912
0.807743702117
0.34499606586
0.0225518707149
-0.185039320703
-0.307042274571
-0.370535000787
-0.39702052319
-0.401506336558
-0.393266222423
-0.37738973766
-0.356364334759
-0.331033727557
-0.300702479782
-0.263735174125
-0.221121144399
-0.18000003591
-0.141881988154
-0.0702820794327
0.0900952452991
0.208594475833
-0.140322647931
3.97667238856
21.5903442149
5.12180629884
9.81707493182
6.43870223579
7.23343125774
6.69574115162
6.86009694665
6.82359594357
6.85319537742
6.83183755622
6.79386324355
6.73191226087
6.65492740641
6.5679053113
6.47669395158
6.38614381865
6.30023869986
6.22202741947
6.15370441561
6.09678121944
6.05222895813
6.02059041449
6.00211934552
5.99711594683
6.00623204832
6.0298425672
6.06646409055
6.11636287766
6.1791571277
6.25453834357
6.34196777378
6.44088450608
6.55065283149
6.67064396073
6.80025413408
6.93893165197
7.08614840027
7.24128436324
7.4033775473
7.57071825032
7.74027802008
7.90706910263
8.06355377839
8.19924367703
8.30042909279
8.34983134396
8.32612006328
8.20397744589
7.95606209537
7.55798260732
6.99580672141
6.27372411024
5.41854350796
4.47850254125
3.51597415064
2.59604870294
1.77450616875
1.0887609317
0.554048999707
0.165146005108
-0.0978729635669
-0.262248784108
-0.355846295042
-0.402607905626
-0.42050180676
-0.421461427634
-0.412471750567
-0.397092529288
-0.37694477208
-0.352525593914
-0.322668411733
-0.284226949417
-0.237245950389
-0.193962616872
-0.164896783644
-0.103410375257
0.0816225640003
0.260865125384
-0.00817588708
4.04877789835
21.0923563923
5.23936412544
9.55091939672
6.39904924985
7.06935285367
6.57712790976
6.71401570786
6.68450330388
6.71118145815
6.69326141991
6.65834981725
6.60089918681
6.52874029867
6.44683212349
6.36070758779
6.27508322911
6.19384319323
6.12000625212
6.05578163503
6.00273223819
5.96189552902
5.93387297019
5.91897563653
5.91758122766
5.93037668994
5.9575461282
5.99754762597
6.05084968217
6.11727705162
6.19646758859
6.28797195478
6.39128629758
6.5058500834
6.63109375362
6.7664414764
6.91130378488
7.06499726965
7.22656565339
7.39446199927
7.56608454082
7.73719263418
7.90132476257
8.04935645692
8.16926674731
8.24591881866
8.26059622634
8.19051174806
8.00946368489
7.69117752614
7.21581646666
6.5780253767
5.79330406593
4.89959554597
3.95271263965
3.01662387947
2.15155814443
1.40354056355
0.798202699264
0.339992521474
0.0160622711963
-0.197151591652
-0.326982403918
-0.399040001679
-0.434019278832
-0.446709551669
-0.446510548338
-0.438639520326
-0.425525268862
-0.408261106666
-0.387573981713
-0.362737384183
-0.329231877744
-0.284359172197
-0.246340114483
-0.247672032845
-0.243355709049
-0.0685360927146
0.218313599208
0.108322991794
4.12091241435
20.5582466045
5.34540965703
9.27726162539
6.34457959463
6.89721306193
6.44578262669
6.5573342654
6.53398830836
6.55859020684
6.54452177392
6.51340336142
6.4611504497
6.3945598847
6.31848801831
6.23814410313
6.15808893108
6.08209496461
6.01313894224
5.95343120064
5.90456733677
5.86763243399
5.84328384077
5.83191593729
5.83400886033
5.85023018791
5.88046895497
5.92373777986
5.98026832387
6.04996909221
6.13255633773
6.22767141053
6.3348792402
6.45369059794
6.58357659671
6.72395245418
6.87412773829
7.03317365924
7.1996842588
7.37140346796
7.54472958001
7.71415955115
7.87181944692
8.00720536495
8.10707639988
8.15515347269
8.13143701355
8.01184076366
7.76982645472
7.38140942578
6.83294960955
6.12889856158
5.29597039141
4.38143860492
3.44560178072
2.55067294139
1.74952813726
1.07752274338
0.549232513028
0.160180878891
-0.107872379832
-0.280222294898
-0.383103831357
-0.439450438173
-0.466871926987
-0.477462114151
-0.478683422467
-0.474580585268
-0.466979683226
-0.456938380041
-0.446276712866
-0.436550703894
-0.42356075901
-0.399257761441
-0.381911197897
-0.435458220653
-0.546978316568
-0.440471682909
0.0774724998451
0.404158640215
4.19277201748
19.9879334116
5.43919216293
8.99680872454
6.27571968459
6.71756025064
6.30248921185
6.39072036189
6.37283289102
6.39617369122
6.3863930122
6.35978041197
6.31340300449
6.25309000872
6.18353827754
6.10962505229
6.03573534009
5.96551917309
5.9019027961
5.84708937988
5.8026932669
5.76983040524
5.74920978289
5.74132897453
5.74679380858
5.76623680403
5.79924296718
5.84539623927
5.90474540642
5.97727762758
6.06277444802
6.16096118933
6.27147315018
6.39387782191
6.52765937892
6.67217692364
6.82656964552
6.98957418848
7.1592344922
7.3324921479
7.50469189866
7.66909924136
7.81659104066
7.93558099399
8.0119364019
8.02842143447
7.96376080123
7.79269425366
7.48905637736
7.03256576694
6.41732820028
5.65830592993
4.79256382496
3.87429865611
2.96511077093
2.12259853069
1.39065974503
0.793944487814
0.337276239365
0.0092542009269
-0.211767555233
-0.351355310988
-0.433917172046
-0.479648575856
-0.503470868502
-0.515426409115
-0.521821078426
-0.526443505528
-0.531566322607
-0.539317566474
-0.553974511565
-0.581779022078
-0.621223896502
-0.652649906141
-0.66839883207
-0.739928423822
-0.937061967584
-0.977227837544
-0.282439971253
0.770364417411
4.26397758357
19.3813087057
5.51977691292
8.71025815183
6.19290139258
6.53095496003
6.14804920023
6.21485903674
6.20182538324
6.22468883504
6.21964828747
6.19823324369
6.15838566474
6.10502315269
6.04263394173
5.97575555969
5.90857859227
5.84461988274
5.78674879031
5.73715883308
5.69747714927
5.66883769888
5.65198964977
5.64753574738
5.65621923715
5.67864823699
5.71411659297
5.76268859401
5.82436909043
5.89920542925
5.98704046302
6.08767314085
6.20079804884
6.32601599137
6.46278879096
6.61036690965
6.76765054695
6.93296282698
7.10372125977
7.27601467549
7.44414503645
7.60026341541
7.73425271691
7.8337918136
7.88412595024
7.86707777117
7.75995683805
7.53651072523
7.1719023874
6.65111575877
5.97730008122
5.17598376856
4.29300552163
3.38670847574
2.51700216457
1.73468289111
1.07389881009
0.549257213231
0.157459932469
-0.11789009443
-0.300208395443
-0.414327161395
-0.48251994462
-0.522513779993
-0.547202416472
-0.565481016302
-0.583589024485
-0.606325156431
-0.637652510598
-0.681239843614
-0.742348153809
-0.827885568884
-0.931472895522
-1.00275165239
-0.964486562212
-0.857411310948
-0.931127295808
-1.18907692724
-0.742311658688
1.1125520118
4.33403702121
18.7382661095
5.58603218021
8.41828585245
6.09657612794
6.33797579866
5.98329177773
6.0304595566
6.0217657428
6.04490039975
6.04506116524
6.02951041144
5.99681887278
5.95103967245
5.89641073061
5.83712351733
5.77715681244
5.71988171818
5.66810199945
5.6240007696
5.58922280921
5.56492493184
5.55189286091
5.55081370326
5.56253620037
5.58762652385
5.62515381828
5.67564547666
5.73912821067
5.81567863841
5.90520443982
6.0075650014
6.12249746099
6.24960770936
6.38829636301
6.53765374592
6.69628105061
6.86202818834
7.0316438415
7.20036485086
7.36153071336
7.50637799747
7.62412146772
7.70204849044
7.72491415122
7.67339895003
7.52316582214
7.24733140967
6.82364072279
6.24394584705
5.52130952802
4.69117063393
3.8059877909
2.92536801573
2.1049650353
1.38734085253
0.796878343709
0.33928975112
0.00488945488478
-0.226012351527
-0.377372408658
-0.472727290102
-0.532300070242
-0.571939659563
-0.603439475256
-0.635644513889
-0.675791436668
-0.730359975881
-0.804482712005
-0.90002019285
-1.01496941858
-1.14394754933
-1.26379212885
-1.29093137843
-1.08867920403
-0.694568400173
-0.592061258638
-1.13056020962
-1.28513042181
1.51770946737
4.40233390981
18.0587523522
5.63662267511
8.12153430855
5.98723066318
6.1392293078
5.80908661953
5.8382654947
5.83347322272
5.85758595634
5.86340889771
5.85435855517
5.82941553201
5.79180773905
5.74548832572
5.69429880581
5.64199159853
5.59177845347
5.54638333114
5.50796912411
5.47819650655
5.45825497744
5.44898318028
5.45114892694
5.46566290157
5.49301569343
5.53229941101
5.58421088009
5.64894243029
5.72656192817
5.81705617615
5.92032590154
6.03613444761
6.16406374558
6.30341683033
6.45308000051
6.61131123699
6.77545476207
6.94158900968
7.10415538637
7.25567999395
7.3867571576
7.48629694511
7.54146777832
7.53645428641
7.45037473578
7.25703109624
6.929578557
6.44988498874
5.81814469871
5.05761820186
4.21230705834
3.33876224525
2.49512447041
1.73081727963
1.07948214608
0.556320638964
0.159567534643
-0.125194288782
-0.319567948468
-0.44725041971
-0.530339190889
-0.587440046992
-0.633364949736
-0.679827235443
-0.736485702264
-0.811750826165
-0.912520178797
-1.04152354484
-1.19224803695
-1.34657972683
-1.48136237573
-1.56870373052
-1.53511134361
-1.23945007536
-0.70567495166
-0.514177333514
-1.23899648213
-2.08027161161
1.95810369301
4.4680785955
17.3428145724
5.67000610462
7.82059910458
5.86540490239
5.93536450137
5.62636038015
5.63906853422
5.63779678707
5.66354302074
5.67547725016
5.67352548093
5.65688281487
5.62798404005
5.59046952784
5.54783001909
5.50358158841
5.46076594716
5.42201315996
5.38945196903
5.36474838423
5.34912337424
5.34348047697
5.34867523027
5.36563669432
5.39471318283
5.43543811837
5.4883476446
5.55372192497
5.63170321011
5.72234710722
5.82559015558
5.94120385514
6.06872093426
6.20731694548
6.35564307588
6.51159171554
6.67200186236
6.83232537103
6.98632050658
7.12591199799
7.24137901232
7.32168521713
7.35400778846
7.32161299129
7.20146728958
6.96546678632
6.58788206768
6.05643783709
5.3808097284
4.59405197913
3.74679615433
2.89702513745
2.09905437792
1.3947712774
0.808871890427
0.348374140897
0.00552881854328
-0.237368810596
-0.402831494327
-0.513910188079
-0.591486202235
-0.653241735973
-0.713876624723
-0.785826158691
-0.879737211458
-1.00413523679
-1.16367684174
-1.35500407402
-1.56075267568
-1.74951848817
-1.89360654312
-1.9857654809
-1.98666762841
-1.73852335013
-1.17506369093
-0.844996712002
-1.59087479733
-3.1879822753
2.42169962824
4.53029583675
16.5906776588
5.68444041756
7.51601573266
5.73171085829
5.7270921951
5.43611723004
5.43372626113
5.43562857184
5.46359836955
5.48206690924
5.48776436789
5.4799250425
5.46021577136
5.43194150587
5.39824389446
5.36239696982
5.32726509034
5.29537228174
5.26879974634
5.24920920735
5.23785226369
5.23570429882
5.24370933931
5.26279665101
5.29317384699
5.3347949612
5.38808483308
5.45339638384
5.53092672808
5.6207863816
5.72293783557
5.83714297496
5.96286542425
6.09913296799
6.2443479918
6.39604139601
6.55058418464
6.70289097876
6.84620103108
6.97210237768
7.07091824164
7.13196721833
7.14234319474
7.08375586545
6.93036980766
6.65247064671
6.2269617285
5.64917399925
4.93886604965
4.13777645215
3.30083114723
2.48489521668
1.73862539117
1.09573100289
0.572461539265
0.168874770264
-0.127350950004
-0.336060466148
-0.480060150236
-0.58174637427
-0.661308269191
-0.736365066365
-0.822390814994
-0.933051833563
-1.07972439417
-1.26991925212
-1.50472602664
-1.77507758247
-2.05746863648
-2.31664643297
-2.52677433272
-2.68633567413
-2.74785449664
-2.51841662258
-1.89759249764
-1.38354645904
-2.14234445232
-4.66011075384
2.85843533042
4.58776011676
15.8028146902
5.67799551703
7.20824518298
5.5868530692
5.51521028634
5.23946489044
5.22318501229
5.22792097935
5.25861983017
5.28400136259
5.29783889741
5.29924703573
5.28914310355
5.27047810311
5.24604816773
5.21888336748
5.19166713445
5.16680747107
5.14632344358
5.13185929403
5.1246925801
5.12587212175
5.13642755335
5.15728211391
5.18852254957
5.23042824981
5.28339955023
5.34784426803
5.42400462989
5.51203193642
5.61190220793
5.7233533763
5.84576773395
5.9780186737
6.11826753196
6.26371787831
6.41034791435
6.55266753467
6.68360540276
6.79471741511
6.87673497806
6.91951678004
6.90969384317
6.8265146869
6.64079409394
6.32199810585
5.85155887883
5.23393905445
4.49889249852
3.69510729346
2.87929458914
2.10497411973
1.41391365018
0.831592579789
0.3666727189
0.0135314042674
-0.243510321331
-0.42562928328
-0.55568568581
-0.655756163299
-0.746130628634
-0.845383658637
-0.970677458194
-1.13740354254
-1.35764964825
-1.6377069101
-1.97538821809
-2.35710322388
-2.7537712848
-3.119870819
-3.40602894331
-3.57176633604
-3.55176587791
-3.22565217814
-2.58677804882
-2.00308773788
-2.81088805974
-6.45979658262
3.21428714435
4.63897361918
14.9800533995
5.64858300452
6.89766409953
5.43165200139
5.30063640525
5.03764749815
5.00850865887
5.01570805388
5.04953074223
5.08213635398
5.10452915605
5.11555781786
5.11540157781
5.10664171548
5.09173296725
5.07346179649
5.05433067282
5.03662650144
5.02229500562
5.01294736091
5.00987206826
5.01417970783
5.02697652086
5.0491810878
5.08077976692
5.12231533977
5.17420477558
5.23689534355
5.31067094732
5.39571235034
5.49199983535
5.599239268
5.71672997934
5.84320132101
5.97660578331
6.11388524138
6.25073686754
6.38143568787
6.49884287679
6.59481265099
6.66082306763
6.68727658003
6.65962431031
6.55356247987
6.33631053123
5.97790110208
5.46640102721
4.816448824
4.06695479337
3.27136411059
2.4857300335
1.75847530665
1.12385239517
0.599527035876
0.187625754222
-0.121955843104
-0.347308563021
-0.510485811038
-0.634521508799
-0.741837655763
-0.853894866907
-0.991424017877
-1.17423849695
-1.41985918257
-1.74075499486
-2.1406869832
-2.61094579843
-3.12595044505
-3.63608633539
-4.0615445794
-4.30552930858
-4.30150829671
-4.06205919117
-3.65637654933
-3.13479042696
-2.59731347614
-3.45955308481
-8.48556150804
3.43686228049
4.682094179
14.1236925341
5.59400927832
6.58456514388
5.26707303751
5.08444956651
4.83208694084
4.79091465571
4.80013196539
4.83732759161
4.87737095049
4.9086383018
4.92957448425
4.93962462371
4.94098598562
4.93577543913
4.92653582769
4.91558868582
4.90509747266
4.89692983824
4.89265550518
4.89355835439
4.90078323857
4.91548210554
4.93855771998
4.96994081593
5.01038850979
5.06037127427
5.12034921643
5.1906447643
5.2714580029
5.36276949899
5.46425362236
5.57513873067
5.69404026688
5.81875994435
5.94607444415
6.07154398339
6.18940795352
6.29272736942
6.37399820507
6.42572361354
6.43860328335
6.39583364623
6.26842027832
6.02025433596
5.62392259448
5.07617837558
4.40217960011
3.64845247921
2.87077607106
2.12238296961
1.44540415072
0.866490433268
0.396231278666
0.0313144515043
-0.241827879413
-0.443059178838
-0.595199796369
-0.721916671516
-0.846955169795
-0.994240216606
-1.18783449431
-1.45063655364
-1.80129531433
-2.24942009129
-2.78957806608
-3.39488087744
-4.01055900293
-4.54799277858
-4.88796488352
-4.9216558855
-4.64901802259
-4.2431232089
-3.89106414349
-3.56365781963
-3.12698766451
-3.97687992099
-10.5907002197
3.48283895208
4.71497884623
13.235708597
5.51208091687
6.26917411892
5.09425848431
4.86793856915
4.62443240239
4.57181800333
4.58247555024
4.62310144257
4.67066068256
4.71100006165
4.74202603276
4.76244487933
4.77405601815
4.77864118643
4.77849814677
4.77576406806
4.77247233756
4.7704052278
4.77108497507
4.77578287602
4.78565561846
4.80186201309
4.82527714055
4.85590598849
4.89454459297
4.94175966
4.9980144623
5.06367138855
5.13894467287
5.2238189392
5.31794879695
5.42051969874
5.53008418314
5.64437662831
5.76013262099
5.87294532594
5.97723768996
6.06655305543
6.13437493662
6.17441150054
6.17709493378
6.12195552235
5.97431516415
5.69570127713
5.26372763754
4.68551185717
3.9962474591
3.24798992562
2.49644532029
1.79030266174
1.16477109046
0.639243224146
0.218142159135
-0.106261912924
-0.350221378066
-0.535042453426
-0.684515963488
-0.823687709129
-0.978811045553
-1.17748978573
-1.4475256147
-1.81338508391
-2.29029034404
-2.87652292992
-3.54490215859
-4.23558634352
-4.85406210984
-5.27981904769
-5.39668217931
-5.16372369995
-4.70913989166
-4.30239534993
-4.08100516809
-3.93297280553
-3.6004550389
-4.31046667742
-12.6208938296
3.33110810033
4.73521927582
12.3189899996
5.40073806652
5.95166738365
4.91455104342
4.65265182441
4.41661785219
4.35288501653
4.36420300922
4.40806500183
4.46303392778
4.51248812039
4.55365821905
4.58449581195
4.60638728053
4.62078151483
4.62972962266
4.63517957696
4.63902466971
4.64294891123
4.64841513291
4.65667286161
4.66887560011
4.68615395094
4.70932808395
4.73862470568
4.77473971469
4.8182856441
4.86976300768
4.9295686942
4.99793796152
5.07487048145
5.16002565523
5.25258993174
5.3511237349
5.45339985235
5.55625912751
5.65551515199
5.74600446578
5.82204453034
5.87844754997
5.91016384366
5.90641463678
5.84138688011
5.67410185429
5.36550476437
4.90094637161
4.29889905138
3.60328289702
2.86928342712
2.15036960728
1.48949318608
0.9148203256
0.439125696983
0.0616166203932
-0.22898924147
-0.451107898127
-0.627434024155
-0.783171758598
-0.945652399194
-1.14475825457
-1.41227606478
-1.77823201263
-2.26376357456
-2.87184169871
-3.57766183442
-4.32103526577
-5.00519469824
-5.50899792124
-5.71895709165
-5.58251464373
-5.17065187183
-4.69461043713
-4.38188543175
-4.27176145843
-4.27206413919
-4.0577837715
-4.47137548084
-14.4386820863
2.98654501465
4.74015359246
11.3775150962
5.25816479385
5.63217068994
4.72950062187
4.44044587562
4.21092949067
4.13610117535
4.14701319762
4.19358866841
4.25561380888
4.31402870445
4.36524064282
4.40641511868
4.4385054285
4.4626278164
4.48058446077
4.49412881483
4.50500371744
4.51478132389
4.52485036714
4.53642336942
4.5506310203
4.56855281632
4.59095282204
4.61822685194
4.65100869288
4.68993833129
4.73554170144
4.78824785201
4.84832250155
4.91579941551
4.99037887413
5.07130661415
5.15723867159
5.24610973697
5.33502754827
5.42022243402
5.49717779802
5.56128581507
5.6090210479
5.63641985491
5.63012537164
5.5571607365
5.37025253876
5.03237625288
4.53920436284
3.92063320757
3.22731305548
2.5151140221
1.83352078839
1.2190990333
0.693259418933
0.262961401965
-0.0769130896443
-0.340529570393
-0.548183459752
-0.724106848704
-0.895475532649
-1.09276733327
-1.35013649794
-1.70255551468
-2.17790816235
-2.78568608617
-3.50600427079
-4.28228012415
-5.02089181204
-5.60282836077
-5.91324331026
-5.88920132333
-5.57039465811
-5.11431304411
-4.72446100795
-4.50928824119
-4.46541812972
-4.58174159133
-4.53184894773
-4.51862412457
-15.9447352032
2.47687792819
4.72636620781
10.4162303741
5.08283064631
5.31076367225
4.54087761561
4.23354415175
4.01009253501
3.92386281228
3.93291350138
3.9812512852
4.04964894725
4.11661839377
4.17757752019
4.22885231578
4.27093284626
4.30459820677
4.33139659015
4.352879243
4.37062619136
4.38608269822
4.40054623702
4.41517060566
4.4310370138
4.44915443263
4.47024080684
4.4947906441
4.52341417173
4.55676190667
4.59538216179
4.63973751365
4.690137716
4.74667764369
4.80914479813
4.87691465515
4.9488396297
5.02315152363
5.09739386757
5.16841001042
5.23256212889
5.28663317905
5.32908756074
5.35664198356
5.35154925491
5.27187294382
5.06491056405
4.6989840915
4.18212146442
3.55470105078
2.87166601612
2.18733186
1.54597063642
0.977610083217
0.49747794392
0.107566958059
-0.200799653945
-0.444196808646
-0.644696309305
-0.82831449943
-1.02471271692
-1.26808562019
-1.59658221323
-2.04524283715
-2.63258656743
-3.34677179312
-4.13759058752
-4.91744719702
-5.57301236132
-5.99001537673
-6.09239503444
-5.88728292886
-5.48858776675
-5.07869643484
-4.79799023981
-4.65556624127
-4.6479551194
-4.84206903678
-5.02424506989
-4.52899875258
-17.0898140206
1.84596381983
4.68911560729
9.44099900059
4.87366106236
4.98759279348
4.35074685156
4.03463049249
3.81739067212
3.71910314519
3.7243222654
3.77291104343
3.84655668182
3.92134914442
3.99152291059
4.05247918495
4.10419690045
4.14710507332
4.18248812654
4.21168380723
4.23609357578
4.2570174133
4.27564075836
4.2930331531
4.31019621166
4.32805116645
4.3472826917
4.36842584116
4.39207887648
4.41889386636
4.44944322106
4.48422969677
4.52362635739
4.56782349923
4.61675034205
4.66999120819
4.72670316613
4.78555465412
4.84469195354
4.90175930193
4.95422732381
5.00061702781
5.04170994123
5.07418926812
5.07366411262
4.987668159
4.75999583039
4.36804325426
3.83327048854
3.2046723795
2.53891073181
1.88691192835
1.28705188421
0.763070746503
0.324746518365
-0.0300881354644
-0.3130511306
-0.542816492721
-0.743231518508
-0.942320677724
-1.17253963168
-1.47187000713
-1.88093560167
-2.42946188627
-3.1177726775
-3.90519526974
-4.71146930184
-5.42995649661
-5.94980838453
-6.18629198062
-6.11682596298
-5.80854428499
-5.40849609917
-5.07515973754
-4.88339485424
-4.79525053255
-4.80851983533
-5.03326789644
-5.50765616047
-4.57088352471
-17.8699077836
1.14283920895
4.62342893961
8.45973428112
4.63066395724
4.663134611
4.16163164761
3.84699476366
3.63681575667
3.52544779652
3.52419900415
3.57079968645
3.64798313548
3.72944489269
3.80800452907
3.87800785123
3.93884573278
3.99057013017
4.0341843684
4.07079652196
4.10160980858
4.1277568581
4.15028625988
4.17015391052
4.18825103055
4.20539236452
4.22224088553
4.2393230325
4.25722823407
4.27660423983
4.29805102477
4.32212250756
4.34927930072
4.37984688775
4.41395586417
4.45148232974
4.49199721863
4.53474089182
4.5786173393
4.62224299687
4.66442809886
4.70583735944
4.74990796429
4.79221230014
4.7990443121
4.70628289682
4.45734134049
4.04237119076
3.49609795005
2.87359841473
2.23084116167
1.61405522853
1.05553930446
0.573279585079
0.172389438971
-0.15274686774
-0.416213540838
-0.638584226015
-0.845496700932
-1.06707320687
-1.33854890631
-1.70115609673
-2.19512532574
-2.83767184276
-3.60272194836
-4.41899550933
-5.1857400582
-5.79625433043
-6.16249997092
-6.24080475177
-6.056595011
-5.71218811801
-5.35392676237
-5.09939124598
-4.97435980261
-4.93027045779
-4.95732001553
-5.15561209257
-5.94013909141
-4.68679452822
-18.3130271726
0.413144556903
4.52893630937
7.48553575224
4.35615127549
4.3385016573
3.97667863021
3.674655862
3.47317393002
3.34735541697
3.33618993787
3.37764464908
3.45588942249
3.54231737351
3.62806109906
3.70621906384
3.77547255969
3.83544699154
3.88683563329
3.93049376995
3.96740149167
3.99849766016
4.02466553419
4.04671581182
4.06539701857
4.08139992341
4.09537206168
4.10778868693
4.1192301684
4.13033699099
4.14174196176
4.15406459155
4.16788049006
4.18369288462
4.20189441622
4.22273409806
4.24629965541
4.27252544422
4.30120517667
4.33207336406
4.36551959371
4.40485824737
4.4565554782
4.51358306682
4.52985212687
4.4291417399
4.15883705364
3.72489497482
3.17382122743
2.56393653308
1.94850880337
1.36832520752
0.849835984514
0.405968105922
0.037926208359
-0.262758144203
-0.512274932585
-0.732949615019
-0.952165264079
-1.2020195831
-1.52014214225
-1.94989779492
-2.52702365013
-3.24817117142
-4.05584462766
-4.85405749317
-5.5380640706
-6.01966778365
-6.24416507304
-6.20594735174
-5.96228622503
-5.62730560944
-5.32892823017
-5.14503609058
-5.06823871055
-5.06179297266
-5.10699941772
-5.23078581187
-6.28390673801
-4.88873962112
-18.4642194913
-0.304838247773
4.41200951622
6.53881408581
4.05651765484
4.01568166334
3.79939901771
3.52214804128
3.33199137385
3.19019236605
3.16479302864
3.19684159596
3.27268574647
3.3616566262
3.45290324915
3.5380080866
3.6147550891
3.68225788516
3.74085282219
3.79110962285
3.8337539008
3.8694990633
3.89902990876
3.92297744449
3.94191697385
3.95639701407
3.96705290687
3.97427334203
3.97862603953
3.98074338316
3.98129783893
3.98099109483
3.98054224632
3.98067402306
3.98209796329
3.9855092738
3.99160218825
4.00110541094
4.0147996419
4.0336457572
4.0598687604
4.10009907484
4.16428967279
4.24086325787
4.26787113925
4.1574919578
3.86654889119
3.41860232941
2.86931775433
2.27751112312
1.69229734421
1.14880321346
0.668148161915
0.258948737287
-0.0808225302847
-0.362002628037
-0.60260276967
-0.826551247954
-1.06281925722
-1.34511506623
-1.71273714303
-2.20961757223
-2.86193446023
-3.63810676573
-4.44950517434
-5.188628282
-5.76512821236
-6.12089277698
-6.23337838815
-6.12342759209
-5.86341882611
-5.56324541037
-5.32595291413
-5.19881733545
-5.1557541738
-5.17989541378
-5.25650439484
-5.28959828316
-6.51944299667
-5.16757042235
-18.3712167621
-0.977682542498
4.26753172841
5.64186048887
3.74394124786
3.69709477011
3.63210949803
3.39362217813
3.21921273563
3.06029881224
3.01559252508
3.03271600347
3.10144168389
3.18957400637
3.28400785333
3.37445358256
3.45751375006
3.53164770317
3.59675933786
3.65308590291
3.70105949718
3.74113180837
3.77375283687
3.79933674817
3.81825169606
3.83088499951
3.83785419074
3.83944372319
3.8362008876
3.82875065693
3.81781220079
3.80418626891
3.78876196868
3.77251848012
3.75653417502
3.74201031883
3.73031867942
3.72305444222
3.72203588744
3.72950178729
3.74978384767
3.79373645463
3.87545215256
3.97633599426
4.01458775458
3.89257552254
3.58279981712
3.12645684926
2.58503674038
2.01552528801
1.46203772373
0.954253322366
0.508641261855
0.130229828763
-0.185664228259
-0.451854030208
-0.687925761069
-0.919223269843
-1.17601630332
-1.49303307596
-1.91026224299
-2.47038525199
-3.18430987937
-3.98624581969
-4.76321942702
-5.41409191785
-5.87756872754
-6.12715268705
-6.16292253255
-6.01912424419
-5.77113633705
-5.51574455585
-5.3319240918
-5.24923910505
-5.23112740135
-5.27454901485
-5.38892457805
-5.35506914684
-6.64784117018
-5.51116229333
-18.0798240385
-1.56434936643
4.04518175793
4.79947838273
3.42949856411
3.38259288352
3.47364703119
3.29198140063
3.14111801806
2.96518925683
2.8955838219
2.89087807216
2.94618422767
3.02881058095
3.12325495993
3.21691545045
3.3047935859
3.38446075062
3.45526637795
3.51704594436
3.56988683654
3.61393467367
3.64936270524
3.67632895844
3.69496754665
3.70550039215
3.70851317746
3.70416789515
3.69297810822
3.6755631921
3.65269518293
3.62528857744
3.59442395618
3.56136500461
3.52759127794
3.49485215719
3.46524643115
3.44127731659
3.42579448468
3.42228026814
3.43743774868
3.4875850079
3.59202416601
3.72207282956
3.77127597097
3.63578603992
3.31016570724
2.85126897591
2.32292535784
1.77860082622
1.25713163816
0.783266284156
0.369555731947
0.0180858009053
-0.27800545519
-0.533181013947
-0.768364614825
-1.01007267774
-1.28946132072
-1.64151502659
-2.10579019309
-2.72184160161
-3.47923385562
-4.27489379841
-4.98479343862
-5.53268328445
-5.89304865309
-6.06362484185
-6.0548971803
-5.90448482866
-5.6844046397
-5.47558055061
-5.33501613411
-5.28502067389
-5.28659093529
-5.34116919931
-5.4831847727
-5.4318481131
-6.68206370562
-5.90756147186
-17.6555554924
-2.00179078614
3.69237740607
3.95480336331
3.0925592336
3.06785028054
3.32166951668
3.21976399823
3.10462923714
2.91373010705
2.81342068522
2.77857805373
2.81225783923
2.88301437115
2.97311545191
3.06716704
3.15797308484
3.24184227872
3.31737340439
3.38389863804
3.44109734421
3.48876139517
3.52674456143
3.55490522554
3.57310316157
3.58137869907
3.58026720935
3.56981821046
3.55049385472
3.5229094886
3.48789230007
3.44648048595
3.39995925018
3.34989201886
3.29817588494
3.24712955894
3.19960775988
3.15903725293
3.12923251677
3.11476076752
3.12489246684
3.18305762043
3.31563801724
3.48013086513
3.539170038
3.3888756279
3.05146639448
2.59562364337
2.08444610533
1.56689702032
1.0767173436
0.634411558611
0.249311562995
-0.078890383345
-0.358843367368
-0.606376213404
-0.843505150853
-1.09762141851
-1.40026788941
-1.7858189115
-2.29223291761
-2.95414978863
-3.73357184171
-4.49103641155
-5.11011540729
-5.55424078362
-5.83097825387
-5.95009628848
-5.92249789517
-5.78357707491
-5.59960728871
-5.4363125376
-5.32978328712
-5.30321670079
-5.31743487187
-5.38108999221
-5.53007122833
-5.50485885574
-6.64903851501
-6.29021220932
-17.2079330188
-2.23555151518
3.34312223642
2.96986487889
2.67976265889
2.75816756657
3.18081291454
3.18053826337
3.11691732141
2.9157003139
2.77922976381
2.70487424011
2.70669589925
2.75710243695
2.83691683017
2.92758067444
3.01891161974
3.10537396379
3.18449841742
3.25495538123
3.3159246948
3.36677817387
3.40699800457
3.43610996765
3.45369755934
3.45963794744
3.45438174187
3.43784710619
3.41042122121
3.37270816789
3.32558693105
3.2702209936
3.20810190691
3.14109097533
3.07149654251
3.00220480242
2.93684014885
2.8797570319
2.83561672491
2.80974933728
2.81401694713
2.88101975888
3.04742348932
3.25262827792
3.31948626037
3.15394673638
2.80955114652
2.36169191458
1.87051831174
1.38014729554
0.919737443657
0.506282469625
0.146513701149
-0.161818823714
-0.428824443363
-0.67144049089
-0.912516466394
-1.17998365583
-1.50522974451
-1.92112701279
-2.46287923651
-3.15859517403
-3.93649289274
-4.62657672837
-5.14187195957
-5.49273251665
-5.70895535496
-5.80022474311
-5.77309116502
-5.65764045772
-5.5103701287
-5.39027523603
-5.31499539231
-5.30900037165
-5.33670873102
-5.39930367912
-5.53854467247
-5.53961013338
-6.59050733177
-6.58662810431
-16.6820353322
-2.37310019103
2.95328245272
2.31036191531
2.2602251517
2.46887026505
3.06105771926
3.17802776759
3.18349163292
2.98010225546
2.80350203111
2.68030982512
2.63852308226
2.6577633964
2.71927281667
2.80142858354
2.89016743997
2.97725855777
3.05866176852
3.13214963877
3.19630039551
3.25001702524
3.29236869235
3.32248294798
3.33956791809
3.34324738452
3.33389632763
3.31138047598
3.27600824619
3.22835852721
3.16934840635
3.10025622081
3.02276684188
2.93901675582
2.85169157448
2.76421780877
2.6809987057
2.60733857969
2.54860674733
2.51038530816
2.50684092197
2.58211005356
2.78824893783
3.04228373219
3.11391364622
2.93382647913
2.5874606265
2.15145459274
1.68181476213
1.21798284658
0.785219012606
0.397706520824
0.0600867704262
-0.231459118936
-0.488226318332
-0.728016552324
-0.974251872828
-1.25504941447
-1.60112461522
-2.04298162255
-2.61196667115
-3.32817181211
-4.08001452115
-4.67868245459
-5.08856411166
-5.36408697639
-5.54220687365
-5.6245223356
-5.61134904754
-5.52808700982
-5.41961472291
-5.33962510599
-5.29909096328
-5.30084447243
-5.32932262959
-5.38489291382
-5.50726657566
-5.52660695032
-6.49583634993
-6.80611812825
-16.0094609834
-2.47213755581
2.60615164966
1.89896400368
1.95645295519
2.22679254666
2.97836637098
3.21529359157
3.30426246478
3.11131168522
2.89431411736
2.71548036842
2.61864884564
2.59404615375
2.62676658598
2.69341096795
2.77537215632
2.86060517681
2.94270029879
3.01810577574
3.08457609354
3.14041248972
3.18420871764
3.21473555241
3.23098543865
3.23248957454
3.21945747497
3.19149884223
3.14877518391
3.09181396611
3.02154575216
2.93934028023
2.84704770398
2.7470349899
2.6422968584
2.53673893467
2.43555589281
2.34508545735
2.27130424789
2.21935175297
2.20497856224
2.28627993284
2.53793825258
2.85174064775
2.92392749721
2.73117722363
2.38756603029
1.96602806802
1.51828500758
1.07953984841
0.671929083059
0.307407235138
-0.0110418493155
-0.288509990692
-0.537223879888
-0.775632972242
-1.02746050815
-1.32069272
-1.68489093099
-2.14746262993
-2.7347228516
-3.45740536122
-4.15842169173
-4.64881649205
-4.96207104801
-5.18357621274
-5.34289762964
-5.42959749308
-5.44003718539
-5.39645086536
-5.33223258106
-5.28429495146
-5.26440682881
-5.26899020462
-5.29321223964
-5.33369893258
-5.43220990427
-5.46101966181
-6.36011125536
-6.94322178487
-15.1726790192
-2.54402511099
2.31169602744
1.64432639454
2.00409804569
2.13992337881
2.94329117434
3.283956625
3.46630206536
3.30302835668
3.05237173846
2.81744754685
2.65830238268
2.57736835671
2.56857959671
2.61028319126
2.6796886729
2.75979670009
2.84072785678
2.91703118754
2.98546777952
3.0437316228
3.0898792564
3.12204354629
3.13848671161
3.13821505626
3.12149292583
3.08814911373
3.03825873913
2.97225525633
2.8910319863
2.7960022298
2.68913261232
2.57295021701
2.45064557154
2.32648583061
2.20647084926
2.09818484881
2.00827337053
1.94062019888
1.91130182633
1.99455744015
2.29704672494
2.6859463317
2.75311659521
2.55061603119
2.21339041518
1.80748228695
1.38073906862
0.964868571139
0.579516913792
0.234954871202
-0.0671993434474
-0.333016424104
-0.575469838495
-0.813412266133
-1.0706782564
-1.37478155814
-1.75388285663
-2.23154128996
-2.82809988438
-3.5431001959
-4.16940156439
-4.54387157668
-4.77798158174
-4.96628260272
-5.12099847234
-5.22227012688
-5.2663473374
-5.2681404173
-5.24888679801
-5.22846562556
-5.2191489967
-5.22084325187
-5.23215786315
-5.24784546158
-5.31313086751
-5.34159224833
-6.18003873278
-6.98809862273
-14.1741605894
-2.58756726515
2.19415189777
1.47458721863
2.13403929724
2.22989824163
2.94527383693
3.35387654514
3.63834611734
3.53288487065
3.26520229736
2.98403631531
2.76527273365
2.62014293652
2.5564931996
2.56120714413
2.61006200604
2.68053284429
2.7576907312
2.83290021776
2.90112188015
2.95902351118
3.00415607898
3.03466791739
3.04929483086
3.04747021911
3.02887017528
2.99224772015
2.93726253976
2.86419288467
2.77383955069
2.66760436695
2.54751856707
2.41619900297
2.27688439087
2.13399508006
1.99429594188
1.86700157358
1.75983672234
1.67465836111
1.62603520494
1.70579106387
2.0621517847
2.54619111658
2.60149651447
2.39278795058
2.06475345104
1.67442483742
1.26720754893
0.871640165453
0.505735526156
0.178292393451
-0.110032214158
-0.366160329452
-0.603506415082
-0.84123346727
-1.10294564293
-1.41567690337
-1.80576042536
-2.29284608687
-2.8894470132
-3.58258897539
-4.11078372814
-4.37121040186
-4.54775063279
-4.71888403863
-4.88093181084
-5.00816465685
-5.09238979958
-5.14122616342
-5.16526891125
-5.17184928247
-5.16922108238
-5.16121314985
-5.14943701513
-5.13075939328
-5.1526321211
-5.17069143384
-5.95823823006
-6.9373330683
-13.0282910792
-2.60761454965
2.11767753014
1.46382419312
2.3250794864
2.40124241944
2.9477538526
3.37237969979
3.76999302699
3.76257358485
3.50574454047
3.2003458059
2.94123860535
2.735849873
2.60679627551
2.559768863
2.57649344436
2.63085670107
2.70185788463
2.77654582112
2.84781272975
2.91143355022
2.96393854258
3.00154487139
3.02029553328
3.01778634518
2.99482563256
2.9522103322
2.88979596243
2.80761913615
2.70626161452
2.58698804359
2.45179028162
2.30326549766
2.14447778847
1.97959167415
1.81586086946
1.66466631782
1.53601269112
1.42963080785
1.3562074796
1.42541280577
1.8376813954
2.44598657369
2.4800791676
2.26923867979
1.95014092503
1.5736556832
1.18251962295
0.803751909851
0.453523075705
0.139948355292
-0.137456239645
-0.385935046343
-0.619484754767
-0.857026570659
-1.12224104496
-1.44095602417
-1.83881312133
-2.32993249693
-2.919494974
-3.57654701704
-3.98629107699
-4.14322231069
-4.28428660838
-4.45597206492
-4.64173042301
-4.8065700532
-4.93733876697
-5.03395409434
-5.09817866185
-5.12879775892
-5.12870384226
-5.10176424009
-5.05459818636
-4.99140705865
-4.96186776731
-4.96585387013
-5.71640382889
-6.79971141585
-11.7460197929
-2.58993565691
2.09517563494
1.50692130129
2.56152670293
2.52868452184
2.89787037032
3.29236214049
3.80135763807
3.94313655713
3.73626369099
3.43766315196
3.18023746225
2.94339950705
2.75076440799
2.63656493789
2.60244914389
2.62639409228
2.68137462743
2.74625868879
2.80771406275
2.85859803992
2.89590078893
2.91926657783
2.92967881294
2.9277453734
2.9106563511
2.87331194157
2.81386352943
2.73196264679
2.62789160282
2.50271123442
2.35832788552
2.19734225461
2.02258396677
1.83751709752
1.6492299174
1.47166831599
1.31941451064
1.19169750825
1.09275596805
1.14627467112
1.60544206661
2.36825282571
2.37337352766
2.16382547053
1.85575752354
1.49065434598
1.11421767231
0.749330085845
0.412890620862
0.110904768234
-0.156818696977
-0.398680144714
-0.627993804606
-0.864374949423
-1.12984242808
-1.45112357476
-1.85083888233
-2.34242634745
-2.91454224258
-3.52064384546
-3.79077799437
-3.85573231162
-3.98413632204
-4.17865221129
-4.39964451491
-4.60563563693
-4.78120435776
-4.92002569389
-5.01631200079
-5.06408669797
-5.06328254102
-5.02244678916
-4.9497381649
-4.84774910791
-4.76926076598
-4.76727849022
-5.48952757724
-6.56469098726
-10.2843872496
-2.44148209278
2.1206885188
1.55943647852
2.76444677459
2.60688465106
2.78804616111
3.10592868506
3.67902534333
4.01087056757
3.89956908535
3.63025810785
3.4331438723
3.23801680851
3.02424588736
2.84705800844
2.74414792613
2.71789692583
2.74877109163
2.81380384456
2.8953777946
2.98168309777
3.06243970739
3.12561812023
3.15807620771
3.15302441474
3.11763731895
3.05969454133
2.97954811991
2.87619336493
2.74942848449
2.59988639662
2.42918941
2.2397983639
2.03408140325
1.81378515698
1.5836108473
1.35861756846
1.16120706748
0.997008262537
0.8650097715
0.896326674124
1.40293971833
2.37613921675
2.33545293332
2.13241981906
1.82456356109
1.46497413652
1.09370612388
0.736723092168
0.406873791465
0.111659838046
-0.151545539351
-0.389728555276
-0.617826275489
-0.853052290025
-1.11931890965
-1.43881659595
-1.84030484267
-2.32825149736
-2.88526114393
-3.4158795826
-3.53497082324
-3.53518296534
-3.69280538055
-3.95356193602
-4.2361674261
-4.49866612349
-4.72930478697
-4.91761602168
-5.05013939075
-5.11538174487
-5.10970463432
-5.03267280769
-4.89572549745
-4.7263023444
-4.58858404689
-4.57174821933
-5.22359436795
-6.10699215802
-8.52734153334
-2.03092336829
2.25157123202
1.5575034018
2.87607820197
2.65566697901
2.68799995461
2.87164406391
3.3915172277
3.88003817572
3.90121603388
3.64494120676
3.52986823069
3.47169229554
3.34233309376
3.16896739001
3.01387426878
2.91505275061
2.87171432707
2.85905486253
2.8481444654
2.82322823025
2.78695656732
2.75511634035
2.74446180545
2.75915507695
2.77903262914
2.77810944913
2.74731042372
2.68553610682
2.59248279251
2.46848834115
2.31472700812
2.13353756772
1.92715523026
1.69555038093
1.439164058
1.17180858205
0.928156510606
0.735812896449
0.599509656801
0.632666455709
1.12208194944
2.31444023532
2.25185025001
2.04829525906
1.7580051107
1.39697955333
1.04163019329
0.691231572659
0.375207149985
0.0871856247456
-0.165643461282
-0.399187824048
-0.618495035975
-0.850816074933
-1.10422644711
-1.41934363534
-1.79825170604
-2.29342254759
-2.81211919734
-3.23344054019
-3.17335104293
-3.14152600591
-3.36108806878
-3.69918733183
-4.02153564502
-4.30075245619
-4.54064660386
-4.73002389899
-4.84971619329
-4.88782074568
-4.85300460878
-4.78472919173
-4.69465135029
-4.52015828288
-4.27880882621
-4.1639646487
-4.66088393584
-5.22484658083
-6.5087153527
-1.49895302803
2.68063035506
1.37970873501
2.81494641523
2.71198949895
2.66035203286
2.69085449987
3.02451759393
3.50664852634
3.67201555671
3.42599380632
3.34575536302
3.43564621366
3.47593676012
3.40892121675
3.2817621715
3.18053613751
3.17670563216
3.30232472789
3.53963096222
3.83398202442
4.11574284652
4.32319923623
4.41469057824
4.3835974894
4.27990129008
4.14033013232
3.97650652935
3.78821732247
3.57452820371
3.33478458475
3.06932318451
2.78005829555
2.46957928867
2.13660778946
1.77316347928
1.37727604535
0.979846307052
0.645286093628
0.440815804271
0.501352405896
1.03216739061
2.62051387388
2.44997071055
2.26448352497
1.91301130881
1.54415535485
1.15903244992
0.80375498411
0.471059187229
0.178481405966
-0.0867949320642
-0.324423933323
-0.55470176372
-0.785916019803
-1.04720806324
-1.3446488809
-1.72474390047
-2.19857350478
-2.76709433591
-2.98061972726
-2.7534438037
-2.83199071062
-3.31054461904
-3.87081281594
-4.34146297411
-4.74582309933
-5.11341063409
-5.42672599478
-5.65611794684
-5.78075533346
-5.76794783397
-5.53373302837
-4.96141525695
-4.15844985031
-3.52215326277
-3.43147135034
-4.00582562446
-4.38118207738
-4.89236920945
-1.42705356205
3.31238417345
1.41618310218
2.42037662973
2.62708418472
2.59946172398
2.57999241548
2.73816157004
3.06232067602
3.30166880019
3.20882143576
3.29359001849
3.62491217138
3.9751053781
4.15622535389
4.06626338694
3.70071115286
3.12374743624
2.44790639405
1.79410220942
1.26392693549
0.923605722525
0.80856140046
0.928609991382
1.21522309862
1.5036202415
1.76153784285
1.97032641953
2.1254498521
2.22433119799
2.26490164957
2.24448867815
2.16195995796
2.01856388443
1.81046952395
1.51245436553
1.08080447169
0.526344725441
0.0437117973757
-0.0316551615481
0.281529737408
0.485991235683
2.38051831709
2.11940983498
1.97639539898
1.61544687404
1.28689823162
0.929091966573
0.613741826316
0.311792586451
0.049336978452
-0.189467459834
-0.406717203105
-0.60927471519
-0.821833781583
-1.03836652608
-1.30561980743
-1.59501252621
-2.02796817599
-2.61533507187
-2.52340799095
-2.02671577991
-2.3500991127
-3.10048773925
-3.65838962941
-3.93029076315
-4.0628685479
-4.10889080589
-4.03232192211
-3.79785270076
-3.39999969537
-2.88663619386
-2.34628062874
-2.1866230554
-2.72228864176
-3.91685071293
-5.27441573824
-6.06916038245
-5.54519357329
-4.55997843856
-1.74278621982
3.83810105779
2.00785023096
2.06881673625
2.26281179247
2.297613109
2.36956020123
2.62493961503
2.91654492246
3.06813488903
3.02796875121
3.37128937093
4.32846626174
5.69641426036
7.33176554105
9.06096782597
10.7253337594
12.1732109277
13.2963994697
14.0400661472
14.405313397
14.4365117564
14.2051522958
13.807074582
13.382522979
12.9948715385
12.5432349189
12.0042245678
11.3774250095
10.6691680468
9.88478187924
9.02941666427
8.11171330737
7.14750067558
6.14881923307
5.0898816957
3.89823254072
2.58650878631
1.49709493744
1.09567766875
0.832841426852
1.51219306735
5.30566550045
3.00251163128
3.68256341266
2.37449938855
2.44871537389
1.61931161112
1.47162222591
0.901783641305
0.714153586274
0.282040915778
0.132890472436
-0.273873676217
-0.342563683907
-0.862857249129
-0.780700267985
-1.58471751681
-1.21831938008
-2.80134858287
-1.80122855232
-1.30737762184
-3.37726900181
-5.83266621237
-7.74900014202
-9.35492010242
-10.9307154403
-12.4762331638
-13.8929464236
-15.1128625214
-16.1184021239
-16.9703641782
-17.9839200793
-18.9757853407
-19.3642377442
-18.5594243801
-16.1504330224
-12.2409365716
-7.49181248656
-3.4053599694
-0.260974576733
3.8298094645
2.88388383847
2.61567816008
2.80004182991
2.98832689585
3.20657648106
3.43854253915
3.48694690044
3.30151346747
2.72625216381
2.04166201731
1.6118773013
1.20454598692
0.905132485891
0.745844552036
0.782104707194
1.02250969198
1.45046140802
2.02192339402
2.67856113311
3.35499436318
3.98167609915
4.48090404514
4.78120499251
4.92283124457
5.00007222378
5.04577347747
5.06664306238
5.06109046866
5.02401330439
4.94787240603
4.82668868051
4.66118860609
4.44741865701
4.13125514048
3.57958995523
2.71329148606
1.77524254608
1.13998754263
0.622157414673
0.584702978006
3.71986651489
-0.253332492921
2.11965635019
0.0986652343901
1.17813959856
0.148651946746
0.619665427076
0.0273094226886
0.264871911499
-0.183498411753
0.0466603396815
-0.473246093043
-0.0360756799296
-0.885318039344
0.0725430597228
-1.48714006725
0.499662730127
-2.06725234748
0.690911304662
0.387826521886
-2.52286172153
-4.28329450105
-4.72019386731
-4.82601944001
-5.01732935223
-5.24329843369
-5.40768536427
-5.48660199123
-5.45930975004
-5.19513519379
-4.30809577942
-2.65879521206
-0.475427597107
1.87088319615
3.89938073556
5.1433390769
5.33414617104
4.71607845171
3.84774192289
)
;

boundaryField
{
    frontAndBack
    {
        type            empty;
    }
    upperWall
    {
        type            zeroGradient;
    }
    lowerWall
    {
        type            zeroGradient;
    }
    inlet
    {
        type            zeroGradient;
    }
    outlet
    {
        type            adjointOutletPressure;
        value           nonuniform List<scalar> 
20
(
-0.714335852231
-0.499209072974
-0.373038871113
-0.329702164127
-0.305752400765
-0.27626733628
-0.24263229394
-0.207154873515
-0.170251579465
-0.131678797854
-0.0910434592698
-0.0477839638526
-0.00106965986026
0.0503344993994
0.108304700292
0.175996341594
0.257878271238
0.356778895815
0.434471271976
0.311379358659
)
;
    }
}


// ************************************************************************* //
