/*--------------------------------*- C++ -*----------------------------------*\
| =========                 |                                                 |
| \\      /  F ield         | OpenFOAM: The Open Source CFD Toolbox           |
|  \\    /   O peration     | Version:  v1806                                 |
|   \\  /    A nd           | Web:      www.OpenFOAM.com                      |
|    \\/     M anipulation  |                                                 |
\*---------------------------------------------------------------------------*/
FoamFile
{
    version     2.0;
    format      ascii;
    class       volScalarField;
    location    "200";
    object      alpha;
}
// * * * * * * * * * * * * * * * * * * * * * * * * * * * * * * * * * * * * * //

dimensions      [0 0 -1 0 0 0 0];


internalField   nonuniform List<scalar> 
6400
(
0.582601839876
1
0.104482884805
0
0
0
0
0
0
0
0
0
0
0
0
0
0
0
0
0
0
0
0
0
0
0
0
0
0
0
0
0
0
0
0
0
0
0
0
0
0
0
0
0
0
0
0
0
0
0
0
0
0
0
0
0
0
0
0
0
0
0
0
0
0
0
0
0
0
0
0.0350502654936
0.0196606200802
0.00228816554586
0
0
0
0
0
0.0817282111548
0.174567598478
0.369447251862
0
0
0
0
0
0
0
0
0
0
0
0
0
0
0
0
0
0
0
0
0
0
0
0
0
0
0
0
0
0
0
0
0
0
0
0
0
0
0
0
0
0
0
0
0
0
0
0
0
0
0
0
0
0
0
0
0
0
0
0
0
0
0
0
0
0
0
0
0
0
0
0
0
0
0
0
0
0
0
0
0
0
0
0
0
0
0
0
0
0
0
0
0
0
0
0
0
0
0
0
0
0
0
0
0
0
0
0
0
0
0
0
0
0
0
0
0
0
0
0
0
0
0
0
0
0
0
0
0
0
0
0
0
0
0
0
0
0
0
0
0
0
0
0
0
0
0
0
0
0
0
0
0
0
0
0
0
0
0
0
0
0
0
0
0
0
0
0
0
0
0
0
0
0
0
0
0
0
0
0
0
0
0
0
0
0
0
0
0
0
0
0
0
0
0
0
0
0
0
0
0
0
0
0
0
0
0
0
0
0
0
0
0
0
0
0
0
0
0
0
0
0
0
0
0
0
0
0
0
0
0
0
0
0
0
0
0
0
0
0
0
0
0
0
0
0
0
0
0
0
0
0
0
0
0
0
0
0
0
0
0
0
0
0
0
0
0
0
0
0
0
0
0
0
0
0
0
0
0
0
0
0
0
0
0
0
0
0
0
0
0
0
0
0
0
0
0
0
0
0
0
0
0
0
0
0
0
0
0
0
0
0
0
0
0
0
0
0
0
0
0
0
0
0
0
0
0
0
0
0
0
0
0
0
0
0
0
0
0
0
0
0
0
0
0
0
0
0
0
0
0
0
0
0
0
0
0
0
0
0
0
0
0
0
0
0
0
0
0
0
0
0
0
0
0
0
0
0
0
0
0
0
0
0
0
0
0
0
0
0
0
0
0
0
0
0
0
0
0
0
0
0
0
0
0
0
0
0
0
0
0
0
0
0
0
0
0
0
0
0
0
0
0
0
0
0
0
0
0
0
0
0
0
0
0
0
0
0
0
0
0
0
0
0
0
0
0
0
0
0
0
0
0
0
0
0
0
0
0
0
0
0
0
0
0
0
0
0
0
0
0
0
0
0
0
0
0
0
0
0
0
0
0
0
0
0
0
0
0
0
0
0
0
0
0
0
0
0
0
0
0
0
0
0
0
0
0
0
0
0
0
0
0
0
0
0
0
0
0
0
0
0
0
0
0
0
0
0
0
0
0
0
0
0
0
0
0
0
0
0
0
0
0
0
0
0
0
0
0
0
0
0
0
0
0
0
0
0
0
0
0
0
0
0
0
0
0
0
0
0
0
0
0
0
0
0
0
0
0
0
0
0
0
0
0
0
0
0
0
0
0
0
0
0
0
0
0
0
0
0
0
0
0
0
0
0
0
0
0
0
0
0
0
0
0
0
0
0
0
0
0
0
0
0
0
0
0
0
0
0
0
0
0
0
0
0
0
0
0
0
0
0
0
0
0
0
0
0
0
0
0
0
0
0
0
0
0
0
0
0
0
0
0
0
0
0
0
0
0
0
0
0
0
0
0
0
0
0
0
0
0
0
0
0
0
0
0
0
0
0
0
0
0
0
0
0
0
0
0
0
0
0
0
0
0
0
0
0
0
0
0
0
0
0
0
0
0
0
0
0
0
0
0
0
0
0
0
0
0
0
0
0
0
0
0
0
0
0
0
0
0
0
0
0
0
0
0
0
0
0
0
0
0
0
0
0
0
0
0
0
0
0
0
0
0
0
0
0
0
0
0
0
0
0
0
0
0
0
0
0
0
0
0
0
0
0
0
0
0
0
0
0
0
0
0
0
0
0
0
0
0
0
0
0
0
0
0
0
0
0
0
0
0
0
0
0
0
0
0
0
0
0
0
0
0
0
0
0
0
0
0
0
0
0
0
0
0
0
0
0
0
0
0
0
0
0
0
0
0
0
0
0
0
0
0
0
0
0
0
0
0
0
0
0
0
0
0
0
0
0
0
0
0
0
0
0
0
0
0
0
0
0
0
0
0
0
0
0
0
0
0
0
0
0
0
0
0
0
0
0
0
0
0
0
0
0
0
0
0
0
0
0
0
0
0
0
0
0
0
0
0
0
0
0
0
0
0
0
0
0
0
0
0
0
0
0
0
0
0
0
0
0
0
0
0
0
0
0
0
0
0
0
0
0
0
0
0
0
0
0
0
0
0
0
0
0
0
0
0
0
0
0
0
0
0
0
0
0
0
0
0
0
0
0
0
0
0
0
0
0
0
0
0
0
0
0
0
0
0
0
0
0
0
0
0
0
0
0
0
0
0
0
0
0
0
0
0
0
0
0
0
0
0
0
0
0
0
0
0
0
0
0
0
0
0
0
0
0
0
0
0
0
0
0
0
0
0
0
0
0
0
0
0
0
0
0
0
0
0
0
0
0
0
0
0
0
0
0
0
0
0
0
0
0
0
0
0
0
0
0
0
0
0
0
0
0
0
0
0
0
0
0
0
0
0
0
0
0
0
0
0
0
0
0
0
0
0
0
0
0.466851048806
0
0
0
0
0
0
0
0
0
0
0
0
0
0
0
0
0
0
0
0
0
0
0
0
0
0
0
0
0
0
0
0
0
0.0356123173501
0.0620543415616
0.0787165894507
0.0875975850829
0.0899035910597
0.0927533321512
0.089325701845
0.0796456308198
0.0645250342873
0.0440917455445
0.0179113608825
0
0
0
0
0
0
0
0
0
0
0
0
0
0
0
0
0
0
0
0
0
0
0
0
0
0
0
0
0
0
0
0
0
0
0.556927989294
0.908653386941
0.997404350095
0.0217005812818
0
0
0
0
0
0
0
0
0
0
0
0
0
0
0
0
0
0
0
0
0
0
0
0
0
0
0
0
0.0439202481512
0.0989713290356
0.13697319385
0.163041872118
0.179826060611
0.189276892957
0.196242498522
0.200675562254
0.200164185468
0.194964359801
0.18636975042
0.174865528931
0.16005579236
0.140395845495
0.11321085945
0.0762746612781
0.0332178380946
0
0
0
0
0
0
0
0
0
0
0
0
0
0
0
0
0
0
0
0
0
0
0
0
0
0
0
0
0
0
0.456829633214
0.934636753397
1
1
0.75921496434
0.042191231938
0
0
0
0
0
0
0
0
0
0
0
0
0
0
0
0
0
0
0
0
0
0
0
0
0
0
0.065582015203
0.125008899398
0.163583299826
0.19231041621
0.213368367961
0.231319290384
0.24519646496
0.252395995169
0.254814992448
0.25309388714
0.24899427379
0.242780642517
0.234385823899
0.222196048099
0.20396777464
0.176278199196
0.150796441262
0.115349582743
0.0853823515057
0.0322586635163
0
0
0
0
0
0
0
0
0
0
0
0
0
0
0
0
0
0
0
0
0
0
0
0
0
0
0
0.202071493368
0.901776575141
1
1
1
1
0.600663042377
0.00108895284504
0
0
0
0
0
0
0
0
0
0
0
0
0
0
0
0
0
0
0
0
0
0
0
0.00501212665988
0.0594190505634
0.129142237544
0.169676644134
0.197593881646
0.227946358187
0.251358690337
0.267748598215
0.277816524938
0.28209798468
0.282258372527
0.279869544645
0.275712052596
0.269934666101
0.261075572996
0.246566166588
0.222869821598
0.200358862234
0.172378284943
0.151578624373
0.118006951022
0.0712324840472
0.0193052408648
0
0
0
0
0
0
0
0
0
0
0
0
0
0
0
0
0
0
0
0
0
0
0
0
0
0
0.801318350547
1
1
1
1
1
1
0.486807338688
0
0
0
0
0
0
0
0
0
0
0
0
0
0
0
0
0
0
0
0
0.100169453683
0.114869089025
0.0791683757669
0.0837366700809
0.133905579398
0.182031035826
0.211666332195
0.232667156147
0.251756882903
0.268494778304
0.282687428962
0.292485024166
0.295072090714
0.293044607184
0.289074151996
0.283964850906
0.27668791353
0.264497257248
0.243500944532
0.221869732837
0.197226530414
0.17886424997
0.155414103428
0.116454101847
0.084366303177
0.0251657389574
0
0
0
0
0
0
0
0
0
0
0
0
0
0
0
0
0
0
0
0
0
0
0
0
0
0.584713236549
1
1
1
1
1
1
1
1
0.24735021202
0
0
0
0
0
0
0
0
0
0
0
0
0
0
0
0
0
0
0.0293137729442
0.236063813296
0.22820186346
0.182837096714
0.174181881913
0.216032813057
0.278606665921
0.317604823857
0.342788427844
0.354483486112
0.354897766578
0.337441956971
0.297740228707
0.289415482178
0.288554585233
0.283914004771
0.278147331975
0.268261792251
0.250488005999
0.230157937931
0.208664380701
0.19065843254
0.173402700691
0.145250183217
0.120282527076
0.0828016525852
0.0217760867355
0
0
0
0
0
0
0
0
0
0
0
0
0
0
0
0
0
0
0
0
0
0
0
0
0.170179562739
0.986437288474
1
1
1
1
1
1
1
1
0.493035828076
0
0
0
0
0
0
0
0
0
0
0
0
0
0
0
0
0
0
0.187486369426
0.335431782283
0.306963471333
0.258475778994
0.316139916005
0.371200392014
0.410800858409
0.436137952725
0.453295482663
0.461091349062
0.454541854013
0.430617259731
0.383326690147
0.302077113707
0.270701843804
0.266257212066
0.260078969397
0.246980662234
0.229002742339
0.211922283191
0.194557565736
0.181034730832
0.160670305348
0.137002860847
0.118376663052
0.0702583005202
0.00980347688511
0
0
0
0
0
0
0
0
0
0
0
0
0
0
0
0
0
0
0
0
0
0
0
0
0.837789781251
1
1
1
1
1
1
1
1
1
0.524120272033
0
0
0
0
0
0
0
0
0
0
0
0
0
0
0
0
0
0
0.296956630528
0.398082618784
0.364454917742
0.404837194034
0.44986531298
0.489108065763
0.514275690274
0.532774687168
0.54794363075
0.554319104546
0.542541445115
0.512643229208
0.457644527963
0.369870876346
0.248531362238
0.240479720102
0.231439706048
0.217064652738
0.207022679806
0.192540881531
0.182363144474
0.167402950665
0.144776290612
0.134669866225
0.110776678424
0.0577396860361
0
0
0
0
0
0
0
0
0
0
0
0
0
0
0
0
0
0
0
0
0
0
0
0
0.440324202101
1
1
1
1
1
1
1
1
1
1
0.787097479899
0
0
0
0
0
0
0
0
0
0
0
0
0
0
0
0
0
0
0.371149802498
0.439339738551
0.456864334947
0.513805400625
0.551978960154
0.5786430212
0.597040633994
0.61523422434
0.629961332581
0.635514752185
0.621788496571
0.586929185146
0.526005375814
0.433405386202
0.301924046113
0.208435385365
0.19098095579
0.188737141956
0.181971163543
0.177526062817
0.16840434106
0.151943676271
0.139528890442
0.131353969135
0.100477357305
0.0432916121886
0
0
0
0
0
0
0
0
0
0
0
0
0
0
0
0
0
0
0
0
0
0
0
0
0.94359370472
1
1
1
1
1
1
1
1
1
1
0.967727870673
0.00300118607051
0
0
0
0
0
0
0
0
0
0
0
0
0
0
0
0
0
0.42224321398
0.466438472496
0.54129115882
0.595447122989
0.62963330717
0.64957304917
0.667830058274
0.687035888622
0.702160896308
0.707824549944
0.694106786407
0.657897202812
0.594158746965
0.498710241895
0.361508232006
0.190903564576
0.155399733927
0.156105525219
0.161538445492
0.161671821065
0.153575813316
0.140058889207
0.137853960961
0.12720589852
0.0906510018877
0.0251373790898
0
0
0
0
0
0
0
0
0
0
0
0
0
0
0
0
0
0
0
0
0
0
0
0.557383181221
1
1
1
1
1
1
1
1
1
1
1
1
0.0375841597421
0
0
0
0
0
0
0
0
0
0
0
0
0
0
0
0
0
0.45790548524
0.48421043613
0.6045868736
0.658988903937
0.690389205416
0.709033243168
0.729929682969
0.750905994504
0.767085633996
0.77374574035
0.761281027069
0.726218257472
0.662062432601
0.564511730193
0.423729205628
0.241047243879
0.121644733613
0.125933480005
0.139888085841
0.144862994413
0.139099040363
0.137183471816
0.137403623758
0.123422872291
0.0799334538924
0.00114766263617
0
0
0
0
0
0
0
0
0
0
0
0
0
0
0
0
0
0
0
0
0
0
0
0.969255636307
1
1
1
1
1
1
1
1
1
1
1
1
0.104488095304
0
0
0
0
0
0
0
0
0
0
0
0
0
0
0
0
0
0.480394276024
0.536210078219
0.654145505816
0.710099769106
0.740742966609
0.761064626874
0.785398962728
0.808636128435
0.826862429439
0.83439216805
0.823510617482
0.790712912326
0.728350477721
0.62991145266
0.48770517833
0.29613274797
0.0960050402123
0.0988224454401
0.118341317038
0.128071966232
0.130989065229
0.13749168964
0.137970003176
0.119602837108
0.0648341009821
0
0
0
0
0
0
0
0
0
0
0
0
0
0
0
0
0
0
0
0
0
0
0
0.55662068979
1
1
1
1
1
1
1
1
1
1
1
1
1
0.197257776971
0
0
0
0
0
0
0
0
0
0
0
0
0
0
0
0
0
0.492236264165
0.579603098882
0.695084056398
0.752022962947
0.784636703845
0.808267579249
0.835768071628
0.86198200129
0.881701850442
0.890093450048
0.881991133001
0.850875255692
0.791290009788
0.693813133796
0.54918856731
0.351178455617
0.105800050647
0.0740265685946
0.0969369132478
0.112957104833
0.128639308958
0.139954230245
0.139796260603
0.114524825744
0.0433486139024
0
0
0
0
0
0
0
0
0
0
0
0
0
0
0
0
0
0
0
0
0
0
0
0.956543169307
1
1
1
1
1
1
1
1
1
1
1
1
1
0.295388647149
0
0
0
0
0
0
0
0
0
0
0
0
0
0
0
0
0.0306877846073
0.504487070991
0.614524385926
0.728851227878
0.788858039675
0.823249828374
0.851589202763
0.882535994996
0.910989375247
0.931932100696
0.941310190979
0.936033005017
0.906386927761
0.849861197094
0.754069025723
0.608348163492
0.403023880819
0.136593705606
0.0531062674094
0.0768406325292
0.103073361448
0.129054305412
0.143888089159
0.141246247451
0.106040417772
0.0074381205719
0
0
0
0
0
0
0
0
0
0
0
0
0
0
0
0
0
0
0
0
0
0
0.451610211123
1
1
1
1
1
1
1
1
1
1
1
1
1
1
0.27372414669
0
0
0
0
0
0
0
0
0
0
0
0
0
0
0
0
0.0515145428885
0.514702154675
0.644784292464
0.759231699983
0.821409688747
0.858558504425
0.890817841202
0.924990553422
0.955520331702
0.977862920746
0.990310161418
0.985935483275
0.959617073032
0.903449942109
0.809185764718
0.662283141241
0.450925439457
0.164329611401
0.0370390318263
0.0597896192854
0.0972975544125
0.13164075588
0.148649186506
0.141409339128
0.0886849424402
0
0
0
0
0
0
0
0
0
0
0
0
0
0
0
0
0
0
0
0
0
0
0
0.897587177394
1
1
1
1
1
1
1
1
1
1
1
1
1
1
0
0
0
0
0
0
0
0
0
0
0
0
0
0
0
0
0
0.0626171991978
0.525406533926
0.670349648469
0.785894407144
0.85111234853
0.891345719544
0.927507505768
0.963949600674
0.996811115733
1
1
1
1
0.954144831545
0.85885693084
0.710392674818
0.493080363258
0.189292036905
0.0251059960007
0.0465412394382
0.094668992326
0.135867982333
0.153417942669
0.139051578316
0.0585508610399
0
0
0
0
0
0
0
0
0
0
0
0
0
0
0
0
0
0
0
0
0
0
0.232351093472
1
1
1
1
1
1
1
1
1
1
1
1
1
1
1
0
0
0
0
0
0
0
0
0
0
0
0
0
0
0
0
0
0.0648120067451
0.535146065685
0.69340923495
0.810781766928
0.878453518389
0.921574011779
0.961140748739
1
1
1
1
1
1
1
0.905528384122
0.753084278171
0.529609162648
0.212463164252
0.0163381528189
0.0376895583029
0.0948387828427
0.141082775904
0.157195442401
0.130110023067
0.00815841132793
0
0
0
0
0
0
0
0
0
0
0
0
0
0
0
0
0
0
0
0
0
0
0.7631880689
1
1
1
1
1
1
1
1
1
1
1
1
1
1
0
0
0
0
0
0
0
0
0
0
0
0
0
0
0
0
0
0
0.0584237146133
0.543354824824
0.714452797037
0.833786721163
0.904486011709
0.949891198053
0.992743478248
1
1
1
1
1
1
1
0.947779879164
0.793319650925
0.561640869823
0.231885051234
0.00998530651817
0.0329133641143
0.0975305817605
0.146981813288
0.158762168523
0.106513471731
0
0
0
0
0
0
0
0
0
0
0
0
0
0
0
0
0
0
0
0
0
0
0
0.991283292621
1
1
1
1
1
1
1
1
1
1
1
1
1
0.801244536924
0
0
0
0
0
0
0
0
0
0
0
0
0
0
0
0
0
0
0.0441949915722
0.550575714219
0.734071058354
0.855441747531
0.928643953652
0.976672266386
1
1
1
1
1
1
1
1
0.985132892919
0.82872943727
0.592033619588
0.24881256426
0.00546296515474
0.0316010780544
0.102205281564
0.152681015889
0.156383672077
0.0552225731424
0
0
0
0
0
0
0
0
0
0
0
0
0
0
0
0
0
0
0
0
0
0
0.519502559738
1
1
1
1
1
1
1
1
1
1
1
1
1
0.871969604495
0
0
0
0
0
0
0
0
0
0
0
0
0
0
0
0
0
0
0
0.0228790423709
0.555900306834
0.751434277465
0.875567170013
0.951329028629
0.999526929816
1
1
1
1
1
1
1
1
1
0.860476482817
0.619260927282
0.263490462711
0.0023281410281
0.0333521251267
0.108712092405
0.157942523653
0.143007284271
0.000833678284999
0
0
0
0
0
0
0
0
0
0
0
0
0
0
0
0
0
0
0
0
0
0
0.882893359568
1
1
1
1
1
1
1
1
1
1
1
1
0.906520220524
0.0040393851783
0
0
0
0
0
0
0
0
0
0
0
0
0
0
0
0
0
0
0
0
0.559262146479
0.767500988667
0.895266487758
0.973192791497
0.999644213654
1
1
1
1
1
1
1
1
1
0.892747226682
0.644853118652
0.281297560032
0.000597011277796
0.0376314213284
0.116380092117
0.160645762314
0.109305424763
0
0
0
0
0
0
0
0
0
0
0
0
0
0
0
0
0
0
0
0
0
0
0.118517850784
1
1
1
1
1
1
1
1
1
1
1
1
0.935591547378
0.310994434317
0
0
0
0
0
0
0
0
0
0
0
0
0
0
0
0
0
0
0
0
0
0.560707611443
0.783104949255
0.914059354193
0.994104972589
0.999800463286
1
1
1
1
1
1
1
1
1
0.922654523815
0.672416510111
0.300876650405
0.000309441980441
0.0442225063079
0.124977823554
0.157440095253
0.036540727942
0
0
0
0
0
0
0
0
0
0
0
0
0
0
0
0
0
0
0
0
0
0
0.636430234306
1
1
1
1
1
1
1
1
1
1
1
0.962093737881
0.503235622039
0
0
0
0
0
0
0
0
0
0
0
0
0
0
0
0
0
0
0
0
0
0
0.559811934425
0.799443539194
0.93272037126
0.999346720662
0.999947489516
1
1
1
1
1
1
1
1
1
0.952987580912
0.699604780009
0.322545815289
0.00104213818623
0.0528380576789
0.133274837941
0.139661548193
0
0
0
0
0
0
0
0
0
0
0
0
0
0
0
0
0
0
0
0
0
0
0
0.919793284901
1
1
1
1
1
1
1
1
1
1
0.986740569999
0.664616558488
0
0
0
0
0
0
0
0
0
0
0
0
0
0
0
0
0
0
0
0
0
0
0
0.554676445848
0.814861829485
0.951944606636
0.999782812831
1
1
1
1
1
1
1
1
1
1
0.984622736125
0.730410440242
0.349979709709
0.00429523779815
0.0627551260326
0.138629603902
0.0974475213476
0
0
0
0
0
0
0
0
0
0
0
0
0
0
0
0
0
0
0
0
0
0
0.203071519868
1
1
1
1
1
1
1
1
1
1
0.999979863913
0.793060529118
0.0277033007099
0
0
0
0
0
0
0
0
0
0
0
0
0
0
0
0
0
0
0
0
0
0
0
0.547105983055
0.829757240673
0.970138519547
1
1
1
1
1
1
1
1
1
1
1
1
0.763139186321
0.382586568545
0.00981485154489
0.0741829149101
0.138279789594
0.0203703897147
0
0
0
0
0
0
0
0
0
0
0
0
0
0
0
0
0
0
0
0
0
0
0.660681077191
1
1
1
1
1
1
1
1
1
1
0.875861520108
0.367959149749
0
0
0
0
0
0
0
0
0
0
0
0
0
0
0
0
0
0
0
0
0
0
0
0
0.56028713093
0.843311073911
0.986872854095
1
1
1
1
1
1
1
1
1
1
1
1
0.801955756848
0.42106673771
0.0175606987501
0.0856592472062
0.122197158813
0
0
0
0
0
0
0
0
0
0
0
0
0
0
0
0
0
0
0
0
0
0
0
0.914832428619
1
1
1
1
1
1
1
1
1
0.933737023559
0.579611554783
0
0
0
0
0
0
0
0
0
0
0
0
0
0
0
0
0
0
0
0
0
0
0
0
0
0.5723837522
0.857919928071
1
1
1
1
1
1
1
1
1
1
1
1
1
0.843223213123
0.46608913516
0.026740033584
0.0943703819564
0.0811563055774
0
0
0
0
0
0
0
0
0
0
0
0
0
0
0
0
0
0
0
0
0
0
0.159204156747
1
1
1
1
1
1
1
1
1
0.973848722461
0.728441504036
0.0778594136441
0
0
0
0
0
0
0
0
0
0
0
0
0
0
0
0
0
0
0
0
0
0
0
0
0
0.583324388024
0.873867568275
1
1
1
1
1
1
1
1
1
1
1
1
1
0.886919789303
0.512334800624
0.0380291128689
0.0986440676027
0.00765969398809
0
0
0
0
0
0
0
0
0
0
0
0
0
0
0
0
0
0
0
0
0
0
0.615414596225
1
1
1
1
1
1
1
1
0.998354684642
0.827802975182
0.354237308101
0
0
0
0
0
0
0
0
0
0
0
0
0
0
0
0
0
0
0
0
0
0
0
0
0
0
0.593675519041
0.891530791685
1
1
1
1
1
1
1
1
1
1
1
1
1
0.933353757644
0.556454446248
0.0504325715798
0.091482419156
0
0
0
0
0
0
0
0
0
0
0
0
0
0
0
0
0
0
0
0
0
0
0
0.872685236928
1
1
1
1
1
1
1
1
0.887172120204
0.518246488058
0
0
0
0
0
0
0
0
0
0
0
0
0
0
0
0
0
0
0
0
0
0
0
0
0
0
0
0.604783003084
0.912471736281
1
1
1
1
1
1
1
1
1
1
1
1
1
0.978228616361
0.60450265316
0.0601570444804
0.0631953763875
0
0
0
0
0
0
0
0
0
0
0
0
0
0
0
0
0
0
0
0
0
0
0
0.990103504091
1
1
1
1
1
1
1
0.930968427041
0.632388015233
0.0182764539472
0
0
0
0
0
0
0
0
0
0
0
0
0
0
0
0
0
0
0
0
0
0
0
0
0
0
0
0.622121206635
0.937136122926
1
1
1
1
1
1
1
1
1
1
1
1
1
1
0.649680841731
0.069309082264
0
0
0
0
0
0
0
0
0
0
0
0
0
0
0
0
0
0
0
0
0
0
0
0.478407910478
1
1
1
1
1
1
1
0.965388507784
0.720160156246
0.19984405851
0
0
0
0
0
0
0
0
0
0
0
0
0
0
0
0
0
0
0
0
0
0
0
0
0
0
0
0
0.64270280779
0.965543289894
1
1
1
1
1
1
1
1
1
1
1
1
1
1
0.690605726727
0.0803532536424
0
0
0
0
0
0
0
0
0
0
0
0
0
0
0
0
0
0
0
0
0
0
0
0.77207290554
1
1
1
1
1
1
0.991488510077
0.792878261858
0.321080988066
0
0
0
0
0
0
0
0
0
0
0
0
0
0
0
0
0
0
0
0
0
0
0
0
0
0
0
0
0
0.66637407875
0.999070150629
1
1
1
1
1
1
1
1
1
1
1
1
1
1
0.729669915011
0.0696468450574
0
0
0
0
0
0
0
0
0
0
0
0
0
0
0
0
0
0
0
0
0
0
0
0.929064024063
1
1
1
1
1
1
0.849030474222
0.407269169156
0
0
0
0
0
0
0
0
0
0
0
0
0
0
0
0.190101692466
0
0
0
0
0
0
0
0
0
0
0
0
0
0
0.693672811992
0.999035443575
1
1
1
1
1
1
1
1
1
1
1
1
1
1
0.763775431927
0
0
0
0
0
0
0
0
0
0
0
0
0
0
0
0
0
0
0
0
0
0
0
0.130870535726
0.993967348085
1
1
1
1
1
0.897542829475
0.486469038875
0
0
0
0
0
0
0
0
0
0
0
0
0
0
0
0
1
0
0
0
0
0
0
0
0
0
0
0
0
0
0
0.720396051021
0.998741329054
1
1
1
1
1
1
1
1
1
1
1
1
1
1
0.790263688448
0
0
0
0
0
0
0
0
0
0
0
0
0
0
0
0
0
0
0
0
0
0
0
0.537204488509
1
1
1
1
1
0.942287153275
0.570533102808
0
0
0
0
0
0
0
0
0
0
0
0
0
0
0
0
1
1
0
0
0
0
0
0
0
0
0
0
0
0
0
0
0.736272165678
0.99834329306
1
1
1
1
1
1
1
1
1
1
1
1
1
1
0.810506647944
0
0
0
0
0
0
0
0
0
0
0
0
0
0
0
0
0
0
0
0
0
0
0
0.761137222086
1
1
1
1
0.978847066963
0.664789956215
0
0
0
0
0
0
0
0
0
0
0
0
0
0
0
0
0.288492861405
1
1
0
0
0
0
0
0
0
0
0
0
0
0
0
0
0.731610067657
0.997662140582
1
1
1
1
1
1
1
1
1
1
1
1
1
1
0.816919583681
0
0
0
0
0
0
0
0
0
0
0
0
0
0
0
0
0
0
0
0
0
0
0
0.880840515763
1
1
1
0.99881731759
0.76841237674
0.13565416102
0
0
0
0
0
0
0
0
0
0
0
0
0
0
0
0
1
1
1
0
0
0
0
0
0
0
0
0
0
0
0
0
0
0.702779839146
0.996384143352
1
1
1
1
1
1
1
1
1
1
1
1
1
1
0.775232230605
0
0
0
0
0
0
0
0
0
0
0
0
0
0
0
0
0
0
0
0
0
0
0
0.939736755184
1
1
1
0.863922394308
0.281053757101
0
0
0
0
0
0
0
0
0
0
0
0
0
0
0
0
0.266679896208
1
1
1
0
0
0
0
0
0
0
0
0
0
0
0
0
0
0.647474197559
0.993315559711
1
1
1
1
1
1
1
1
1
1
1
1
1
1
0.667539362241
0
0
0
0
0
0
0
0
0
0
0
0
0
0
0
0
0
0
0
0
0
0
0.251217593668
0.963359648164
1
1
0.924387291849
0.434059111229
0
0
0
0
0
0
0
0
0
0
0
0
0
0
0
0
0
1
1
1
1
0
0
0
0
0
0
0
0
0
0
0
0
0
0
0.554419864246
0.984261865399
1
1
1
1
1
1
1
1
1
1
1
1
1
1
0.456627056626
0
0
0
0
0
0
0
0
0
0
0
0
0
0
0
0
0
0
0
0
0
0
0.458148507401
0.965318095629
0.999313303207
0.955599476321
0.586662351253
0
0
0
0
0
0
0
0
0
0
0
0
0
0
0
0
0
0.246295504993
1
1
1
1
0
0
0
0
0
0
0
0
0
0
0
0
0
0
0.402212905214
0.969691939825
1
1
1
1
1
1
1
1
1
1
1
1
1
0.996794632847
0.0981113417801
0
0
0
0
0
0
0
0
0
0
0
0
0
0
0
0
0
0
0
0
0
0
0.566599986613
0.945954506568
0.955598507698
0.713935847294
0.010435477167
0
0
0
0
0
0
0
0
0
0
0
0
0
0
0
0
0
1
1
1
1
1
0
0
0
0
0
0
0
0
0
0
0
0
0
0
0.163654608559
0.946142958347
1
1
1
1
1
1
1
1
1
1
1
1
1
0.942200339506
0
0
0
0
0
0
0
0
0
0
0
0
0
0
0
0
0
0
0
0
0
0
0
0.592109183623
0.889003789793
0.781561288095
0.235732281389
0
0
0
0
0
0
0
0
0
0
0
0
0
0
0
0
0
0.696961206678
1
1
1
1
1
0
0
0
0
0
0
0
0
0
0
0
0
0
0
0
0.904071842752
0.999571830503
1
1
1
1
1
1
1
1
1
1
1
1
0.764242595954
0
0
0
0
0
0
0
0
0
0
0
0
0
0
0
0
0
0
0
0
0
0
0
0.540021045194
0.727074937133
0.38653940662
0
0
0
0
0
0
0
0
0
0
0
0
0
0
0
0
0
0.657166873091
1
1
1
1
1
1
0
0
0
0
0
0
0
0
0
0
0
0
0
0
0
0.804125840985
0.992474106576
1
1
1
1
1
1
1
1
1
1
1
0.971598516389
0.346943295975
0
0
0
0
0
0
0
0
0
0
0
0
0
0
0
0
0
0
0
0
0
0
0
0.407577641187
0.414012626086
0
0
0
0
0
0
0
0
0
0
0
0
0
0
0
0
0
0.459907328513
1
1
1
1
1
1
0.816575341308
0
0
0
0
0
0
0
0
0
0
0
0
0
0
0
0.439826985555
0.964542073283
1
1
1
1
1
1
1
1
1
1
0.999146923425
0.830365063895
0
0
0
0
0
0
0
0
0
0
0
0
0
0
0
0
0
0
0
0
0
0
0
0
0.188384657662
0
0
0
0
0
0
0
0
0
0
0
0
0
0
0
0
0
0
1
1
1
1
1
1
0.855135671859
0
0
0
0
0
0
0
0
0
0
0
0
0
0
0
0
0.034067080374
0.896495406459
0.999281179383
1
1
1
1
1
1
1
1
1
0.94542074152
0.451317953868
0
0
0
0
0
0
0
0
0
0
0
0
0
0
0
0
0
0
0
0
0
0
0
0
0
0
0
0
0
0
0
0
0
0
0
0
0
0
0
0
0
0
0
1
1
1
1
1
1
0.411537723631
0
0
0
0
0
0
0
0
0
0
0
0
0
0
0
0
0
0.609241922543
0.97204442314
1
1
1
1
1
1
1
0.999895854315
0.965707452466
0.709015301954
0
0
0
0
0
0
0
0
0
0
0
0
0
0
0
0
0
0
0
0
0
0
0
0
0
0
0
0
0
0
0
0
0
0
0
0
0
0
0
0
0
0
0
0
1
1
1
1
1
1
0
0
0
0
0
0
0
0
0
0
0
0
0
0
0
0
0
0
0.0336816642684
0.842367205011
0.984271158863
1
1
1
1
1
0.992130435249
0.948014123614
0.753710872502
0.0920199561832
0
0
0
0
0
0
0
0
0
0
0
0
0
0
0
0
0
0
0
0
0
0
0
0
0
0
0
0
0
0
0
0
0
0
0
0
0
0
0
0
0
0
0
0.552070454559
1
1
1
1
1
1
0
0
0
0
0
0
0
0
0
0
0
0
0
0
0
0
0
0
0
0.193339608717
0.810592831781
0.945524297132
0.981895155801
0.986089551978
0.975026924144
0.944837527638
0.866545534906
0.648533528493
0.0941995655123
0
0
0
0
0
0
0
0
0
0
0
0
0
0
0
0
0
0
0
0
0
0
0
0
0
0
0
0
0
0
0
0
0
0
0
0
0
0
0
0
0
0
0
0
0.94381241186
1
1
1
1
1
1
0
0
0
0
0
0
0
0
0
0
0
0
0
0
0
0
0
0
0
0
0
0.501003126815
0.686853994083
0.746617955065
0.70172144422
0.565847545902
0.278144311256
0
0
0
0
0
0
0
0
0
0
0
0
0
0
0
0
0
0
0
0
0
0
0
0
0
0
0
0
0
0
0
0
0
0
0
0
0
0
0
0
0
0
0
0
0
0
1
1
1
1
1
1
1
0
0
0
0
0
0
0
0
0
0
0
0
0
0
0
0
0
0
0
0
0
0
0
0
0
0
0
0
0
0
0
0
0
0
0
0
0
0
0
0
0
0
0
0
0
0
0
0
0
0
0
0
0
0
0
0
0
0
0
0
0
0
0
0
0
0
0
0
0
0
0
0
0
1
1
1
1
1
1
1
0.144447910181
0
0
0
0
0
0
0
0
0
0
0
0
0
0
0
0
0
0
0
0
0
0
0
0
0
0
0
0
0
0
0
0
0
0
0
0
0
0
0
0
0
0
0
0
0
0
0
0
0
0
0
0
0
0
0
0
0
0
0
0
0
0
0
0
0
0
0
0
0
0
0
0
1
1
1
1
1
1
1
0.36783107321
0
0
0
0
0
0
0
0
0
0
0
0
0
0
0
0
0
0
0
0
0
0
0
0
0
0
0
0
0
0
0
0
0
0
0
0
0
0
0
0
0
0
0
0
0
0
0
0
0
0
0
0
0
0
0
0
0
0
0
0
0
0
0
0
0
0
0
0
0
0
0
0
0.872463534809
1
1
1
1
1
1
0.564211464753
0
0
0
0
0
0
0
0
0
0
0
0
0
0
0
0
0
0
0
0
0
0
0
0
0
0
0
0
0
0
0
0
0
0
0
0
0
0
0
0
0
0
0
0
0
0
0
0
0
0
0
0
0
0
0
0
0
0
0
0
0
0
0
0
0
0
0
0
0
0
0
0
0.667842075624
1
1
1
1
1
1
0.725902340882
0
0
0
0
0
0
0
0
0
0
0
0
0
0
0
0
0
0
0
0
0
0
0
0
0
0
0
0
0
0
0
0
0
0
0
0
0
0
0
0
0
0
0
0
0
0
0
0
0
0
0
0
0
0
0
0
0
0
0
0
0
0
0
0
0
0
0
0
0
0
0
0
0.390439562854
1
1
1
1
1
1
0.8467866949
0
0
0
0
0
0
0
0
0
0
0
0
0
0
0
0
0
0
0
0
0
0
0
0
0
0
0
0
0
0
0
0
0
0
0
0
0
0
0
0
0
0
0
0
0
0
0
0
0
0
0
0
0
0
0
0
0
0
0
0
0
0
0
0
0
0
0
0
0
0
0
0
0
0.994275450896
1
1
1
1
1
0.883994968382
0
0
0
0
0
0
0
0
0
0
0
0
0
0
0
0
0
0
0
0
0
0
0
0
0
0
0
0
0
0
0
0
0
0
0
0
0
0
0
0
0
0
0
0
0
0
0
0
0
0
0
0
0
0
0
0
0
0
0
0
0
0
0
0
0
0
0
0
0
0
0
0
0
0.589032203243
1
1
1
1
1
0.914346084925
0.137830170957
1
0
0
0
0
0
0
0
0
0
0
0
0
0
0
0
0
0
0
0
0
0
0
0
0
0
0
0
0
0
0
0
0
0
0
0
0.155909299
0.200027497338
0
0
0
0
0
0
0
0
0
0
0
0
0
0
0
0
0
0
0
0
0
0
0
0
0
0
0
0
0
0
0
0
0
0
0
0.818435964905
1
1
1
1
0.966262003802
0.336642794785
1
0
0
0
0
0
0
0
0
0
0
0
0
0
0
0
0
0
0
0
0
0
0
0
0
0
0
0
0
0
0
0
0
0
0
0
0.685601908208
0.951702260971
0.583738277273
0
0
0
0
0
0
0
0
0
0
0
0
0
0
0
0
0
0
0
0
0
0
0
0
0
0
0
0
0
0
0
0
0
0
0
0.844734687137
1
1
1
1
0.565818692962
1
0
0
0
0
0
0
0
0
0
0
0
0
0
0
0
0
0
0
0
0
0
0
0
0
0
0
0
0
0
0
0
0
0
0
0.600994678213
0.991907918989
1
1
0
0
0
0
0
0
0
0
0
0
0
0
0
0
0
0
0
0
0
0
0
0
0
1
0.463371975071
0
0
0
0
0
0
0
0
0
0
0.22093394756
0.923679060424
1
1
1
0.822471477621
1
1
0
0
0
0
0
0
0
0
0
0
0
0
0
0
0
0
0
0
0
0
0
0
0
0
0
0
0
0
0
0
0
0
0
0
0.654202114397
1
1
0.164598796599
0
0
0
0
0
0
0
0
0
0
0
0
0
0
0
0
0
0
0
0
0
0
1
1
0.943985951984
0.0430940157324
0
0
0
0
0
0
0
0
0
0.262086170503
0.900721102478
1
1
1
1
1
0
0
0
0
0
0
0
0
0
0
0
0
0
0
0
0
0
0
0
0
0
0
0
0
0
0
0
0
0
0
0
0
0
0.228611809077
1
1
1
1
0
0
0
0
0
0
0
0
0
0
0
0
0
0
0
0
0
0
0
0
0
0
1
1
1
1
1
1
1
1
0.800438441887
0
0
0
0
0.485412265771
0.872031181231
1
1
1
0.953461214057
0.979044323236
0.863308645683
0
0
0
0
0
0
0
0
0
0
0
0
0
0
0.882409209711
0.645008461896
0
0
0
0
0
0
0
0
0
0
0
0
0
0
0
0
0
0
0.650157623583
1
0.0416682955314
0
0
0
0
0
0
0
0
0
0
0
0
0
0
0
0
0
0
0
0
0
1
1
1
1
1
1
1
1
1
1
1
1
1
1
0.21762016505
0
0.105268045765
1
1
0.36100603214
0.663722237725
0.899361135185
0.714298156558
0
0
0
0
0
0
0
0
0
0
0
0
0
0
0
0
0
0
0
0
0
0
0
0
0
0
0
0
0
0
0
0
0
0
0
1
0
0
0
0
0
0
0
0
0
1
0
0.757447886263
0
0
0
0
0
0
0
1
0
1
1
1
1
1
1
1
1
1
1
1
1
1
1
1
1
1
1
1
0.0513587772114
0.526890137894
0.963426875086
1
1
0.453078937519
0
0
0
0
0
0
0
0
0
0
0
0
0
0
0
0
0
0
0
0
0
0
0
0
0
0
0
0
0
0
0
0
0
0
0
0
0
0
0
0
0
0
0
0
0
0
0
0
0
0
0
0
0
0
0
1
1
1
1
1
1
1
1
1
1
1
1
1
1
1
1
1
0.275655210522
0
)
;

boundaryField
{
    frontAndBack
    {
        type            empty;
    }
    upperWall
    {
        type            calculated;
        value           uniform 0;
    }
    lowerWall
    {
        type            calculated;
        value           uniform 0;
    }
    inlet
    {
        type            calculated;
        value           uniform 0;
    }
    outlet
    {
        type            calculated;
        value           nonuniform List<scalar> 
20
(
-229.739839079
-183.657005321
-145.049750536
-115.935484133
-95.6187675955
-80.7126510584
-69.8369451708
-62.4733123727
-58.822603611
-57.95092231
-59.3274604149
-62.8384357563
-68.6821700996
-76.1847350716
-85.258771974
-96.2709776617
-110.051346568
-128.175857843
-149.717013505
-167.241660811
)
;
    }
}


// ************************************************************************* //
