/*--------------------------------*- C++ -*----------------------------------*\
| =========                 |                                                 |
| \\      /  F ield         | OpenFOAM: The Open Source CFD Toolbox           |
|  \\    /   O peration     | Version:  v1806                                 |
|   \\  /    A nd           | Web:      www.OpenFOAM.com                      |
|    \\/     M anipulation  |                                                 |
\*---------------------------------------------------------------------------*/
FoamFile
{
    version     2.0;
    format      ascii;
    class       volScalarField;
    location    "200";
    object      alphak;
}
// * * * * * * * * * * * * * * * * * * * * * * * * * * * * * * * * * * * * * //

dimensions      [0 0 -1 0 0 0 0];


internalField   nonuniform List<scalar> 
6400
(
0.574572890832
1
0.0853644000099
0
0
0
0
0
0
0
0
0
0
0
0
0
0
0
0
0
0
0
0
0
0
0
0
0
0
0
0
0
0
0
0
0
0
0
0
0
0
0
0
0
0
0
0
0
0
0
0
0
0
0
0
0
0
0
0
0
0
0
0
0
0
0
0
0
0
0.0134124576294
0.0336635638744
0.0165904183894
0.00109495038456
0
0
0
0
0
0.0819696215405
0.174436123111
0.342849034667
0
0
0
0
0
0
0
0
0
0
0
0
0
0
0
0
0
0
0
0
0
0
0
0
0
0
0
0
0
0
0
0
0
0
0
0
0
0
0
0
0
0
0
0
0
0
0
0
0
0
0
0
0
0
0
0
0
0
0
0
0
0
0
0
0
0
0
0
0
0
0
0
0
0
0
0
0
0
0
0
0
0
0
0
0
0
0
0
0
0
0
0
0
0
0
0
0
0
0
0
0
0
0
0
0
0
0
0
0
0
0
0
0
0
0
0
0
0
0
0
0
0
0
0
0
0
0
0
0
0
0
0
0
0
0
0
0
0
0
0
0
0
0
0
0
0
0
0
0
0
0
0
0
0
0
0
0
0
0
0
0
0
0
0
0
0
0
0
0
0
0
0
0
0
0
0
0
0
0
0
0
0
0
0
0
0
0
0
0
0
0
0
0
0
0
0
0
0
0
0
0
0
0
0
0
0
0
0
0
0
0
0
0
0
0
0
0
0
0
0
0
0
0
0
0
0
0
0
0
0
0
0
0
0
0
0
0
0
0
0
0
0
0
0
0
0
0
0
0
0
0
0
0
0
0
0
0
0
0
0
0
0
0
0
0
0
0
0
0
0
0
0
0
0
0
0
0
0
0
0
0
0
0
0
0
0
0
0
0
0
0
0
0
0
0
0
0
0
0
0
0
0
0
0
0
0
0
0
0
0
0
0
0
0
0
0
0
0
0
0
0
0
0
0
0
0
0
0
0
0
0
0
0
0
0
0
0
0
0
0
0
0
0
0
0
0
0
0
0
0
0
0
0
0
0
0
0
0
0
0
0
0
0
0
0
0
0
0
0
0
0
0
0
0
0
0
0
0
0
0
0
0
0
0
0
0
0
0
0
0
0
0
0
0
0
0
0
0
0
0
0
0
0
0
0
0
0
0
0
0
0
0
0
0
0
0
0
0
0
0
0
0
0
0
0
0
0
0
0
0
0
0
0
0
0
0
0
0
0
0
0
0
0
0
0
0
0
0
0
0
0
0
0
0
0
0
0
0
0
0
0
0
0
0
0
0
0
0
0
0
0
0
0
0
0
0
0
0
0
0
0
0
0
0
0
0
0
0
0
0
0
0
0
0
0
0
0
0
0
0
0
0
0
0
0
0
0
0
0
0
0
0
0
0
0
0
0
0
0
0
0
0
0
0
0
0
0
0
0
0
0
0
0
0
0
0
0
0
0
0
0
0
0
0
0
0
0
0
0
0
0
0
0
0
0
0
0
0
0
0
0
0
0
0
0
0
0
0
0
0
0
0
0
0
0
0
0
0
0
0
0
0
0
0
0
0
0
0
0
0
0
0
0
0
0
0
0
0
0
0
0
0
0
0
0
0
0
0
0
0
0
0
0
0
0
0
0
0
0
0
0
0
0
0
0
0
0
0
0
0
0
0
0
0
0
0
0
0
0
0
0
0
0
0
0
0
0
0
0
0
0
0
0
0
0
0
0
0
0
0
0
0
0
0
0
0
0
0
0
0
0
0
0
0
0
0
0
0
0
0
0
0
0
0
0
0
0
0
0
0
0
0
0
0
0
0
0
0
0
0
0
0
0
0
0
0
0
0
0
0
0
0
0
0
0
0
0
0
0
0
0
0
0
0
0
0
0
0
0
0
0
0
0
0
0
0
0
0
0
0
0
0
0
0
0
0
0
0
0
0
0
0
0
0
0
0
0
0
0
0
0
0
0
0
0
0
0
0
0
0
0
0
0
0
0
0
0
0
0
0
0
0
0
0
0
0
0
0
0
0
0
0
0
0
0
0
0
0
0
0
0
0
0
0
0
0
0
0
0
0
0
0
0
0
0
0
0
0
0
0
0
0
0
0
0
0
0
0
0
0
0
0
0
0
0
0
0
0
0
0
0
0
0
0
0
0
0
0
0
0
0
0
0
0
0
0
0
0
0
0
0
0
0
0
0
0
0
0
0
0
0
0
0
0
0
0
0
0
0
0
0
0
0
0
0
0
0
0
0
0
0
0
0
0
0
0
0
0
0
0
0
0
0
0
0
0
0
0
0
0
0
0
0
0
0
0
0
0
0
0
0
0
0
0
0
0
0
0
0
0
0
0
0
0
0
0
0
0
0
0
0
0
0
0
0
0
0
0
0
0
0
0
0
0
0
0
0
0
0
0
0
0
0
0
0
0
0
0
0
0
0
0
0
0
0
0
0
0
0
0
0
0
0
0
0
0
0
0
0
0
0
0
0
0
0
0
0
0
0
0
0
0
0
0
0
0
0
0
0
0
0
0
0
0
0
0
0
0
0
0
0
0
0
0
0
0
0
0
0
0
0
0
0
0
0
0
0
0
0
0
0
0
0
0
0
0
0
0
0
0
0
0
0
0
0
0
0
0
0
0
0
0
0
0
0
0
0
0
0
0
0
0
0
0
0
0
0
0
0
0
0
0
0
0
0
0
0
0
0
0
0
0
0
0
0
0
0
0
0
0
0
0
0
0
0
0
0
0
0
0.499585041138
0
0
0
0
0
0
0
0
0
0
0
0
0
0
0
0
0
0
0
0
0
0
0
0
0
0
0
0
0
0
0
0
0.0172094524358
0.0545545995347
0.0792562255051
0.094585079954
0.102473481873
0.104090939278
0.106491602566
0.102867110173
0.0932206564071
0.0783464801595
0.0583683347855
0.0328585448702
0.000162022299395
0
0
0
0
0
0
0
0
0
0
0
0
0
0
0
0
0
0
0
0
0
0
0
0
0
0
0
0
0
0
0
0
0
0.593693251812
0.921410714132
0.998906976821
0.0223909149244
0
0
0
0
0
0
0
0
0
0
0
0
0
0
0
0
0
0
0
0
0
0
0
0
0
0
0
0
0.0550966369035
0.108037084165
0.144472022993
0.169387727854
0.185305522184
0.194092551383
0.200568427829
0.204669148884
0.203959661984
0.198659563985
0.190012990024
0.178475668203
0.163647605183
0.144026909631
0.117104255991
0.0811039594247
0.0396550354528
0
0
0
0
0
0
0
0
0
0
0
0
0
0
0
0
0
0
0
0
0
0
0
0
0
0
0
0
0
0
0.504168215121
0.946782080631
1
1
0.74468429477
0.0383840657512
0
0
0
0
0
0
0
0
0
0
0
0
0
0
0
0
0
0
0
0
0
0
0
0
0
0
0.0706740427012
0.128583484028
0.166091106241
0.193921748775
0.214199190629
0.231468465857
0.244792271937
0.251575635593
0.253712704263
0.251779528468
0.247502676728
0.241116806235
0.232547646363
0.22019023719
0.201827930147
0.174097771161
0.148826753184
0.114207423512
0.0854186956645
0.0338405160658
0
0
0
0
0
0
0
0
0
0
0
0
0
0
0
0
0
0
0
0
0
0
0
0
0
0
0
0.268324504712
0.918855660982
1
1
1
1
0.579764134004
0.000373086120926
0
0
0
0
0
0
0
0
0
0
0
0
0
0
0
0
0
0
0
0
0
0
0
0.00905092836414
0.0616302322918
0.130085992202
0.169660708494
0.196614351345
0.226155962566
0.248861057708
0.264676519936
0.274310317705
0.278283596014
0.278234228222
0.275695705236
0.271422101211
0.265552350163
0.256628658981
0.24209822757
0.218442332897
0.196120031596
0.168499468855
0.148422899627
0.115765969342
0.0700803087026
0.0196581497028
0
0
0
0
0
0
0
0
0
0
0
0
0
0
0
0
0
0
0
0
0
0
0
0
0
0
0.829677405641
1
1
1
1
1
1
0.462463958474
0
0
0
0
0
0
0
0
0
0
0
0
0
0
0
0
0
0
0
0
0.120783932943
0.121809094688
0.0819987842556
0.0847779670644
0.133562142437
0.18061844832
0.209349235873
0.229490894507
0.247818061073
0.263915548416
0.2776172064
0.287092706163
0.289514687132
0.287421059336
0.283436045698
0.278340821215
0.271108202401
0.259004140369
0.238152593159
0.216779719963
0.192510579281
0.174676496576
0.151882812068
0.113694331248
0.082589795035
0.0247507878645
0
0
0
0
0
0
0
0
0
0
0
0
0
0
0
0
0
0
0
0
0
0
0
0
0
0.632984256741
1
1
1
1
1
1
1
1
0.226611052575
0
0
0
0
0
0
0
0
0
0
0
0
0
0
0
0
0
0
0.072629963073
0.247351469604
0.23133822175
0.183797980037
0.173727637119
0.214375317331
0.276062166141
0.314351982845
0.338915967841
0.350008461736
0.349823206547
0.331779735963
0.291549988246
0.283019971187
0.282173412769
0.277621451479
0.271962450023
0.262208329367
0.244602411997
0.224526704893
0.203392087365
0.185855324618
0.16914700935
0.141586524775
0.117367368745
0.0807999927641
0.0212244446662
0
0
0
0
0
0
0
0
0
0
0
0
0
0
0
0
0
0
0
0
0
0
0
0
0.249978276072
0.992894522641
1
1
1
1
1
1
1
1
0.459563700323
0
0
0
0
0
0
0
0
0
0
0
0
0
0
0
0
0
0
0.21812631836
0.341609299321
0.308488482966
0.258594407381
0.315095731673
0.369220401242
0.408147712674
0.432984461425
0.449716897812
0.457082525194
0.450048181839
0.425575612476
0.37768455272
0.295836915634
0.26425631139
0.259872977881
0.253789526165
0.240821415142
0.223032396775
0.206243424333
0.189271621225
0.176230518344
0.156379847579
0.13329868195
0.115418879248
0.0682342218987
0.00962656587078
0
0
0
0
0
0
0
0
0
0
0
0
0
0
0
0
0
0
0
0
0
0
0
0
0.866956710087
1
1
1
1
1
1
1
1
1
0.489358248372
0
0
0
0
0
0
0
0
0
0
0
0
0
0
0
0
0
0
0.31848986035
0.401719142498
0.365367959736
0.404624854901
0.448741152706
0.487298430284
0.511972081104
0.530106821027
0.544966092882
0.551019825605
0.538854971922
0.508492336359
0.452940634359
0.36452891113
0.242536850421
0.234398956207
0.225357251606
0.211035508113
0.201158403189
0.186941258365
0.177145331739
0.162618302716
0.140457441594
0.130958335964
0.107808518887
0.0557923983738
0
0
0
0
0
0
0
0
0
0
0
0
0
0
0
0
0
0
0
0
0
0
0
0
0.5057685074
1
1
1
1
1
1
1
1
1
1
0.745407966359
0
0
0
0
0
0
0
0
0
0
0
0
0
0
0
0
0
0
0.3864535802
0.441832542537
0.457512189488
0.513550163859
0.551024223405
0.577173513065
0.59519230365
0.613101258713
0.627580282463
0.632876827634
0.618842364615
0.583607262107
0.522226562608
0.429080907012
0.296919649498
0.202932756008
0.185333880313
0.183038841077
0.17633538056
0.1721022547
0.163287724901
0.147185049541
0.135209387677
0.12761502723
0.097471609762
0.0414527908503
0
0
0
0
0
0
0
0
0
0
0
0
0
0
0
0
0
0
0
0
0
0
0
0
0.959961433305
1
1
1
1
1
1
1
1
1
1
0.924611233433
0.000990466120375
0
0
0
0
0
0
0
0
0
0
0
0
0
0
0
0
0
0.43324417091
0.468520783006
0.541853067441
0.595274454647
0.628912926682
0.648448448516
0.666397842384
0.685361956452
0.700272653241
0.705720163575
0.691754109848
0.655249043225
0.591152968869
0.495274118602
0.357510726563
0.186186061653
0.150351621628
0.150868579227
0.156240668967
0.156471225119
0.148573382439
0.135324631407
0.13351693084
0.12339662995
0.0875452355654
0.0235429079878
0
0
0
0
0
0
0
0
0
0
0
0
0
0
0
0
0
0
0
0
0
0
0
0.615521251246
1
1
1
1
1
1
1
1
1
1
1
1
0.0299775657102
0
0
0
0
0
0
0
0
0
0
0
0
0
0
0
0
0
0.466083931598
0.486139013109
0.605139985978
0.658928448857
0.689885544695
0.708199109772
0.728834327686
0.749595866571
0.765583106167
0.77205528683
0.759386900322
0.724094941287
0.659672025923
0.56180872914
0.420625317693
0.237330333787
0.117315227085
0.121290470029
0.135010208271
0.139929761742
0.134225868926
0.132496550959
0.133036731546
0.119501042865
0.0766532418431
0.000358784705043
0
0
0
0
0
0
0
0
0
0
0
0
0
0
0
0
0
0
0
0
0
0
0
0.980946537445
1
1
1
1
1
1
1
1
1
1
1
1
0.0931788686185
0
0
0
0
0
0
0
0
0
0
0
0
0
0
0
0
0.0184136026758
0.486880854008
0.538005656485
0.654704215627
0.710135788822
0.740411300254
0.760455398657
0.784562383924
0.807605595892
0.825656832434
0.833018204656
0.821963257544
0.788982441512
0.726419959719
0.627758769064
0.485283675943
0.293283408058
0.0924372821231
0.0948310454206
0.113942995047
0.123434438046
0.126264541992
0.132843764499
0.133544838061
0.115508056881
0.0614227810886
0
0
0
0
0
0
0
0
0
0
0
0
0
0
0
0
0
0
0
0
0
0
0
0.615529898437
1
1
1
1
1
1
1
1
1
1
1
1
1
0.184265761531
0
0
0
0
0
0
0
0
0
0
0
0
0
0
0
0
0.0653211822393
0.498139252287
0.581291214034
0.695640827097
0.752128269624
0.784432229051
0.807826434722
0.835127064964
0.861166095711
0.880725909383
0.888964179545
0.880709749322
0.84943954782
0.789699449029
0.692066125573
0.547271897632
0.349012753406
0.10302262285
0.0707095029425
0.0930619427573
0.108643991801
0.124081421891
0.135327337892
0.135243056948
0.110130161145
0.0400362152745
0
0
0
0
0
0
0
0
0
0
0
0
0
0
0
0
0
0
0
0
0
0
0
0.970962088383
1
1
1
1
1
1
1
1
1
1
1
1
1
0.28399394531
0
0
0
0
0
0
0
0
0
0
0
0
0
0
0
0
0.096112685179
0.510401778758
0.616143499914
0.72940342451
0.789011113949
0.823137556923
0.851272595925
0.882043147908
0.910339398093
0.931136440563
0.940373591836
0.93495765371
0.905172807217
0.84851821958
0.7526110251
0.606789406233
0.401346492812
0.134512090759
0.0504496390916
0.0735047273651
0.0991199962929
0.12468711475
0.139288375565
0.136503763627
0.101213410546
0.00495010362653
0
0
0
0
0
0
0
0
0
0
0
0
0
0
0
0
0
0
0
0
0
0
0.518899152409
1
1
1
1
1
1
1
1
1
1
1
1
1
1
0.269236338404
0
0
0
0
0
0
0
0
0
0
0
0
0
0
0
0
0.114672033841
0.520713616687
0.646373722168
0.759787319205
0.821599734537
0.858515234516
0.890594504427
0.924610510914
0.954999447517
0.977209072168
0.989526406627
0.985019593118
0.958570725779
0.902283754544
0.807925398429
0.660961317768
0.449569356812
0.16275811745
0.0349695300773
0.0569585376886
0.0936959036668
0.127454265926
0.1440431021
0.136398547602
0.0836124681157
0
0
0
0
0
0
0
0
0
0
0
0
0
0
0
0
0
0
0
0
0
0
0
0.921078016862
1
1
1
1
1
1
1
1
1
1
1
1
1
1
0
0
0
0
0
0
0
0
0
0
0
0
0
0
0
0
0
0.124065560869
0.53149735579
0.671929619042
0.786465029097
0.851335540277
0.891356544916
0.927355040788
0.963654401484
0.996384539794
1
1
1
1
0.953099915843
0.857725228908
0.709220420922
0.491925743657
0.188069962352
0.023523647409
0.0441545652989
0.0913819034174
0.131823619253
0.148718062849
0.133620553765
0.0536721738945
0
0
0
0
0
0
0
0
0
0
0
0
0
0
0
0
0
0
0
0
0
0
0.315160543221
1
1
1
1
1
1
1
1
1
1
1
1
1
1
1
0
0
0
0
0
0
0
0
0
0
0
0
0
0
0
0
0
0.12494211337
0.541237861546
0.694970668169
0.811370868151
0.878706467349
0.921627552452
0.961041470298
1
1
1
1
1
1
1
0.904476056857
0.752000448677
0.528575283882
0.211473848029
0.0151460223837
0.0356778667884
0.09181479612
0.137134431843
0.152311975396
0.124177985071
0.00520053529307
0
0
0
0
0
0
0
0
0
0
0
0
0
0
0
0
0
0
0
0
0
0
0.801581263656
1
1
1
1
1
1
1
1
1
1
1
1
1
1
0
0
0
0
0
0
0
0
0
0
0
0
0
0
0
0
0
0
0.117538828172
0.549333172141
0.715967479996
0.834386335947
0.904760904909
0.949975880219
0.992682163484
1
1
1
1
1
1
1
0.946776158858
0.792283195128
0.56067339146
0.23104466874
0.00909528329493
0.0311925340059
0.0946841625559
0.143023342094
0.153563407141
0.100517041462
0
0
0
0
0
0
0
0
0
0
0
0
0
0
0
0
0
0
0
0
0
0
0
0.996394544806
1
1
1
1
1
1
1
1
1
1
1
1
1
0.816632879723
0
0
0
0
0
0
0
0
0
0
0
0
0
0
0
0
0
0
0.102789707999
0.556327471171
0.735503617092
0.856033790576
0.928927907664
0.976775909935
1
1
1
1
1
1
1
1
0.984163660286
0.827716317055
0.591100956347
0.248068862029
0.00480903654081
0.0300965071768
0.0994543907002
0.148599783381
0.150728053596
0.049811730143
0
0
0
0
0
0
0
0
0
0
0
0
0
0
0
0
0
0
0
0
0
0
0.578718496319
1
1
1
1
1
1
1
1
1
1
1
1
1
0.884194069235
0
0
0
0
0
0
0
0
0
0
0
0
0
0
0
0
0
0
0
0.0813435242683
0.561340592784
0.752752562844
0.876128687998
0.951605912359
0.999635013497
1
1
1
1
1
1
1
1
1
0.85947027212
0.618338990718
0.262809281256
0.00185830125089
0.0319902702302
0.105963473317
0.153598910249
0.136924084885
0.000147445533477
0
0
0
0
0
0
0
0
0
0
0
0
0
0
0
0
0
0
0
0
0
0
0.906660840816
1
1
1
1
1
1
1
1
1
1
1
1
0.916559860153
0.0398350667327
0
0
0
0
0
0
0
0
0
0
0
0
0
0
0
0
0
0
0
0.0531977581297
0.564342946929
0.76867848528
0.89577361937
0.973445289807
0.999743434564
1
1
1
1
1
1
1
1
1
0.891743135431
0.643928176528
0.280659521354
0.000265299991993
0.0363350681157
0.113521238382
0.155920769251
0.103462864747
0
0
0
0
0
0
0
0
0
0
0
0
0
0
0
0
0
0
0
0
0
0
0.204594256655
1
1
1
1
1
1
1
1
1
1
1
1
0.943397303846
0.340873494637
0
0
0
0
0
0
0
0
0
0
0
0
0
0
0
0
0
0
0
0
0.0196753091917
0.565425822755
0.784123327225
0.914492009824
0.994315398104
0.999874410196
1
1
1
1
1
1
1
1
1
0.921650241292
0.671485791958
0.300271147786
8.63398138964e-05
0.0429390231828
0.12193392637
0.152278962952
0.0318139613366
0
0
0
0
0
0
0
0
0
0
0
0
0
0
0
0
0
0
0
0
0
0
0.684035496575
1
1
1
1
1
1
1
1
1
1
1
0.967560857235
0.527967252983
0
0
0
0
0
0
0
0
0
0
0
0
0
0
0
0
0
0
0
0
0
0
0.564248616853
0.800292252729
0.933061773353
0.99950159545
0.999980368852
1
1
1
1
1
1
1
1
1
0.951982662227
0.698662858901
0.321960881576
0.000883754899568
0.051475209039
0.129890717724
0.134222949652
0
0
0
0
0
0
0
0
0
0
0
0
0
0
0
0
0
0
0
0
0
0
0
0.937715013543
1
1
1
1
1
1
1
1
1
1
0.98947523636
0.684276292142
0
0
0
0
0
0
0
0
0
0
0
0
0
0
0
0
0
0
0
0
0
0
0
0.559047495198
0.815542359899
0.952180166762
0.999866057832
1
1
1
1
1
1
1
1
1
1
0.98361671221
0.729451685743
0.349399703554
0.0041482059082
0.0612167137568
0.134802491709
0.0924058947318
0
0
0
0
0
0
0
0
0
0
0
0
0
0
0
0
0
0
0
0
0
0
0.28067194728
1
1
1
1
1
1
1
1
1
1
1
0.808051931589
0.0611985962686
0
0
0
0
0
0
0
0
0
0
0
0
0
0
0
0
0
0
0
0
0
0
0
0.551668706079
0.83028376189
0.970258321429
1
1
1
1
1
1
1
1
1
1
1
1
0.762158985936
0.382008728344
0.00965789330058
0.0724281815449
0.134048021359
0.0176116974577
0
0
0
0
0
0
0
0
0
0
0
0
0
0
0
0
0
0
0
0
0
0
0.704783299715
1
1
1
1
1
1
1
1
1
1
0.886579497441
0.394929753956
0
0
0
0
0
0
0
0
0
0
0
0
0
0
0
0
0
0
0
0
0
0
0
0
0.565130496097
0.843705276373
0.98687169162
1
1
1
1
1
1
1
1
1
1
1
1
0.800959151338
0.420485728978
0.0173154992481
0.0835439153857
0.117785617932
0
0
0
0
0
0
0
0
0
0
0
0
0
0
0
0
0
0
0
0
0
0
0
0.932831304747
1
1
1
1
1
1
1
1
1
0.940644465473
0.601136943326
0
0
0
0
0
0
0
0
0
0
0
0
0
0
0
0
0
0
0
0
0
0
0
0
0
0.57759315531
0.858210905434
1
1
1
1
1
1
1
1
1
1
1
1
1
0.842210652682
0.465491978336
0.0263140140766
0.0918038950212
0.0772211557626
0
0
0
0
0
0
0
0
0
0
0
0
0
0
0
0
0
0
0
0
0
0
0.236209861342
1
1
1
1
1
1
1
1
1
0.977413562418
0.745473438474
0.109710648131
0
0
0
0
0
0
0
0
0
0
0
0
0
0
0
0
0
0
0
0
0
0
0
0
0
0.588927777176
0.874088769817
1
1
1
1
1
1
1
1
1
1
1
1
1
0.885903458972
0.511736555123
0.0373881646695
0.0956868445498
0.00707443323452
0
0
0
0
0
0
0
0
0
0
0
0
0
0
0
0
0
0
0
0
0
0
0.662129077188
1
1
1
1
1
1
1
1
0.99885942802
0.841037424349
0.381371672266
0
0
0
0
0
0
0
0
0
0
0
0
0
0
0
0
0
0
0
0
0
0
0
0
0
0
0.599679387613
0.891716613066
1
1
1
1
1
1
1
1
1
1
1
1
1
0.932347458927
0.555844086514
0.0494349692595
0.0883636880454
0
0
0
0
0
0
0
0
0
0
0
0
0
0
0
0
0
0
0
0
0
0
0
0.895556967596
1
1
1
1
1
1
1
1
0.897157057034
0.541605916549
0
0
0
0
0
0
0
0
0
0
0
0
0
0
0
0
0
0
0
0
0
0
0
0
0
0
0
0.611184290799
0.912656600251
1
1
1
1
1
1
1
1
1
1
1
1
1
0.977231403616
0.603851060065
0.058718371893
0.0605190348081
0
0
0
0
0
0
0
0
0
0
0
0
0
0
0
0
0
0
0
0
0
0
0.0377908551691
0.994757660445
1
1
1
1
1
1
1
0.938097396579
0.652684641354
0.0519035639147
0
0
0
0
0
0
0
0
0
0
0
0
0
0
0
0
0
0
0
0
0
0
0
0
0
0
0
0.628902739685
0.937348349054
1
1
1
1
1
1
1
1
1
1
1
1
1
1
0.648998472052
0.0675237089218
0
0
0
0
0
0
0
0
0
0
0
0
0
0
0
0
0
0
0
0
0
0
0
0.533476006329
1
1
1
1
1
1
1
0.969811525106
0.737853520314
0.230968520374
0
0
0
0
0
0
0
0
0
0
0
0
0
0
0
0
0
0
0
0
0
0
0
0
0
0
0
0
0.649877702561
0.965805781434
1
1
1
1
1
1
1
1
1
1
1
1
1
1
0.689837771015
0.0783757046534
0
0
0
0
0
0
0
0
0
0
0
0
0
0
0
0
0
0
0
0
0
0
0
0.804926513537
1
1
1
1
1
1
0.993136870174
0.808162899899
0.350181178513
0
0
0
0
0
0
0
0
0
0
0
0
0
0
0
0
0
0
0
0
0
0
0
0
0
0
0
0
0
0.673980372881
0.999397522127
1
1
1
1
1
1
1
1
1
1
1
1
1
1
0.728779280767
0.0678938363722
0
0
0
0
0
0
0
0
0
0
0
0
0
0
0
0
0
0
0
0
0
0
0
0.944909221352
1
1
1
1
1
1
0.861846160083
0.434509578802
0
0
0
0
0
0
0
0
0
0
0
0
0
0
0
0.178728759911
0
0
0
0
0
0
0
0
0
0
0
0
0
0
0.701796074902
0.999456822301
1
1
1
1
1
1
1
1
1
1
1
1
1
1
0.762807484304
0.000844847313559
0
0
0
0
0
0
0
0
0
0
0
0
0
0
0
0
0
0
0
0
0
0
0.200603561484
0.997410061853
1
1
1
1
1
0.907641574101
0.511728212361
0
0
0
0
0
0
0
0
0
0
0
0
0
0
0
0
1
0
0
0
0
0
0
0
0
0
0
0
0
0
0
0.729197060968
0.999273652365
1
1
1
1
1
1
1
1
1
1
1
1
1
1
0.789191060234
0
0
0
0
0
0
0
0
0
0
0
0
0
0
0
0
0
0
0
0
0
0
0
0.586117928864
1
1
1
1
1
0.949362623215
0.593471933389
0
0
0
0
0
0
0
0
0
0
0
0
0
0
0
0
1
1
0
0
0
0
0
0
0
0
0
0
0
0
0
0
0.746069260601
0.999015943735
1
1
1
1
1
1
1
1
1
1
1
1
1
1
0.809419280119
0
0
0
0
0
0
0
0
0
0
0
0
0
0
0
0
0
0
0
0
0
0
0
0.794122069031
1
1
1
1
0.982676898471
0.684941096691
0.0297229238213
0
0
0
0
0
0
0
0
0
0
0
0
0
0
0
0.270396937264
1
1
0
0
0
0
0
0
0
0
0
0
0
0
0
0
0.742913052948
0.998529251591
1
1
1
1
1
1
1
1
1
1
1
1
1
1
0.816357570604
0
0
0
0
0
0
0
0
0
0
0
0
0
0
0
0
0
0
0
0
0
0
0
0.902384630022
1
1
1
0.999456496719
0.785310842435
0.17064086765
0
0
0
0
0
0
0
0
0
0
0
0
0
0
0
0
1
1
1
0
0
0
0
0
0
0
0
0
0
0
0
0
0
0.716316783082
0.997543605477
1
1
1
1
1
1
1
1
1
1
1
1
1
1
0.776617916042
0
0
0
0
0
0
0
0
0
0
0
0
0
0
0
0
0
0
0
0
0
0
0
0.953932595357
1
1
1
0.877297168542
0.312724751826
0
0
0
0
0
0
0
0
0
0
0
0
0
0
0
0
0.251792534406
1
1
1
0
0
0
0
0
0
0
0
0
0
0
0
0
0
0.664228712787
0.994933428764
1
1
1
1
1
1
1
1
1
1
1
1
1
1
0.674057670715
0
0
0
0
0
0
0
0
0
0
0
0
0
0
0
0
0
0
0
0
0
0
0.308787962623
0.973791572265
1
1
0.934485409664
0.461767466545
0
0
0
0
0
0
0
0
0
0
0
0
0
0
0
0
0
1
1
1
1
0
0
0
0
0
0
0
0
0
0
0
0
0
0
0.575703357342
0.986618402741
1
1
1
1
1
1
1
1
1
1
1
1
1
1
0.473588383003
0
0
0
0
0
0
0
0
0
0
0
0
0
0
0
0
0
0
0
0
0
0
0.505288609398
0.97516470417
1
0.963684362634
0.610270816173
0
0
0
0
0
0
0
0
0
0
0
0
0
0
0
0
0
0.232089863357
1
1
1
1
0
0
0
0
0
0
0
0
0
0
0
0
0
0
0.429651765714
0.973257049952
1
1
1
1
1
1
1
1
1
1
1
1
1
0.997696851018
0.132485293542
0
0
0
0
0
0
0
0
0
0
0
0
0
0
0
0
0
0
0
0
0
0
0.607090972075
0.958096591505
0.9646986452
0.734272857863
0.0495697228606
0
0
0
0
0
0
0
0
0
0
0
0
0
0
0
0
0
1
1
1
1
1
0
0
0
0
0
0
0
0
0
0
0
0
0
0
0.199085488921
0.951749496132
1
1
1
1
1
1
1
1
1
1
1
1
1
0.948286609871
0
0
0
0
0
0
0
0
0
0
0
0
0
0
0
0
0
0
0
0
0
0
0
0.629394838509
0.90597973968
0.80088380955
0.270143604807
0
0
0
0
0
0
0
0
0
0
0
0
0
0
0
0
0
0.672136072721
1
1
1
1
1
0
0
0
0
0
0
0
0
0
0
0
0
0
0
0
0.913189762042
0.999899469428
1
1
1
1
1
1
1
1
1
1
1
1
0.782076806215
0
0
0
0
0
0
0
0
0
0
0
0
0
0
0
0
0
0
0
0
0
0
0
0.577157119793
0.751106473708
0.417939578309
0
0
0
0
0
0
0
0
0
0
0
0
0
0
0
0
0
0.624810314809
1
1
1
1
1
1
0
0
0
0
0
0
0
0
0
0
0
0
0
0
0
0.818578584115
0.994199529698
1
1
1
1
1
1
1
1
1
1
1
0.975618532329
0.385856433004
0
0
0
0
0
0
0
0
0
0
0
0
0
0
0
0
0
0
0
0
0
0
0
0.44726104214
0.447236162176
0
0
0
0
0
0
0
0
0
0
0
0
0
0
0
0
0
0.439105090561
1
1
1
1
1
1
0.819245676968
0
0
0
0
0
0
0
0
0
0
0
0
0
0
0
0.463637725934
0.968822418738
1
1
1
1
1
1
1
1
1
1
0.999605271678
0.846085830786
0
0
0
0
0
0
0
0
0
0
0
0
0
0
0
0
0
0
0
0
0
0
0
0
0.233137368078
0.0205193225257
0
0
0
0
0
0
0
0
0
0
0
0
0
0
0
0
0
1
1
1
1
1
1
0.856660623375
0
0
0
0
0
0
0
0
0
0
0
0
0
0
0
0
0.0722757768492
0.906018842584
0.999780900494
1
1
1
1
1
1
1
1
1
0.952605244688
0.489952610357
0
0
0
0
0
0
0
0
0
0
0
0
0
0
0
0
0
0
0
0
0
0
0
0
0
0
0
0
0
0
0
0
0
0
0
0
0
0
0
0
0
0
0
1
1
1
1
1
1
0.416481591196
0
0
0
0
0
0
0
0
0
0
0
0
0
0
0
0
0
0.630282573238
0.976327587473
1
1
1
1
1
1
1
1
0.971222664652
0.734708576162
0
0
0
0
0
0
0
0
0
0
0
0
0
0
0
0
0
0
0
0
0
0
0
0
0
0
0
0
0
0
0
0
0
0
0
0
0
0
0
0
0
0
0
0
1
1
1
1
1
1
0
0
0
0
0
0
0
0
0
0
0
0
0
0
0
0
0
0
0.079015122352
0.858292039458
0.987984672277
1
1
1
1
1
0.994273498761
0.955812717406
0.777783435415
0.152467307607
0
0
0
0
0
0
0
0
0
0
0
0
0
0
0
0
0
0
0
0
0
0
0
0
0
0
0
0
0
0
0
0
0
0
0
0
0
0
0
0
0
0
0
0.55029969147
1
1
1
1
1
1
0
0
0
0
0
0
0
0
0
0
0
0
0
0
0
0
0
0
0
0.240844129598
0.832531517981
0.955149172094
0.986502953604
0.989650075176
0.98008058009
0.953388551841
0.882752340498
0.681302669637
0.157479167161
0
0
0
0
0
0
0
0
0
0
0
0
0
0
0
0
0
0
0
0
0
0
0
0
0
0
0
0
0
0
0
0
0
0
0
0
0
0
0
0
0
0
0
0
0.941322385393
1
1
1
1
1
1
0
0
0
0
0
0
0
0
0
0
0
0
0
0
0
0
0
0
0
0
0
0.550444291934
0.723643697745
0.77715281558
0.734391872021
0.607467815056
0.336624451545
0
0
0
0
0
0
0
0
0
0
0
0
0
0
0
0
0
0
0
0
0
0
0
0
0
0
0
0
0
0
0
0
0
0
0
0
0
0
0
0
0
0
0
0
0
0
1
1
1
1
1
1
1
0
0
0
0
0
0
0
0
0
0
0
0
0
0
0
0
0
0
0
0
0
0
0
0
0
0
0
0
0
0
0
0
0
0
0
0
0
0
0
0
0
0
0
0
0
0
0
0
0
0
0
0
0
0
0
0
0
0
0
0
0
0
0
0
0
0
0
0
0
0
0
0
0
1
1
1
1
1
1
1
0.14431952835
0
0
0
0
0
0
0
0
0
0
0
0
0
0
0
0
0
0
0
0
0
0
0
0
0
0
0
0
0
0
0
0
0
0
0
0
0
0
0
0
0
0
0
0
0
0
0
0
0
0
0
0
0
0
0
0
0
0
0
0
0
0
0
0
0
0
0
0
0
0
0
0
1
1
1
1
1
1
1
0.366679769767
0
0
0
0
0
0
0
0
0
0
0
0
0
0
0
0
0
0
0
0
0
0
0
0
0
0
0
0
0
0
0
0
0
0
0
0
0
0
0
0
0
0
0
0
0
0
0
0
0
0
0
0
0
0
0
0
0
0
0
0
0
0
0
0
0
0
0
0
0
0
0
0
0.872502781525
1
1
1
1
1
1
0.562521699925
0
0
0
0
0
0
0
0
0
0
0
0
0
0
0
0
0
0
0
0
0
0
0
0
0
0
0
0
0
0
0
0
0
0
0
0
0
0
0
0
0
0
0
0
0
0
0
0
0
0
0
0
0
0
0
0
0
0
0
0
0
0
0
0
0
0
0
0
0
0
0
0
0.669438517966
1
1
1
1
1
1
0.72405189345
0
0
0
0
0
0
0
0
0
0
0
0
0
0
0
0
0
0
0
0
0
0
0
0
0
0
0
0
0
0
0
0
0
0
0
0
0
0
0
0
0
0
0
0
0
0
0
0
0
0
0
0
0
0
0
0
0
0
0
0
0
0
0
0
0
0
0
0
0
0
0
0
0.394314360226
1
1
1
1
1
1
0.844975389439
0
0
0
0
0
0
0
0
0
0
0
0
0
0
0
0
0
0
0
0
0
0
0
0
0
0
0
0
0
0
0
0
0
0
0
0
0
0
0
0
0
0
0
0
0
0
0
0
0
0
0
0
0
0
0
0
0
0
0
0
0
0
0
0
0
0
0
0
0
0
0
0
0
0.994295467231
1
1
1
1
1
0.882210725355
0
0
0
0
0
0
0
0
0
0
0
0
0
0
0
0
0
0
0
0
0
0
0
0
0
0
0
0
0
0
0
0
0
0
0
0
0
0
0
0
0
0
0
0
0
0
0
0
0
0
0
0
0
0
0
0
0
0
0
0
0
0
0
0
0
0
0
0
0
0
0
0
0
0.592903128518
1
1
1
1
1
0.91238987416
0.141375134721
1
0
0
0
0
0
0
0
0
0
0
0
0
0
0
0
0
0
0
0
0
0
0
0
0
0
0
0
0
0
0
0
0
0
0
0
0.214788587867
0.239742728872
0
0
0
0
0
0
0
0
0
0
0
0
0
0
0
0
0
0
0
0
0
0
0
0
0
0
0
0
0
0
0
0
0
0
0
0.819956107465
1
1
1
1
0.963750587044
0.338767651084
1
0
0
0
0
0
0
0
0
0
0
0
0
0
0
0
0
0
0
0
0
0
0
0
0
0
0
0
0
0
0
0
0
0
0
0.0382216063745
0.71880795548
0.96311031917
0.588181509063
0
0
0
0
0
0
0
0
0
0
0
0
0
0
0
0
0
0
0
0
0
0
0
0
0
0
0
0
0
0
0
0
0
0
0.00212691978444
0.844527164849
1
1
1
1
0.565917067441
1
0
0
0
0
0
0
0
0
0
0
0
0
0
0
0
0
0
0
0
0
0
0
0
0
0
0
0
0
0
0
0
0
0
0
0.637897417691
0.996341115077
1
1
0
0
0
0
0
0
0
0
0
0
0
0
0
0
0
0
0
0
0
0
0
0
0
1
0.458544250151
0
0
0
0
0
0
0
0
0
0
0.225009017827
0.920705809833
1
1
1
0.82014951832
1
1
0
0
0
0
0
0
0
0
0
0
0
0
0
0
0
0
0
0
0
0
0
0
0
0
0
0
0
0
0
0
0
0
0
0
0.678743012299
1
1
0.155502629987
0
0
0
0
0
0
0
0
0
0
0
0
0
0
0
0
0
0
0
0
0
0
1
1
0.931741008064
0.0386614654985
0
0
0
0
0
0
0
0
0
0.262786583342
0.896178593695
1
1
1
1
1
0
0
0
0
0
0
0
0
0
0
0
0
0
0
0
0
0
0
0
0
0
0
0
0
0
0
0
0
0
0
0
0
0
0.251471674437
1
1
1
1
0
0
0
0
0
0
0
0
0
0
0
0
0
0
0
0
0
0
0
0
0
0
1
1
1
1
1
1
1
1
0.795841398599
0
0
0
0
0.485168388863
0.867823588355
1
1
1
0.922282415872
0.950841721541
0.844296546247
0
0
0
0
0
0
0
0
0
0
0
0
0
0
0.84313019003
0.588325280165
0
0
0
0
0
0
0
0
0
0
0
0
0
0
0
0
0
0
0.692396681373
1
0.0345668159681
0
0
0
0
0
0
0
0
0
0
0
0
0
0
0
0
0
0
0
0
0
1
1
1
1
1
1
1
1
1
1
1
1
1
1
0.218326628637
0
0.108028245717
1
1
0.346009064047
0.643797167581
0.874463704852
0.704004707454
0
0
0
0
0
0
0
0
0
0
0
0
0
0
0
0
0
0
0
0
0
0
0
0
0
0
0
0
0
0
0
0
0
0
0
1
0
0
0
0
0
0
0
0
0
1
0
0.764080150065
0
0
0
0
0
0
0
1
0
1
1
1
1
1
1
1
1
1
1
1
1
1
1
1
1
1
1
1
0.0470312137639
0.507116727757
0.929983282651
1
1
0.464864883407
0
0
0
0
0
0
0
0
0
0
0
0
0
0
0
0
0
0
0
0
0
0
0
0
0
0
0
0
0
0
0
0
0
0
0
0
0
0
0
0
0
0
0
0
0
0
0
0
0
0
0
0
0
0
0
1
1
1
1
1
1
1
1
1
1
1
1
1
1
1
1
1
0.273746082172
0
)
;

boundaryField
{
    frontAndBack
    {
        type            empty;
    }
    upperWall
    {
        type            calculated;
        value           uniform 0;
    }
    lowerWall
    {
        type            calculated;
        value           uniform 0;
    }
    inlet
    {
        type            calculated;
        value           uniform 0;
    }
    outlet
    {
        type            calculated;
        value           nonuniform List<scalar> 
20
(
-228.881357882
-182.960631445
-144.49069907
-115.484504258
-95.2443449476
-80.3931478621
-69.5548190384
-62.2105156108
-58.5669975895
-57.6883591649
-59.0452870213
-62.5263296721
-68.3358795057
-75.8015880552
-84.8361319126
-95.8041730338
-109.532570428
-127.59224746
-149.06364148
-166.54497863
)
;
    }
}


// ************************************************************************* //
