/*--------------------------------*- C++ -*----------------------------------*\
| =========                 |                                                 |
| \\      /  F ield         | OpenFOAM: The Open Source CFD Toolbox           |
|  \\    /   O peration     | Version:  v1806                                 |
|   \\  /    A nd           | Web:      www.OpenFOAM.com                      |
|    \\/     M anipulation  |                                                 |
\*---------------------------------------------------------------------------*/
FoamFile
{
    version     2.0;
    format      ascii;
    class       volScalarField;
    location    "200";
    object      p;
}
// * * * * * * * * * * * * * * * * * * * * * * * * * * * * * * * * * * * * * //

dimensions      [0 2 -2 0 0 0 0];


internalField   nonuniform List<scalar> 
6400
(
0.249064014812
0.248748578212
0.248464140579
0.247922404931
0.246615881735
0.24460943652
0.24197986389
0.238853084085
0.235377034385
0.231702566763
0.227969132629
0.22429580071
0.220776859519
0.217481001303
0.214452992736
0.211716855087
0.209279749093
0.207135984335
0.205270760515
0.203663420937
0.202290118622
0.201125887169
0.200146163481
0.199327838919
0.198649931691
0.198093966414
0.197644143831
0.197287361348
0.19701314437
0.196813528973
0.196682933778
0.196618036324
0.19661766022
0.196682721765
0.196816325649
0.197023963155
0.197313582103
0.197695511425
0.198182242873
0.198787689601
0.199527059418
0.200417981836
0.201480395648
0.202735788131
0.20420696473
0.205917557934
0.207891279728
0.210150874177
0.212716679468
0.215604715726
0.218824239431
0.222374833182
0.226243324559
0.230401111942
0.234802244042
0.239382290232
0.244058419129
0.248731953244
0.253294138807
0.257633443738
0.261642714193
0.265225825451
0.268306671884
0.270841833745
0.27283127646
0.274313434249
0.275338023763
0.275959907101
0.276270372764
0.276406901629
0.276474402809
0.276489440634
0.27646328331
0.276431108699
0.276414252787
0.276420500162
0.276442173073
0.276466559141
0.276483925386
0.276493676919
0.24935588469
0.248931346963
0.248470805677
0.247879397418
0.246521117982
0.24444161239
0.241727676186
0.238519490609
0.234973563764
0.231245725835
0.227477430774
0.223787509826
0.220268471516
0.216986323155
0.213982749005
0.211278679326
0.208878423557
0.206773836043
0.204948115949
0.203379074494
0.202041760973
0.200910483554
0.199960257315
0.199167792251
0.198512097376
0.197974807639
0.197540301871
0.197195692061
0.196930721937
0.196737627081
0.196610989641
0.196547607882
0.196546318702
0.19660785903
0.196734931675
0.196932549051
0.197208628177
0.197574288383
0.198043006976
0.198628511239
0.199345649014
0.200211787912
0.201246085405
0.202469629823
0.203904936322
0.20557542087
0.207504718897
0.209715712584
0.212229156928
0.215061788539
0.218223921634
0.22171661148
0.22552869214
0.229633966205
0.233988838159
0.23853089426
0.243179421828
0.247838469886
0.252401824309
0.256758968412
0.260801655128
0.264432217545
0.267575997158
0.270192742013
0.272281173754
0.273862985848
0.274968913844
0.275657048098
0.276043587287
0.276272339488
0.276397149571
0.276433272328
0.276421941486
0.276399511109
0.276388916132
0.276401521676
0.276430599233
0.276462676663
0.276488918401
0.276508956738
0.250028433153
0.249263167277
0.248401537733
0.247246002967
0.245498261645
0.243139886231
0.240228675645
0.236892897254
0.233281241502
0.229541694959
0.225806958745
0.222186561067
0.218763778184
0.21559599694
0.212717287459
0.210142170047
0.207869819973
0.205888179472
0.204177656087
0.202714232891
0.201471938476
0.200424693275
0.199547607468
0.198817826693
0.198215017457
0.197721589002
0.197322743324
0.197006405813
0.196763081126
0.19658567971
0.196469406105
0.196411535675
0.196411172963
0.196469072594
0.196587649323
0.196772080998
0.197032749552
0.19738189139
0.197829040942
0.198386002952
0.199068761199
0.199894842881
0.200883545031
0.202055850278
0.203434138715
0.205041792703
0.206902636482
0.209040099552
0.211475952611
0.214228505153
0.217310249005
0.220725061713
0.22446510177
0.228507579136
0.23281191843
0.23731833418
0.24194848081
0.246608254059
0.251192040253
0.255588224127
0.259686381116
0.26338743404
0.266618849334
0.26934301954
0.271547171698
0.273230399293
0.274416590008
0.275193472991
0.27571142341
0.276056921898
0.276243679631
0.276315256906
0.276326820877
0.276317127253
0.276314993877
0.276338405934
0.276382680791
0.2764346436
0.276483190862
0.276522117072
0.250611859052
0.249296245642
0.247883190487
0.246095524027
0.243850715266
0.241132718465
0.237989397261
0.23452943993
0.230882969689
0.227180515417
0.223538320587
0.220050765086
0.216787685116
0.213795024447
0.211097502446
0.208702313677
0.206603149912
0.204784077678
0.203222980041
0.201894418978
0.200771868652
0.199829350298
0.199042543067
0.198389468453
0.197850841175
0.1974101899
0.197053826129
0.196770717066
0.196552298209
0.196392317901
0.196286646459
0.196233056667
0.196230996068
0.196281269058
0.196386220049
0.196551840643
0.196789802371
0.197109772591
0.19752021132
0.198034390669
0.198667474054
0.199436557531
0.200360595806
0.201460240669
0.202757602106
0.204275948304
0.206039296366
0.208071764758
0.210396525009
0.213034204187
0.216000646857
0.219304013021
0.222941299096
0.226894661155
0.23112834165
0.235586959002
0.240195643891
0.244862128314
0.249480441749
0.253937021771
0.258120122686
0.261930510157
0.26529657453
0.268169790414
0.270512501837
0.272311608691
0.273620792199
0.274574484935
0.275274098705
0.275732572272
0.275984936049
0.276103536877
0.276146419557
0.276156870773
0.276172504924
0.276215783545
0.276283162034
0.276362050715
0.276438335892
0.276503398704
0.249948809426
0.248330560724
0.246539912619
0.24426987575
0.241602640959
0.238561690626
0.235214192585
0.231661679699
0.228018244204
0.224395313363
0.220890087346
0.217579531462
0.214518448742
0.211740376104
0.209260185399
0.207077544906
0.20518064051
0.203549743655
0.202160364885
0.200985847416
0.199999355239
0.19917528214
0.198490164276
0.197923184615
0.197456381102
0.197074656872
0.19676566332
0.196519608218
0.196329032836
0.196188648238
0.196095107377
0.1960468106
0.196043694659
0.196086895554
0.196179175404
0.196327324074
0.196540238926
0.196826420764
0.197196067843
0.197661869299
0.198238529373
0.198942729982
0.199793002446
0.200809546412
0.202014019948
0.203429339153
0.205079453892
0.206988980759
0.209182491906
0.211683193118
0.214510760687
0.217678260552
0.221188365276
0.225029386489
0.229171715952
0.233565455037
0.238139618233
0.242803730555
0.247450966158
0.251966436434
0.256241065566
0.260174264208
0.26368483368
0.266703213899
0.269175955057
0.271116713419
0.272635102622
0.273823578426
0.274686862743
0.275245289058
0.275576061094
0.275752688981
0.275835279824
0.27587624498
0.275924244147
0.276000862436
0.276102257364
0.276216168448
0.276324809293
0.276420854932
0.247918550107
0.246226538417
0.244264283546
0.241707753018
0.238773762421
0.235527190813
0.232064597101
0.228489733454
0.224906636303
0.221410796003
0.218082153802
0.214981500943
0.21214964409
0.209608618727
0.207364205662
0.205409145971
0.203726580867
0.202293355004
0.201082925086
0.200067719001
0.199220891231
0.198517505014
0.197935229011
0.197454656587
0.197059362096
0.196735791929
0.196473063391
0.196262722372
0.196098496109
0.195976078728
0.195892932476
0.195848133171
0.195842195913
0.195876823698
0.19595501984
0.196082298938
0.19626633666
0.196515908472
0.19684131623
0.197254814765
0.197770642556
0.198405015446
0.199175982378
0.200103191631
0.201207662287
0.202511668951
0.2040387577
0.205813745512
0.207862395211
0.21021040149
0.21288137074
0.215893712329
0.219256649447
0.222965808458
0.226998750388
0.231311656715
0.235837141601
0.240486788284
0.245153191422
0.249723277356
0.25409051829
0.258141826013
0.261776444674
0.264917843552
0.267539551469
0.269709599084
0.27149212696
0.272877516257
0.273871106944
0.274540147955
0.274960010242
0.275204268249
0.27533529668
0.275419463787
0.275516920351
0.275643706592
0.275793880576
0.275954918316
0.27610404526
0.27623940919
0.244883553126
0.243219398001
0.241213515817
0.238534438112
0.235489177495
0.232168425132
0.228695072147
0.225177582221
0.221714485898
0.2183897791
0.215269950222
0.21240265527
0.209817000878
0.207525154183
0.205524898417
0.203802754916
0.202337298676
0.201102327175
0.200069609001
0.199211043925
0.198500182282
0.197913153503
0.197429116025
0.197030367915
0.196702242251
0.196432880917
0.196212958
0.196035402382
0.195895139783
0.195788837498
0.195714725928
0.195672483178
0.195663154947
0.195689043798
0.195753253916
0.195859219553
0.196013814051
0.196226654833
0.196507598026
0.196868435473
0.197322938104
0.197886869271
0.198577801296
0.199414774986
0.200417990381
0.201608747473
0.203009705459
0.204645273073
0.206541754234
0.208726806353
0.21122781793
0.21406893406
0.21726661991
0.220824533206
0.224727651136
0.228938397584
0.233392037975
0.238005403476
0.242672330239
0.247279350269
0.251717426638
0.255851756294
0.259571566296
0.262840855819
0.265692523644
0.268125578557
0.270108028796
0.271639377523
0.272765196318
0.273549059207
0.274064175706
0.274384555346
0.274574572891
0.274716257616
0.274880725999
0.275076937039
0.275294377558
0.275518970049
0.275721101166
0.275907904379
0.241187917607
0.239603380975
0.237632973629
0.23495176548
0.231919582366
0.228636936156
0.225245725393
0.221857558394
0.218567594396
0.215451676263
0.212566263882
0.209948789051
0.207618880702
0.205580414331
0.203824262726
0.202331510721
0.201076810286
0.200031522428
0.199166352044
0.19845330205
0.197866919484
0.197384925813
0.196988386862
0.196661600397
0.196391833215
0.196168998786
0.195985333986
0.195835107884
0.195714365885
0.195620659325
0.195552892704
0.195511218724
0.195497028748
0.195513049613
0.195562709723
0.195648324279
0.195775082533
0.195952580035
0.196190849314
0.196501146543
0.196896760644
0.197393060127
0.198007251838
0.19875785922
0.199664200846
0.200746260441
0.202025153999
0.203524005918
0.205268769714
0.207288430753
0.209613849708
0.212274922643
0.215295319963
0.218686616275
0.222440049852
0.226525820956
0.230881818266
0.235433962122
0.240074756604
0.244682976904
0.249145194096
0.253320010546
0.257121999781
0.260583573047
0.263660096739
0.266260904035
0.268383263643
0.270046939358
0.271294346737
0.272186557202
0.272796315041
0.273198080772
0.273458806358
0.27367688609
0.273928299278
0.274214443177
0.274520222382
0.274828405108
0.275098932721
0.275353433648
0.237105710879
0.235636367248
0.233756873125
0.231159894251
0.228232365319
0.225073801649
0.22183801795
0.218636855037
0.215562607998
0.212684911858
0.210052603223
0.20769510515
0.205624349929
0.203837262608
0.202318822575
0.201045524121
0.199988893736
0.199118669808
0.198405323224
0.197821761423
0.19734423836
0.196952631891
0.196630309082
0.196363786827
0.196142335262
0.195957600852
0.1958032788
0.195674835692
0.195569276548
0.195484903676
0.19542116204
0.195378519125
0.195358482982
0.195363847502
0.195398476903
0.195465507733
0.195566485891
0.195709848475
0.195907767581
0.196170304756
0.196510226587
0.196942663837
0.197484747183
0.198154769549
0.198971246771
0.199952537416
0.201117522888
0.202487169289
0.204086204675
0.205944158442
0.208094547676
0.210572303903
0.21340704603
0.216618344785
0.220202792265
0.224142569884
0.228375021627
0.23283689138
0.23741369835
0.241970372316
0.246406090727
0.250613544067
0.254542768692
0.258149933522
0.261327815229
0.264035523256
0.266263373101
0.268027812925
0.269369863257
0.270350233125
0.271042349473
0.271521376421
0.271863836063
0.272185281903
0.272547607101
0.272946503045
0.273363905852
0.273778636611
0.274136215454
0.27447763911
0.232870057926
0.231536461771
0.229784376809
0.227330809886
0.224571326212
0.221597787223
0.21857016078
0.215597576594
0.212769155911
0.210149204727
0.207780371077
0.205685531035
0.20387021272
0.202325493628
0.201031451932
0.199960965173
0.199083447472
0.198368059119
0.197786053561
0.197312148891
0.196925026242
0.196607210094
0.196344622862
0.196126053408
0.195942680397
0.195787699603
0.195656043344
0.19554415853
0.195449816934
0.195371926007
0.195310351734
0.195265784845
0.195239733358
0.195234734141
0.195254425002
0.195302252166
0.195379448233
0.195492930191
0.195653969668
0.195872270312
0.196160304682
0.196533284153
0.197008719904
0.197605192409
0.198340716245
0.199231875822
0.200294739993
0.201547260763
0.203011832729
0.204717435246
0.206698671157
0.208994552529
0.211639262055
0.214662879224
0.218064665301
0.221842609615
0.225928256739
0.230262536465
0.234726113673
0.239186080402
0.24357759611
0.247823372698
0.25179955105
0.255435211329
0.258654765873
0.261411126853
0.263689095964
0.265503170428
0.266894509582
0.26792554861
0.268671729767
0.269209421005
0.269644322767
0.270097105982
0.270595942717
0.271133073861
0.271688093857
0.272235296303
0.272700524561
0.273152309507
0.228671085596
0.227479693674
0.225874784306
0.223601281965
0.221049693223
0.218300290114
0.215514653093
0.212796629697
0.210231497899
0.207878436937
0.205774659532
0.20393742776
0.202366847174
0.201049153876
0.199960578051
0.199071502675
0.198350403867
0.197767019295
0.197294419855
0.196909955695
0.196595288592
0.196335860397
0.196120166851
0.195939095851
0.195785450218
0.195653651189
0.195539556923
0.195440334574
0.195354328675
0.195280900391
0.195220217959
0.195173172049
0.195141271589
0.195126666604
0.195132360646
0.195161753703
0.195217297052
0.195303746083
0.195430270632
0.195607019464
0.195846013706
0.196162824198
0.196575975061
0.197105158474
0.197768497858
0.198580763239
0.199554525855
0.200703875416
0.202047546351
0.203612863406
0.205434061791
0.207555139563
0.210012538217
0.212849919589
0.216065428843
0.219667816538
0.223579271344
0.227737936572
0.232038794391
0.236393756583
0.240714244777
0.244896855423
0.248831740944
0.252430208753
0.255618484211
0.258348170242
0.260602425519
0.262395538853
0.263770699063
0.264794944826
0.265549123249
0.266123030674
0.266648483736
0.267238400785
0.267894135407
0.268596830471
0.269318717052
0.27002773138
0.270624555976
0.271212856769
0.22464795395
0.223595880834
0.222145682062
0.220071372357
0.21774878059
0.215244648092
0.212718666866
0.210267313308
0.207971254272
0.205884374372
0.204038809594
0.202446838872
0.201103981186
0.199992638397
0.199086342595
0.198354221531
0.197765058039
0.197290294214
0.196905703445
0.196591854546
0.196333674621
0.196119533707
0.195940290756
0.195788579179
0.195658404234
0.195545005578
0.195444836779
0.195355545489
0.195275890781
0.195205583919
0.195145072178
0.19509543534
0.195058205223
0.195035258275
0.195029001357
0.195042393111
0.195078306713
0.195140140489
0.195235095572
0.195372795858
0.195564939604
0.195827797738
0.196181705398
0.196648511143
0.197247178463
0.19799062979
0.198887179337
0.199946614647
0.201183048038
0.202622454355
0.204297270061
0.206258322054
0.208541722137
0.211201231875
0.214228792259
0.217629362062
0.221328331799
0.225267452397
0.229397515693
0.233593327538
0.237776373669
0.241831102256
0.245646534408
0.249127971051
0.252200325773
0.254814700631
0.256954563826
0.258635888715
0.259906928005
0.260844065196
0.261534598269
0.262097692245
0.262692481155
0.26341759181
0.264245605188
0.265138110716
0.266053658233
0.266952078979
0.267702507596
0.268455846207
0.220892581462
0.219971591185
0.218675554752
0.216806797517
0.214720195043
0.212468442445
0.210206734934
0.208022626431
0.205991492634
0.204161643457
0.202560352209
0.201195451293
0.20005870453
0.199129759864
0.198380692661
0.197780633944
0.197299819709
0.196912297151
0.196597105498
0.196338274379
0.196123974478
0.19594528025
0.195795044619
0.195667197003
0.195556444727
0.195458409155
0.195369840046
0.195288695731
0.195214078657
0.195146035334
0.195085312194
0.195033205871
0.194991335932
0.194961456819
0.194945512452
0.194945791561
0.194964778755
0.195005020426
0.195071541747
0.195172559433
0.195319697213
0.19553003112
0.195826247033
0.196233316257
0.196772027784
0.197453910756
0.198282455843
0.199263876881
0.200407136274
0.201737844905
0.203285581438
0.205106531144
0.207232050977
0.209711346897
0.212533389229
0.215685311439
0.21916476287
0.222874434668
0.226788840555
0.230791621256
0.234777179768
0.238633279919
0.242249904728
0.245529805246
0.248396048192
0.250798601976
0.25272052766
0.254177366642
0.25522338025
0.255954736047
0.256476344935
0.256974597057
0.257615267447
0.258456142255
0.259450248101
0.260541858113
0.261666382853
0.262771913502
0.263691044425
0.264635132002
0.217458063592
0.216657375753
0.215509867713
0.213844100287
0.21199034294
0.209987653615
0.207984876547
0.20605963528
0.204281545606
0.202693127159
0.201317026346
0.200157186489
0.199202483686
0.198430934506
0.197814384147
0.197323057802
0.196929492006
0.196610903844
0.196349811745
0.196133626383
0.195953500589
0.19580287105
0.195676215159
0.195568403545
0.195474340252
0.19538959254
0.195310990904
0.195236743392
0.195166337076
0.195100236197
0.195039505195
0.194985666675
0.194940467399
0.19490562635
0.194882740016
0.194873392834
0.194879304343
0.194901906208
0.194943930106
0.195011831448
0.19511673832
0.195275991449
0.195514688419
0.195862170343
0.196342734279
0.196968084501
0.197736302657
0.198650835441
0.19971524688
0.200954744101
0.202394037815
0.204084597763
0.206051364634
0.20831990098
0.210930452432
0.213843855808
0.217080665352
0.220568969387
0.224239209193
0.227992492008
0.231720623936
0.235310987014
0.238653741794
0.241650844204
0.244224628181
0.246323613748
0.247928006756
0.249046295501
0.249731777704
0.2500860717
0.25020450127
0.25053082308
0.251225853295
0.252186645293
0.253329438602
0.254601322741
0.255920628002
0.257224218013
0.258304662755
0.259457073331
0.214368592465
0.213676231878
0.212668370318
0.211196954157
0.209565910526
0.207801594508
0.20604526043
0.204364097847
0.202821758953
0.201454917144
0.200281933232
0.199303476376
0.198506416855
0.197868227575
0.19736163388
0.196958729742
0.196634791884
0.196370499605
0.19615180169
0.195969192545
0.195816488605
0.195689141552
0.19558271731
0.195492866152
0.195414115422
0.195341450231
0.195271639081
0.195203186418
0.195136058826
0.195071322876
0.195010385581
0.19495505059
0.194907323781
0.194869069542
0.194841768165
0.19482639085
0.194823620347
0.194833388997
0.194856180589
0.194896244167
0.194963154562
0.195073272092
0.195254080966
0.195541503479
0.195965332375
0.196538919929
0.197253538226
0.198109668052
0.199105267078
0.200260858576
0.201595283076
0.203138473303
0.204943062441
0.207015721852
0.209410179535
0.212115067814
0.215111082367
0.218342731447
0.221735378693
0.22519402977
0.228611469587
0.231875726729
0.234877921863
0.237521198117
0.239729766236
0.24145231752
0.242670950023
0.24339989861
0.243709560656
0.24367242792
0.243138865069
0.242878239562
0.243424323752
0.244484958861
0.245760737323
0.247158969004
0.248601459623
0.250032394889
0.251214536122
0.252565173318
0.211626784565
0.211030743081
0.210151818784
0.208862224695
0.207439240318
0.20589773766
0.204370648626
0.202914665522
0.20158753827
0.200420233767
0.199427291629
0.198606781223
0.197944407491
0.197418056379
0.197002266419
0.196671369534
0.19640318559
0.196181881719
0.195996556695
0.19584040421
0.195710069422
0.195602720657
0.19551305525
0.195437829957
0.195372064029
0.195309676133
0.19524709887
0.195183340903
0.195118932783
0.195055703483
0.19499567375
0.194940640388
0.19489261271
0.194853400399
0.194824231499
0.194805487598
0.194797122152
0.194798184883
0.194807490879
0.19482660788
0.19486206691
0.194927326094
0.195052306648
0.195282235894
0.195652758865
0.196178226701
0.196841726085
0.197638596719
0.198563406926
0.199622190192
0.200847035155
0.202253472902
0.20389702125
0.205805574545
0.208003007556
0.210486137808
0.213229992548
0.216182174152
0.21926792499
0.222394201873
0.225455924073
0.228343278817
0.230950177685
0.233183513296
0.234972319325
0.236270063873
0.237082421982
0.237459036957
0.237474282393
0.23707305052
0.236235512292
0.235235178245
0.234996331997
0.235796784858
0.236987628541
0.238293999967
0.239626140123
0.240956976814
0.242043640777
0.243506920195
0.209220827268
0.208709463552
0.207947827704
0.206825253569
0.205593041473
0.204255915041
0.202938161266
0.201686269302
0.200552383157
0.199562080121
0.198726655647
0.19804228511
0.197494238808
0.19706152712
0.196721382983
0.196450544473
0.196227859492
0.196040903764
0.195881904098
0.195746759162
0.195635828903
0.195547145543
0.19547526716
0.195412416756
0.195353460256
0.195294522307
0.195233683601
0.195170881341
0.195107353639
0.195044993095
0.194985767476
0.194931503815
0.194884064271
0.194845115469
0.194815973322
0.194797336356
0.194788496208
0.194786692107
0.194789152708
0.194796097858
0.194810792491
0.194841519743
0.194919066504
0.195098027313
0.195418255889
0.195891784349
0.196497604223
0.197220315717
0.19806559755
0.199031218373
0.200144822012
0.201435163031
0.202937741441
0.204681145788
0.206682677864
0.208938058747
0.211419382686
0.214074252299
0.216828816626
0.219592229015
0.222262452012
0.224733536079
0.226904620907
0.228688403642
0.230021389328
0.230874073366
0.231310990251
0.231376357119
0.230999587774
0.230169455816
0.229094954506
0.227967643374
0.227171948695
0.227139189466
0.227683851473
0.228392264566
0.229096216221
0.229804127201
0.230311039193
0.23160608485
0.207129152113
0.206691714324
0.206035529603
0.205064135825
0.20400420558
0.202851674005
0.201722183651
0.200652588392
0.199689892323
0.198854744697
0.198155833868
0.197588146628
0.197137075098
0.196783215012
0.196507901016
0.196290416172
0.196105454356
0.195945535874
0.195807658469
0.19569053301
0.19559643676
0.195522641321
0.1954608003
0.195403135462
0.195345564105
0.195286038756
0.195224156954
0.195160689222
0.195097189425
0.195035612323
0.194977838696
0.19492552737
0.194880243349
0.194843305946
0.194815635295
0.194797451472
0.194787849984
0.194784666326
0.194785647871
0.194789708078
0.194796393266
0.194809451631
0.19485540892
0.194990991349
0.195259239179
0.195664945826
0.196203232514
0.196852351295
0.197614451412
0.198494846974
0.199509469301
0.200683962396
0.202048418254
0.203627376167
0.205432293351
0.207454886723
0.209664404039
0.212007749894
0.214412219075
0.216789703862
0.219042350688
0.221070177646
0.222779594721
0.224089827041
0.224951598098
0.225373184794
0.225473768019
0.225122888504
0.224341844989
0.22321216744
0.221987995969
0.220724186863
0.219448295651
0.218494307748
0.217948735609
0.217529330602
0.216962440746
0.216224799368
0.215196888549
0.215575518395
0.205325040176
0.204951648932
0.204389281404
0.203553046229
0.202646731659
0.201658789284
0.200696459068
0.199787702941
0.198974955782
0.198274472355
0.197692976769
0.19722492855
0.196856296317
0.196569854274
0.196354067282
0.196189040074
0.196036196978
0.195895487423
0.195772466206
0.19566959895
0.195585199809
0.195517398696
0.195458223634
0.195400643257
0.195341133378
0.195278949151
0.1952147163
0.195150027763
0.195086723702
0.195026571241
0.194971089008
0.194921555644
0.194879130653
0.194844785721
0.194819184923
0.194802141903
0.194792693903
0.194788832845
0.194788527457
0.194790362092
0.194793994131
0.194802234505
0.194833834283
0.194933697368
0.195150722404
0.195492805942
0.195961519941
0.196541281111
0.197225905923
0.19801848827
0.198932960901
0.199991485812
0.201218484033
0.202632420613
0.204238500451
0.206023454771
0.207953395867
0.209974409604
0.212015227658
0.213991168503
0.215810093843
0.217380123448
0.218615749009
0.219446165016
0.21985221379
0.219865118395
0.21949885034
0.218800517676
0.217648867248
0.216323883278
0.214900384716
0.213353827051
0.21163477159
0.209750469933
0.207855584134
0.205695904393
0.203082233796
0.199650657673
0.195201087587
0.19243783296
0.203779079151
0.203460945879
0.202981328974
0.202264669686
0.201493845007
0.200651043602
0.199835507654
0.19906714893
0.198384421111
0.197799722759
0.19731836454
0.196934810706
0.196635967024
0.196407234058
0.196248124993
0.196123865965
0.196000854006
0.19587880149
0.195766672417
0.19567066028
0.195590126245
0.195521913716
0.195460053331
0.19539903098
0.195335997644
0.195270606256
0.195204063113
0.195138685029
0.19507643271
0.195018744
0.194966556492
0.19492059077
0.194881588383
0.194850289132
0.194826840891
0.194810625053
0.194800384862
0.194794434203
0.19479171177
0.194791402204
0.194793901878
0.194801820008
0.19482766701
0.194904680402
0.195081019196
0.195373344846
0.195778754259
0.196286763045
0.196891284873
0.197594576472
0.19840819659
0.199350168907
0.200438969536
0.201686264395
0.203090620824
0.204633491627
0.206277864025
0.207969224027
0.20963817246
0.211204417763
0.212583339125
0.213692139415
0.214454872003
0.214827921215
0.214837846807
0.214453002554
0.213642332878
0.212517354701
0.211129117213
0.209606419546
0.207903220234
0.205951822785
0.203652455042
0.200847823596
0.197379627009
0.193025972377
0.187480330873
0.179565549956
0.168101542252
0.155732030361
0.20246172662
0.202190994912
0.201783758038
0.201171914551
0.200519458802
0.199803418378
0.199115546645
0.198468571352
0.19789751892
0.197411404289
0.197014514795
0.196701584164
0.196460562757
0.196278650793
0.196170843728
0.196073217253
0.195975612499
0.195873474121
0.195774376265
0.1956823876
0.195602056576
0.195530648576
0.195463329548
0.195396140692
0.195327387686
0.195257379425
0.195188649295
0.195123480054
0.195063180354
0.195008786103
0.194960419028
0.194918294375
0.194882952254
0.194854656299
0.194832980031
0.194817009423
0.19480550799
0.194797773446
0.19479295057
0.194790842064
0.194792595649
0.19480125335
0.194825118027
0.194891716114
0.195041098538
0.195289663173
0.195636521217
0.196074910091
0.196600238741
0.197214567451
0.197927331244
0.19875226644
0.199701715587
0.200780345478
0.201980096664
0.203277344395
0.204632340811
0.205990425142
0.2072846969
0.208440574575
0.209382037771
0.210034451998
0.210339625726
0.210306455636
0.209969713842
0.209107488105
0.207985058691
0.206514643584
0.204901980841
0.203118232379
0.201066975312
0.198632863403
0.195650643496
0.191839978258
0.186712948009
0.180070811202
0.170829231753
0.155883543093
0.128575888912
0.0669566849608
0.201344258725
0.201114115256
0.200769733953
0.200249028402
0.199699109265
0.199092835516
0.198515034371
0.197972107621
0.197496147938
0.19709318817
0.196766754797
0.196511917742
0.196317692314
0.196171727518
0.196102392416
0.196027870685
0.195951691881
0.195869494642
0.195782422297
0.195694426891
0.195611947465
0.195535257385
0.19546156067
0.195388262217
0.19531440028
0.195240579175
0.195168812412
0.195102741603
0.195044852475
0.194994935183
0.194951133874
0.194913454708
0.194882174059
0.194856841757
0.194836770582
0.194821011451
0.194808964359
0.194800352521
0.194794183334
0.194791033715
0.194792702892
0.194802990702
0.194825587329
0.194886128879
0.195015514429
0.19522675496
0.195520675029
0.19589342309
0.196342274977
0.196869424967
0.197482251628
0.198190112037
0.198999186725
0.199907306112
0.200900189845
0.201949747379
0.203014187494
0.204039334757
0.204961797461
0.205714149256
0.20622782533
0.20643699697
0.206322029107
0.205928984373
0.205100535548
0.204002694139
0.202503746917
0.20080895175
0.19896658395
0.196889900112
0.194461514966
0.191520344155
0.187847417145
0.18307247683
0.176524782916
0.167895179988
0.155737371613
0.136264670926
0.103379450626
0.0487956717749
0.200400010829
0.200204551779
0.19991432478
0.19947228119
0.199010496702
0.198498548135
0.198014920303
0.197560517951
0.197164939558
0.19683159488
0.196563442971
0.196355941953
0.196199050094
0.19608094322
0.196037370455
0.195982987963
0.195925771794
0.195858489334
0.195778604745
0.195693985953
0.195611164599
0.195531586401
0.195453831887
0.195376342858
0.195298827915
0.195222140493
0.195148072222
0.195080080684
0.1950233272
0.194977598457
0.194938986097
0.194906619624
0.194879644872
0.194857229259
0.194838687184
0.194823468519
0.194811707412
0.194802606342
0.19479550271
0.194791965072
0.194794530282
0.194806087541
0.194827553881
0.194883612027
0.194996170849
0.195174540232
0.195420388289
0.19573191118
0.196107938549
0.196550658883
0.197065217167
0.197656474932
0.198324575628
0.199060956917
0.199845857019
0.200647641647
0.20142334914
0.202120116654
0.202679586356
0.203042022775
0.20314387732
0.202940780363
0.202471980847
0.201758807532
0.200497852563
0.199083962487
0.197343877488
0.195456824924
0.193376528339
0.190999531413
0.188196199613
0.184774769234
0.180474513894
0.17488597411
0.167322803012
0.157286988999
0.143698534366
0.123756227375
0.0921338517189
0.0471080375635
0.199604453556
0.199438910094
0.199194908704
0.19882031067
0.198433727005
0.198002273056
0.197598662374
0.197219091984
0.196891066224
0.196615707465
0.196395540996
0.196226551992
0.196099107328
0.196003474873
0.195976583676
0.195935719274
0.195893447491
0.195833849546
0.195760053253
0.195680213928
0.19559975901
0.195520186707
0.195440986428
0.195361550297
0.195282127732
0.195203821363
0.195128475998
0.195059202022
0.195001494482
0.194957332213
0.194924541236
0.194898139454
0.194875595299
0.194856042138
0.194839091912
0.194825033057
0.194813781198
0.194804167456
0.194796611819
0.19479338482
0.194798430179
0.194809306995
0.194829820125
0.194881348907
0.194977982154
0.195126190559
0.195327831698
0.195582314947
0.195889436655
0.196250926599
0.196669330772
0.197144893805
0.197671991209
0.198236344384
0.198813708058
0.199370016848
0.199862088543
0.200239572128
0.200450769684
0.200441554075
0.20015410471
0.1995920718
0.198814172311
0.197574954708
0.196254190109
0.194488522394
0.192565454941
0.190491396571
0.188176409544
0.185511049538
0.182357429779
0.178520041156
0.173691161014
0.167456677326
0.159182927397
0.148162130004
0.134016362853
0.114804914457
0.0848669043686
0.045119767981
0.19893555088
0.198796681668
0.198591378377
0.198274239597
0.197951348685
0.19758814357
0.197252087088
0.196935415781
0.196663892372
0.196436697443
0.196255965992
0.196118489651
0.196014037498
0.195937262654
0.195918362577
0.195887319074
0.195852791642
0.195798523443
0.195730859343
0.195656689852
0.19558014343
0.195502498116
0.195423899343
0.195344417128
0.195264681159
0.195185977073
0.195110201877
0.195040179823
0.194980624343
0.194937259059
0.194908780276
0.194888156024
0.194870113708
0.19485334534
0.194838332777
0.194825752039
0.194814888048
0.19480497453
0.1947975406
0.194795505192
0.194803476986
0.19481213635
0.194831473348
0.194877191383
0.19495760819
0.195077196317
0.195237578668
0.195438719351
0.195680726084
0.195964250049
0.19628878788
0.19664990094
0.197036622417
0.197429831114
0.197801976955
0.198117725038
0.198334713788
0.19840681794
0.198289568383
0.197931353241
0.197294921519
0.196445673029
0.195378821224
0.193808308438
0.192178167209
0.190249116808
0.188186221588
0.185935299455
0.183400984296
0.18047090924
0.177000946322
0.172803230568
0.167570457984
0.160855537087
0.152100286588
0.140407651798
0.126052709981
0.107683754098
0.0794834486393
0.0434089141329
0.198374604377
0.198259342351
0.198085971012
0.197817591075
0.197548249234
0.197242554557
0.19696317301
0.196699080394
0.196474603938
0.196287346861
0.196139028241
0.196027689722
0.195941441939
0.195882546281
0.195861084784
0.195839895555
0.195807911661
0.195757668142
0.195695660507
0.195627118733
0.195554980744
0.195480302726
0.195403624656
0.195325426425
0.195246587346
0.195168488265
0.195093052743
0.195023028152
0.194962665294
0.194918432246
0.194891690329
0.194876557417
0.194863059454
0.194849336423
0.194836653254
0.19482542293
0.194814754529
0.194804907272
0.194798189553
0.194799519112
0.194807697615
0.194813819927
0.194831194456
0.194869265673
0.194932727742
0.195024582656
0.195145986345
0.195296981932
0.195477350014
0.195685997194
0.195918944166
0.19616712764
0.19641483205
0.196639135093
0.196810449033
0.196893263924
0.196847345542
0.196632631561
0.196209586309
0.195529811349
0.194607775896
0.193519328408
0.191949308924
0.190442556587
0.188499142341
0.186430926682
0.184233219211
0.18181635955
0.179082934495
0.175917979802
0.172175402459
0.167666426486
0.162137661565
0.155113365075
0.146028158512
0.134003158729
0.119697636077
0.102085381609
0.0756651633117
0.042194851915
0.197906096856
0.197810655699
0.19766319002
0.197436159773
0.197211496777
0.196953965782
0.196721810853
0.196501408344
0.196315887278
0.196161654962
0.1960399315
0.195950483995
0.195878847467
0.195837894328
0.195806988087
0.19579309817
0.195762033044
0.195715063584
0.195657920888
0.195594414553
0.195526562204
0.195455241424
0.195381168683
0.195305067909
0.195227967279
0.195151246329
0.195076798563
0.195007324521
0.194946730573
0.194900901304
0.194875246929
0.194864187047
0.194854819832
0.194844320547
0.194833938207
0.194823665018
0.194813154506
0.194803537031
0.194797596861
0.194804440911
0.194809480012
0.194813411425
0.194827481352
0.194856060274
0.194901771989
0.194966459816
0.195050732884
0.195154355339
0.195276179702
0.195412737801
0.195556266376
0.195693311405
0.195804174386
0.195863302327
0.195840311433
0.195700551176
0.19540765595
0.194928436711
0.194224529595
0.19326476565
0.192127391033
0.190815234022
0.189000963157
0.187226903678
0.185175830448
0.183019318964
0.180703925798
0.178141172875
0.175234534002
0.171867953793
0.167896011098
0.163133337746
0.157350277159
0.150165100844
0.140994884598
0.128940590799
0.114712860644
0.0976400536205
0.0727776817175
0.0409292040989
0.197515905951
0.197437029921
0.197310209375
0.197117877689
0.196930177796
0.196712701109
0.196519586059
0.196335223812
0.196181704267
0.196054610749
0.195954557867
0.195883336693
0.195823312451
0.195798249605
0.195760216801
0.195747715924
0.195717277837
0.195673029141
0.195619844459
0.19556055347
0.195496546194
0.195428549752
0.195357352674
0.195283834014
0.195209019882
0.195134227967
0.19506128836
0.194992801243
0.194932532378
0.194885799011
0.194860460453
0.194851349217
0.194845659101
0.19483840615
0.19482997496
0.194820365822
0.194810142119
0.194801082331
0.194797137436
0.194806716777
0.194808463879
0.19481045692
0.194819296853
0.194836618095
0.19486381357
0.194901753772
0.194950479465
0.195009156946
0.195075139928
0.195142050151
0.195198216607
0.195226231627
0.195203341372
0.195102598995
0.194893926229
0.194544693763
0.194024343911
0.193304351
0.192347210537
0.191173161
0.1898634022
0.188092461847
0.186458843744
0.184407052735
0.182261235577
0.18002219169
0.177602358624
0.174913961938
0.171860171217
0.168324320815
0.164161714512
0.159189937072
0.153176674565
0.145829050666
0.136671933359
0.124886339058
0.111063787493
0.0946611435506
0.0712596482463
0.040322938886
0.19719166352
0.197126439457
0.197017328802
0.196852644775
0.196695132298
0.196510720962
0.196349574931
0.196194673619
0.196067152063
0.195962117242
0.195879529916
0.195823238421
0.195772608272
0.195759712433
0.195721572767
0.195706072681
0.195675281291
0.195632861738
0.195582652378
0.195526725051
0.195465990844
0.195401070829
0.195332801096
0.195262129477
0.195189971076
0.195117519122
0.195046453242
0.194979290231
0.194919740641
0.194872831922
0.194847038213
0.19483864794
0.194836056853
0.194831633278
0.194824623347
0.194815498563
0.194805747073
0.194797824245
0.194800912892
0.194805998545
0.194804524181
0.194803899613
0.19480570556
0.194810345819
0.194818405819
0.194830005113
0.194844619
0.194860497567
0.194872959821
0.194872323837
0.194843110358
0.194764598312
0.194612047866
0.194358324919
0.193974575267
0.193431702473
0.192706250151
0.191769652127
0.190594517521
0.189277939886
0.187838715577
0.185836350358
0.184022439398
0.181910816632
0.179724568929
0.177420986025
0.174916490898
0.172125984037
0.168952753415
0.165280591507
0.160966223388
0.155829477323
0.149639261274
0.142093648264
0.132805939025
0.121082034498
0.10757155917
0.0916718085654
0.0691663320369
0.0390808140206
0.196922825663
0.196868522427
0.19677541058
0.196633381523
0.19649931128
0.196341451038
0.19620615256
0.19607507432
0.195968352133
0.195880899423
0.195812120225
0.195767756311
0.195724982089
0.195720396566
0.195687252909
0.195667958308
0.195636199163
0.19559485834
0.195546825098
0.195493522015
0.195435511181
0.195373339029
0.195307902104
0.195240200608
0.195171018563
0.195101249635
0.195032278578
0.194966623205
0.194907999292
0.194861292119
0.194834912819
0.194826901236
0.194826529609
0.194824122305
0.194817950494
0.194809003597
0.194799326586
0.194791479226
0.194802755226
0.19480322903
0.194798290595
0.194793010812
0.194786076582
0.194776949825
0.194765476533
0.194751223642
0.194733085981
0.19470806517
0.194668962987
0.19460258408
0.194489974305
0.194307922402
0.19403086541
0.193632563491
0.193086262739
0.192368131012
0.191460378823
0.190331984138
0.188994151273
0.187567484786
0.185759028045
0.184019340341
0.181936987971
0.179773937764
0.177556641064
0.175203180885
0.172633361447
0.169763876567
0.166498709711
0.162723002289
0.158295665292
0.153039280702
0.146723568192
0.139046911767
0.129582014323
0.117579277989
0.103864003505
0.0878418807415
0.065201100769
0.0362186205344
0.196700690845
0.196654923841
0.196575276746
0.196453086375
0.196337662038
0.196200808026
0.196085478596
0.195972964045
0.195882368556
0.195808507262
0.195750326121
0.195715057393
0.195678840281
0.195678882923
0.195653369497
0.195631639927
0.195599198766
0.195558712204
0.195512390756
0.195461183963
0.195405407726
0.195345528246
0.195282857231
0.195218450162
0.195152735048
0.19508590083
0.195019025559
0.194954796483
0.194897129304
0.194850836968
0.194824078307
0.194816299084
0.194817304912
0.194816090908
0.194810297436
0.194801484313
0.194792190816
0.194787927031
0.194796500275
0.194795091033
0.194788460366
0.194777276746
0.19476023762
0.19473647613
0.194705273222
0.194665771123
0.194616197904
0.19455194396
0.194462892318
0.194332340847
0.194138415986
0.19385638836
0.193461038856
0.192927894339
0.19223348886
0.191360818082
0.190292300595
0.188998610643
0.187570744244
0.186104738777
0.184008194636
0.182248012788
0.180128992414
0.177965740076
0.175732120798
0.173346463186
0.170732072963
0.167807179439
0.164477434423
0.160630241681
0.156127097802
0.150792865015
0.14439708305
0.136645544965
0.127063751896
0.115237013073
0.101247552107
0.084496998208
0.0612404238049
0.0333105294494
0.196518108864
0.196478939072
0.196409972058
0.196304160425
0.196204496584
0.19608469727
0.195984638821
0.195886262917
0.195807831187
0.195744153239
0.195693684171
0.195664495589
0.195633336786
0.195634469369
0.19561753811
0.195595487618
0.195563330435
0.195523962165
0.195479233008
0.195429809244
0.195375822186
0.19531844125
0.195258982482
0.195197806355
0.195135213415
0.195071498267
0.195006927937
0.194943911244
0.194887035804
0.19484121373
0.194814255206
0.194806619818
0.194808376624
0.19480765068
0.194801790656
0.1947929402
0.1947837904
0.19479053332
0.19479036087
0.194784824078
0.194774745995
0.194756459062
0.194728311014
0.194689256574
0.194638304895
0.194574260763
0.194494518852
0.194392459931
0.194254761586
0.194061453889
0.193788494629
0.193410720343
0.192904316683
0.192247227143
0.191420846358
0.190415321436
0.189208016396
0.187787041603
0.18628923257
0.184616395691
0.182741948959
0.180728648975
0.178609013683
0.176466368526
0.17423111161
0.171829510663
0.169189395957
0.166231204468
0.162862928296
0.158974711352
0.154430346399
0.149054228593
0.142603414974
0.13472968596
0.1247423894
0.11312769998
0.0994347364332
0.0817780951496
0.0579987808946
0.0310376224787
0.196369395296
0.196335272838
0.196274514728
0.196181587909
0.196094406851
0.1959884074
0.195900494859
0.195813155714
0.195743908432
0.195687658395
0.195642549361
0.195616819324
0.19558900705
0.195588006063
0.19557938667
0.195558839486
0.195528128331
0.195490399332
0.195447357141
0.19539952422
0.195347722704
0.195293330982
0.195236842721
0.195178523459
0.195118691919
0.195057670289
0.194995624233
0.19493412789
0.194877706269
0.194832200591
0.194805137172
0.194797595684
0.194799671044
0.194798871552
0.194792470139
0.194782884298
0.194772563629
0.194786134244
0.194784087711
0.194774162665
0.194757666989
0.194730602313
0.194690468718
0.194635729809
0.194565228256
0.194477452693
0.194368738371
0.194230048826
0.194044728142
0.193790005413
0.193440576442
0.192971982575
0.192362709355
0.191593808716
0.190653049732
0.189534095936
0.188210214319
0.186731394723
0.185208425547
0.183154084983
0.181531451478
0.179460988558
0.177369660669
0.175252042928
0.173026927092
0.170624989267
0.167977152762
0.165006564599
0.161624052424
0.157722617707
0.153168270598
0.147785576769
0.141318143473
0.133390115268
0.123549517425
0.111593283682
0.0973950258262
0.079092012553
0.0550953047429
0.0288036568075
0.19625011295
0.196219796919
0.19616517004
0.196082099889
0.196004365429
0.195909142477
0.195830601357
0.195751778229
0.195689372251
0.195638355545
0.195596898724
0.195572789978
0.195546946978
0.195541959911
0.195540279855
0.195522229518
0.195493840517
0.19545822262
0.195416997167
0.195371098808
0.195321943811
0.195270301416
0.195216434276
0.195160645498
0.195103269022
0.195044640649
0.19498502856
0.194925016165
0.19486899707
0.194823655998
0.194796481246
0.194788979777
0.194791124822
0.194789965237
0.194783081135
0.194773463927
0.194770582134
0.194772928675
0.194770226382
0.194759279436
0.194736584701
0.194699899061
0.194647087738
0.194576472075
0.194486800895
0.194376176707
0.194239573577
0.194065150385
0.193832987814
0.193518185263
0.193095187012
0.192541327656
0.191838060834
0.190970790515
0.189934961429
0.188720374239
0.187302480772
0.185816301203
0.18428114576
0.182211646351
0.180424353293
0.178411330856
0.176382072718
0.174298338913
0.172093182446
0.169704017646
0.167064710227
0.164101162872
0.160726853495
0.15683644657
0.152294814701
0.146914174349
0.140388832263
0.13239277891
0.122714464315
0.110884553961
0.0959343369394
0.0770661592794
0.0529319391578
0.0268590081483
0.196156881585
0.19612935173
0.196079084339
0.196003295866
0.195932369718
0.195845215779
0.195773541824
0.195701003809
0.195643477202
0.195595936795
0.195556819904
0.195532965026
0.195508192663
0.195498798283
0.19550234839
0.195486978235
0.195461273189
0.195427985545
0.195388707267
0.195345135817
0.19529858845
0.195249382828
0.195197823946
0.195144253864
0.195089017281
0.195032456619
0.194974900672
0.194916406521
0.194860913535
0.19481550296
0.19478812122
0.194780556011
0.194782566569
0.194780715803
0.194772882938
0.19476141228
0.194771538512
0.194767242636
0.194757947079
0.194741709396
0.194711668535
0.194664676799
0.19459868835
0.194512168061
0.194403835247
0.194271268016
0.194107692194
0.193898133889
0.19361969991
0.193246198184
0.192752894322
0.192119826706
0.191331799073
0.190380169452
0.18926802438
0.18797786158
0.186510714704
0.185019061308
0.183211378417
0.181563532124
0.179592414714
0.1776008991
0.175620661461
0.173574169349
0.171398144606
0.169033949811
0.166418463305
0.163480745837
0.160137270952
0.156283363131
0.151777152567
0.146397922864
0.139815716242
0.131969962947
0.12241248039
0.110367696247
0.0950630415776
0.0759361381647
0.0516884465765
0.0253439877665
0.196087205245
0.196061593802
0.196014121596
0.19594337398
0.195876941358
0.195795447441
0.195728419011
0.195660212595
0.195605939125
0.195560507051
0.195522790141
0.195498315126
0.195473991677
0.195460252435
0.19546761904
0.195454576486
0.195431416637
0.195400338223
0.195363183528
0.195322058403
0.195277786482
0.195230684334
0.195181112687
0.195129438031
0.195076016195
0.195021192275
0.194965298782
0.194908355877
0.194853419247
0.194807692303
0.194779902042
0.194772140446
0.194773903862
0.194771195751
0.194762135878
0.194749946236
0.194760533227
0.194758067021
0.194745541315
0.194722047957
0.194683116521
0.194625133566
0.19454573906
0.194443511774
0.194317148402
0.194163521664
0.193973664859
0.193729260799
0.193404952111
0.192974202614
0.192414190056
0.191708358573
0.190845264751
0.18982332155
0.188648146003
0.187298774678
0.185855598588
0.184431975747
0.182361388694
0.180828551522
0.17890376216
0.176979536651
0.175050546573
0.173046038167
0.170907635133
0.168579580014
0.166002016216
0.1631080418
0.159818656652
0.156029642807
0.151593124391
0.146294448216
0.139945111899
0.132190195093
0.122731341096
0.110711510542
0.0954645306495
0.0763167321333
0.0519096059914
0.024622092283
0.196039328866
0.196014879885
0.195968773846
0.195901057863
0.195837034338
0.195759028373
0.195694670761
0.195629091247
0.195576722818
0.195532346463
0.195495391417
0.195469863257
0.195445666293
0.195427770789
0.19543755072
0.195426236642
0.195405195489
0.19537605307
0.195341000479
0.195302028012
0.195259669645
0.195214323879
0.1951663998
0.195116286231
0.19506435282
0.195010953036
0.194956425603
0.194900862373
0.19484636298
0.194800124904
0.194771700878
0.194763651544
0.19476518454
0.194761936812
0.19475278844
0.194752410039
0.194748619746
0.194743678628
0.19472942112
0.194699560067
0.194651268777
0.19458176058
0.194488851139
0.19437125099
0.194227557925
0.194053667952
0.193837935545
0.19355867201
0.193188758561
0.19270230874
0.192079389721
0.191307340128
0.190379583629
0.189302412504
0.188074415073
0.186675618342
0.185268351736
0.183828409647
0.181973708077
0.180224709062
0.178356477632
0.176510982382
0.174638124439
0.172680201749
0.170585954668
0.168303264882
0.16577593248
0.162941808842
0.159726315911
0.156023367219
0.151721335339
0.146714525563
0.14065036091
0.133295885203
0.124100866337
0.112465392142
0.0976423908615
0.0786990942993
0.054187253742
0.025159569382
0.196012183951
0.195988204132
0.195942104286
0.195875554175
0.195811997727
0.195735465516
0.195671975658
0.195607491727
0.195555869735
0.195511719865
0.195475109438
0.19544847359
0.195424539355
0.195403071387
0.195413075021
0.195402808545
0.195383305117
0.195355754716
0.195322530498
0.195285244889
0.195244385673
0.195200415479
0.195153776367
0.195104875669
0.195054096273
0.195001802775
0.194948345583
0.19489391406
0.194839670734
0.194792739619
0.194763443955
0.194754932438
0.194756000065
0.194751552693
0.194739617425
0.194751784068
0.194746079735
0.194733041518
0.194711789493
0.194674286267
0.194616265465
0.194535009659
0.194428675209
0.194296157832
0.194135865475
0.193942347304
0.193700797331
0.19338636498
0.19297104532
0.19243059806
0.191748698916
0.190916674463
0.189934451189
0.188816341946
0.1875507397
0.186143057963
0.184753980063
0.183005180304
0.18160063824
0.179766528544
0.177945827497
0.176165247525
0.174348136096
0.172440263777
0.170395025717
0.16816475343
0.165698179467
0.162938345596
0.159810249442
0.156216683925
0.152179872999
0.147536904595
0.142055839128
0.135280406178
0.126830782013
0.116115362638
0.102173711887
0.0836446001699
0.0588387198405
0.0266825788034
0.19600528677
0.195981131133
0.195933697366
0.195866512471
0.195801537186
0.195724533938
0.195660186151
0.195595346731
0.195543399527
0.195498763582
0.195462191096
0.195434615369
0.195411451803
0.195387513338
0.195395042393
0.195385009569
0.195366367266
0.195339926557
0.195308000361
0.195271871006
0.195232056004
0.195189051789
0.195143316197
0.195095267089
0.195045296282
0.194993778627
0.194941079446
0.194887495516
0.194833346476
0.194785567828
0.194755099263
0.194745958355
0.194746531839
0.194740999877
0.194730344464
0.194736147353
0.194733538581
0.194719816712
0.194692141367
0.194646250268
0.194578245034
0.194485320871
0.194365890615
0.194219034818
0.194042863576
0.193830108218
0.193562388386
0.193212167968
0.192751562805
0.192159001435
0.191422244376
0.190536503729
0.189509022433
0.188357052621
0.187064755104
0.18572168917
0.184435152892
0.182463344932
0.181107045325
0.179366836003
0.177633195537
0.175913364591
0.174148177207
0.172289821256
0.170295034249
0.168120791811
0.165722276664
0.163048169311
0.160030551849
0.156640891402
0.152968701558
0.148857731197
0.144102287063
0.138329976535
0.131228895817
0.122220499922
0.110165781074
0.0930993807552
0.0677806498066
0.0285442514451
0.196018768595
0.195993790865
0.195943639883
0.195874004038
0.195805692021
0.195726249046
0.195659296773
0.195592631942
0.195539270331
0.195493433804
0.195456548426
0.195428143545
0.195406146615
0.195380875112
0.195384299442
0.19537343403
0.195354799256
0.195328791707
0.195297525813
0.19526200245
0.195222757295
0.195180294384
0.195135070366
0.195087502722
0.195037984744
0.194986895429
0.19493460677
0.194881478305
0.194827355335
0.194778669596
0.194746646801
0.19473673718
0.194737031428
0.19473102722
0.194733257086
0.19472729797
0.194720312035
0.19470400122
0.194670334383
0.194615938943
0.194537791771
0.194433357895
0.194301278068
0.194140735464
0.193949346218
0.193717421905
0.1934227338
0.193035773494
0.192529831958
0.191886994939
0.191099492165
0.190167138457
0.189104751506
0.187921041289
0.186599068483
0.1853184285
0.184036879519
0.182347342053
0.180733308794
0.179037409702
0.177382501459
0.175720143243
0.174003046317
0.172190845373
0.170244276842
0.16812482094
0.165793396662
0.163208221528
0.160374046063
0.15738453283
0.154082033972
0.150674226487
0.146826821789
0.142390479983
0.137172186021
0.130782860064
0.122387766454
0.110442725747
0.0901282307218
0.0453568848205
0.196053294469
0.196026847488
0.195972509922
0.195898518889
0.195824834962
0.195740867518
0.195669445521
0.195599370372
0.19554338824
0.195495524199
0.195457800528
0.195428389694
0.195407526515
0.195381978179
0.195380721238
0.195368165669
0.195348715157
0.195322393783
0.195291131833
0.195255664912
0.195216515721
0.19517417003
0.195129065841
0.195081608298
0.195032183393
0.19498116718
0.194928929802
0.194875836346
0.194821720015
0.194771996082
0.194737886183
0.194726860863
0.194726283478
0.194717621491
0.194729938077
0.194723838184
0.194709850369
0.194686795575
0.194646227457
0.194583456476
0.194495396684
0.194379833669
0.19423567596
0.194062153421
0.193856100869
0.193604697343
0.193281818031
0.192856880073
0.192305344839
0.191613659697
0.190778622699
0.189806534903
0.188720695395
0.187515329313
0.186189732139
0.184927796662
0.183339622968
0.182115931066
0.180422979599
0.178762568714
0.177163934133
0.175550409036
0.17387553008
0.172103241444
0.170198956907
0.168127651497
0.16585376954
0.163366712652
0.160774554222
0.15812527666
0.155506882738
0.152799216606
0.149977232713
0.147033905607
0.143904721447
0.140469056485
0.136486896671
0.131890390942
0.125861959464
0.122454994782
0.196110165473
0.196081547048
0.196021403744
0.195940989608
0.195859697904
0.195768915698
0.195690947463
0.195615672342
0.19555566229
0.195504756508
0.195465442358
0.195434529107
0.195414331294
0.195389599943
0.195383760764
0.1953689693
0.195347957733
0.195320613913
0.195288733338
0.195252808697
0.195213307443
0.195170671993
0.195125307388
0.195077595768
0.195027908113
0.194976613551
0.194924083043
0.194870692309
0.194816385349
0.19476537585
0.194728766242
0.194716537393
0.194715365917
0.194709552254
0.194712792835
0.19470965465
0.194696099705
0.194667782359
0.194620175395
0.194549217579
0.194451685713
0.194325567291
0.194170005901
0.193984232463
0.19376389442
0.193492267156
0.193139604212
0.192675293316
0.192077899315
0.191338504244
0.190457933586
0.189450291734
0.188344925334
0.187128349045
0.185874069479
0.184709436283
0.182848105929
0.181688519819
0.180094015465
0.178507990941
0.176952900558
0.175373391038
0.173728021371
0.171983391677
0.170109387679
0.168074307944
0.165861090462
0.163506629389
0.161166743859
0.15889391485
0.156850380296
0.154917333983
0.153168999751
0.151674884583
0.150466827819
0.149571399214
0.148987733779
0.148942417087
0.149021496884
0.15226984292
0.196191249229
0.196159716648
0.196091963398
0.196002830335
0.195911417063
0.195811240358
0.195724351308
0.195641799717
0.195576083264
0.195520890045
0.195479031063
0.195445890552
0.195425502562
0.195402578231
0.195393115229
0.195375467011
0.195352196425
0.195323217686
0.195290142318
0.195253297788
0.195213045105
0.195169753953
0.195123778583
0.195075465968
0.195025166384
0.194973240682
0.194920063325
0.194866028298
0.194811229906
0.194758615328
0.194719194123
0.194705743745
0.194703737732
0.194709772459
0.194703821794
0.194696327122
0.194680486662
0.194647334698
0.194592999871
0.194514124944
0.194407600488
0.194271571131
0.194105313172
0.193907985998
0.193673455291
0.193380350917
0.192995946749
0.192490758513
0.191847442705
0.191061833526
0.190138365686
0.18909868061
0.187966862253
0.186726242078
0.185554149978
0.18445271669
0.182797281492
0.181330328403
0.179764345155
0.17823927638
0.176716430379
0.17515486891
0.173520290761
0.171782035748
0.169914054267
0.167896733459
0.165756720228
0.163599784031
0.161423997822
0.159587546203
0.158026239951
0.156808004207
0.156035737009
0.155793443051
0.15614857662
0.157162346114
0.158860950131
0.161370714545
0.164146695772
0.168829612293
0.19629914601
0.196263857443
0.19618644262
0.196085998547
0.195981597417
0.195869077336
0.195770513074
0.195678244028
0.195604804889
0.195543804518
0.1954982649
0.195462094036
0.195440450288
0.195419930074
0.195408108878
0.195387127937
0.195360974129
0.195329843608
0.195295134325
0.195256986698
0.195215634196
0.19517135827
0.195124449689
0.195075211074
0.19502396307
0.194971051252
0.194916853506
0.194861786936
0.194806113754
0.194751456066
0.194708769851
0.194693579543
0.194689031054
0.194702283444
0.194697060512
0.194684810186
0.194663925982
0.194625713805
0.194565309954
0.194479173661
0.194364323128
0.194219091779
0.194042832044
0.193834549155
0.193585498158
0.193269063998
0.192850521079
0.19230265674
0.191613246507
0.190783101365
0.189821531652
0.188758200157
0.187599296261
0.186330013932
0.18516722139
0.183834467247
0.18264197313
0.181007292903
0.179430055364
0.177930546325
0.17642217162
0.174860215557
0.173212093434
0.171447757174
0.169544621944
0.167504312047
0.165402351443
0.163319266593
0.161472592644
0.159937039558
0.158809821622
0.158216360195
0.158254451503
0.158999874616
0.160510662025
0.162818283468
0.165890330689
0.169672318139
0.173515317747
0.178202437223
0.196437116722
0.19639716246
0.196307762498
0.196193064802
0.196072389358
0.195944133361
0.195830681631
0.195725812353
0.195642224747
0.195573562805
0.195523010405
0.195483027036
0.195459031834
0.195440962403
0.195427814559
0.19540316096
0.195373682755
0.195340091013
0.195303462957
0.195263736633
0.195221008419
0.195175463962
0.195127324901
0.19507684615
0.195024316555
0.194970059691
0.1949144459
0.194857915242
0.194800909381
0.19474389492
0.194697703152
0.194681076701
0.194679665478
0.194683971709
0.194681871776
0.194671034177
0.194646793521
0.19460402175
0.194538308706
0.194445774142
0.194323423011
0.194169727383
0.193984099099
0.193765273095
0.193500803603
0.193158533507
0.192702954136
0.192110112275
0.191373631207
0.190499203795
0.189503544697
0.188425803381
0.187254417016
0.186016141247
0.184877585343
0.183137512439
0.1821675047
0.180608626953
0.179063475639
0.177566218421
0.176047062636
0.174459909013
0.172767943179
0.17093998523
0.168961687392
0.16683359548
0.164679376034
0.162659221446
0.161022761282
0.159771037357
0.159035963591
0.158949990175
0.159605105167
0.161061488305
0.163345976801
0.16643700566
0.170229562355
0.174529657608
0.178727968635
0.183122993281
0.196609303499
0.196563643291
0.196459604267
0.196327300053
0.19618657852
0.196038679717
0.195906594793
0.195785722502
0.195689070572
0.195610467157
0.195553263681
0.195508647061
0.195481229975
0.195464976211
0.195450999887
0.195422564668
0.195389595992
0.195353475535
0.195314810776
0.195273353724
0.195229070044
0.195182047505
0.195132434621
0.195080431152
0.195026289123
0.194970313035
0.194912854856
0.194854347348
0.194795338871
0.194735655764
0.194685713158
0.194666678383
0.194674974647
0.1946735391
0.194668462713
0.194656828285
0.194630231253
0.194583947816
0.194513887339
0.194415934035
0.194286994839
0.194125543654
0.193931075735
0.193701821147
0.193420314457
0.193049038498
0.192553097012
0.191912599898
0.19112730961
0.190206778909
0.189176459262
0.188080959596
0.186899438605
0.18576089051
0.184733229402
0.18293622833
0.181665347597
0.180150187826
0.178637930963
0.1771248384
0.175568361225
0.173926869544
0.172159474573
0.170238326987
0.168130055355
0.165858218489
0.163550397995
0.161617755881
0.160085833384
0.159038898047
0.158601368502
0.15888390029
0.159963487688
0.161877503505
0.164614925369
0.168100013704
0.172163130566
0.176525421812
0.180680555959
0.184500083265
0.196820631916
0.196768147974
0.196646477379
0.196492762131
0.196327681444
0.196155653976
0.196000584365
0.195859706351
0.195746493731
0.195655128691
0.195589153651
0.195538820136
0.195506860391
0.195491224277
0.195476334095
0.195444302215
0.195408014091
0.195369536849
0.195328883004
0.195285664167
0.195239735547
0.195191093361
0.195139815783
0.195086047125
0.195029993539
0.194971925801
0.194912172905
0.194851126302
0.194789308426
0.194726461187
0.194672043198
0.1946492364
0.194662577559
0.194663195089
0.19465641128
0.194643200029
0.194615363893
0.194567239944
0.194494325352
0.194392219004
0.194257721108
0.194089166136
0.193886253659
0.19364623937
0.193345188482
0.192941045534
0.192401043522
0.191710207586
0.190874628151
0.189906586432
0.188839893278
0.187711194844
0.186490649798
0.185411184708
0.184343664849
0.182921084367
0.181263822502
0.179662170976
0.178129554147
0.176576223972
0.174955689594
0.173229329754
0.171360609941
0.169288603375
0.166944171064
0.164406145956
0.162065020708
0.160101358945
0.158610668009
0.15769260317
0.157447351051
0.157961710495
0.159292553063
0.16145241479
0.164395892583
0.16800264576
0.1720559427
0.17623731014
0.180061533596
0.182848590135
0.19707707375
0.197016504325
0.196873821371
0.196694392448
0.196500047341
0.19629876884
0.196115690046
0.195950124395
0.195816181036
0.195708574765
0.19563102821
0.195573333672
0.195535522579
0.195518942997
0.195502676492
0.195467434008
0.195428365752
0.195387907106
0.195345455272
0.195300553143
0.195252974373
0.195202636067
0.195149553654
0.195093819267
0.195035591822
0.194975094304
0.194912618148
0.194848503935
0.194783218027
0.194716581028
0.194656963507
0.194635352737
0.19464285467
0.194648262366
0.19464461181
0.194631914893
0.194604487599
0.19455645482
0.194482548521
0.194377840626
0.194238934187
0.194063850209
0.193852737012
0.193600994471
0.193276823321
0.192835116289
0.192246784688
0.191502783796
0.190616078334
0.189602074957
0.188504014674
0.187337928671
0.186071053115
0.184967826985
0.183533084148
0.18250740653
0.180776876896
0.179108833625
0.177516421685
0.175889184195
0.174169696557
0.17232344964
0.170292217921
0.167925372663
0.165207948152
0.162503820969
0.160079444869
0.158071894434
0.156589137221
0.155727483094
0.155572461392
0.156192832506
0.157626636161
0.159865758973
0.162840166351
0.166400194988
0.170303488822
0.174213161435
0.1776111544
0.180217063829
0.197385484836
0.197315507899
0.197148061696
0.196938098488
0.196708956275
0.196472622995
0.196255780809
0.196060094102
0.195900486123
0.195772395115
0.195679652102
0.195612113723
0.195566701048
0.195547376838
0.195528846485
0.195491332545
0.195450461375
0.195408399664
0.195364411965
0.195317987715
0.195268823708
0.195216770205
0.195161790876
0.195103933067
0.195043310002
0.194980090812
0.194914501033
0.194846804621
0.194777330317
0.194705815877
0.194638671732
0.194624243097
0.194630192068
0.194636345683
0.194635393312
0.194625390603
0.194600665752
0.194554994594
0.194482233731
0.194376711471
0.19423463892
0.194053515409
0.193834285053
0.193568996679
0.1932169083
0.192731897811
0.192089937695
0.191288892424
0.190349203377
0.189291285613
0.188171412836
0.186985147642
0.185738816282
0.184672246158
0.182861002904
0.181822754846
0.180164537547
0.178470343381
0.176785991137
0.175036360801
0.173169994592
0.171140091415
0.16877554423
0.165942785626
0.162961329847
0.160139797867
0.157632082809
0.155565112905
0.154048971106
0.153175113553
0.153019211801
0.153636705893
0.155051845938
0.157243986183
0.160131827083
0.16355644761
0.167272803416
0.170921859592
0.174094506355
0.176900489005
0.197753890409
0.197673054091
0.197476691694
0.197230833315
0.19696071094
0.196682809788
0.196425681532
0.196193632602
0.196002587637
0.195848923386
0.195736455176
0.195655583655
0.195600168926
0.19557606922
0.195554145718
0.195515645523
0.195473945653
0.195430861304
0.19538572239
0.195338019607
0.195287396607
0.195233657173
0.195176731084
0.195116634521
0.195053442839
0.194987269917
0.194918254929
0.194846549735
0.194772257435
0.194694778742
0.194618188398
0.194608275424
0.194618411972
0.194626954479
0.194630395461
0.194626203616
0.194607399434
0.194566982081
0.19449784924
0.194393512335
0.194249550762
0.194062781897
0.193835332235
0.193553613064
0.193167532434
0.192632319957
0.191930087886
0.191066259444
0.19006860244
0.188963846476
0.187822364246
0.18662530267
0.185468098054
0.18451207176
0.182709034706
0.181206348423
0.17948878045
0.177736645091
0.175923299567
0.174000334733
0.171923143553
0.169531990913
0.166624071843
0.16344589443
0.160323637967
0.157393277798
0.154789178474
0.152639431728
0.151049162976
0.150103586466
0.149870285464
0.150395556305
0.151696094029
0.153746846359
0.156465468498
0.159702562172
0.163244372915
0.166692396997
0.169678427113
0.171726427444
0.198191198173
0.198098048034
0.197868275808
0.197580638711
0.19726270733
0.196936013913
0.196631298142
0.19635581149
0.196126671602
0.195941445402
0.195803807604
0.195705052014
0.195636325132
0.195604934296
0.195578090755
0.195540147342
0.195498684905
0.195455294732
0.195409484139
0.195360807502
0.19530889362
0.19525352975
0.195194637405
0.195132223874
0.19506634377
0.194997067123
0.194924449164
0.194848501235
0.194769088107
0.19468504127
0.194598346779
0.194587208132
0.194606614548
0.194622298878
0.194633384899
0.194638625069
0.194629478569
0.194597666684
0.194534901388
0.194433872093
0.194289205288
0.194097055079
0.193860996712
0.193558664429
0.193131263479
0.192537832848
0.191767488461
0.190833557994
0.189770249946
0.18861004855
0.187431551614
0.186199715607
0.185109286021
0.184166541239
0.182620392874
0.180661526698
0.1787677267
0.176899125403
0.174924676861
0.172790164515
0.170348906255
0.167369396885
0.164007947685
0.160662274505
0.157404409434
0.154349003842
0.151633445685
0.149377875286
0.147679128074
0.146614708263
0.146244510327
0.146609313961
0.147725063573
0.149570626763
0.152068003961
0.155067159465
0.158333985658
0.161645294694
0.16410308312
0.165580294535
0.19870747295
0.198600480334
0.19833246397
0.197996662097
0.197623475012
0.197240083158
0.196879726988
0.196552908381
0.196278125483
0.196054421851
0.19588525354
0.19576301458
0.195676622005
0.195634642489
0.195600894831
0.19556503347
0.195524841764
0.195481902289
0.195435946412
0.195386630017
0.195333608696
0.195276690949
0.195215824196
0.19515103833
0.195082396604
0.195009952682
0.19493370982
0.194853573337
0.194769304793
0.194679328169
0.194586906265
0.194567884288
0.194599438453
0.194626898585
0.194649894642
0.194668755498
0.194673357546
0.194653768548
0.194600221773
0.194504609298
0.194360143447
0.194162681907
0.193917099111
0.193588402425
0.193111103673
0.192450382349
0.191603232279
0.19059136938
0.189454797887
0.188230740081
0.186996531919
0.18569420112
0.184578421901
0.183405405132
0.182150608398
0.180024739575
0.177974194345
0.175958085478
0.173812208717
0.171381538404
0.168348894915
0.164793730576
0.161227783983
0.157704564198
0.154287767611
0.151097386194
0.148260004836
0.145883858519
0.14405541983
0.142841975318
0.142294894438
0.142452153089
0.14333575314
0.144940042731
0.147215947259
0.15005610063
0.15311465029
0.156023873093
0.157814101379
0.159046093996
0.199313436314
0.199191185893
0.198879877778
0.198489100789
0.198052663691
0.197604055906
0.19717932921
0.196792533606
0.196463722037
0.196193711882
0.19598574513
0.195833395674
0.19572381077
0.195666804437
0.195623305266
0.195590796565
0.195552838532
0.195511086231
0.195465517968
0.195415892276
0.1953619306
0.195303508756
0.195240643031
0.195173427269
0.195101972884
0.195026356858
0.194946579386
0.194862521019
0.194774008835
0.194678921813
0.194592594682
0.194560225266
0.194604006961
0.194647330857
0.194687270423
0.194724497839
0.19474725913
0.194743678793
0.194702209321
0.194613983051
0.194470144302
0.194267176513
0.194010206061
0.193647500964
0.193110341556
0.192372043168
0.191438545622
0.190340838463
0.18912519469
0.187833997201
0.186538062922
0.185164397687
0.183991723571
0.182457109515
0.181320551338
0.179226004687
0.177078647332
0.1749176811
0.172569544122
0.169600094927
0.165920218825
0.162107191863
0.158332063045
0.154620897078
0.151048780149
0.147728131162
0.144772618142
0.142278430711
0.140319197023
0.138948683917
0.13820768869
0.138132184594
0.138754597627
0.140094446049
0.142137637106
0.144730026612
0.147668783893
0.150017229008
0.15147393597
0.152592963265
0.200020677917
0.199881794204
0.199521983677
0.199069083073
0.198560959444
0.19803812076
0.197539741051
0.197083699769
0.196691754469
0.196366774826
0.196111863265
0.19592174662
0.195782161838
0.195704033531
0.195646120616
0.195618058763
0.195583305505
0.195543433069
0.195498767634
0.195449128368
0.195394341448
0.195334407865
0.195269466659
0.195199726507
0.19512539389
0.19504660864
0.194963397805
0.194875634976
0.194783243608
0.194682093035
0.194617437677
0.19457582469
0.194630054649
0.194692164908
0.194754521022
0.194815407044
0.194861111783
0.194877496478
0.194850960017
0.194771873738
0.194628451781
0.194419471078
0.194147699529
0.193741104108
0.193132426038
0.192304622224
0.19127380934
0.190081325346
0.18878102073
0.187422138046
0.186070681034
0.184663331965
0.183500792568
0.181801705036
0.180423259236
0.178318041525
0.176075715285
0.173738783691
0.170950484282
0.167287042307
0.163307777864
0.159311817083
0.15535044172
0.151472872991
0.147765440223
0.144334874572
0.141284732033
0.138697998826
0.136631864979
0.13512266278
0.134197982309
0.133890633702
0.134243280018
0.135321489411
0.137196519508
0.13958049774
0.142064932364
0.14394698079
0.145365489598
0.146455360889
0.200840825858
0.200684236794
0.200270770196
0.199748425377
0.199159898758
0.198553481724
0.197971793461
0.197436800382
0.196972088325
0.196582805457
0.196272046952
0.196035561971
0.19585787145
0.195750415625
0.19567080363
0.195647939507
0.195617163065
0.195579738188
0.195536439158
0.195487008523
0.195431415929
0.195369861183
0.195302673234
0.195230238632
0.195152915019
0.195070945622
0.194984392233
0.194893076012
0.194796714842
0.194688596248
0.194649145575
0.194621277187
0.194686674482
0.194770549484
0.194861647994
0.194952365248
0.195026393726
0.195066966265
0.195058287689
0.1949898561
0.194845938486
0.194630123629
0.194337847003
0.193874947975
0.193181004412
0.19224960861
0.19110827312
0.189809401771
0.188415413257
0.186983448674
0.185579021289
0.184168508103
0.183052063927
0.181433282246
0.179636962746
0.17738094399
0.174966936803
0.172225888654
0.168670553635
0.16468103771
0.160591258564
0.156457253567
0.152341475648
0.148328224977
0.144517286081
0.141015550609
0.137917482349
0.135289605896
0.133167635486
0.131565373561
0.130494726504
0.129983922744
0.13008333542
0.130905915921
0.132498762745
0.13472154886
0.136792441346
0.138508742165
0.139914646399
0.14093486345
0.20178562239
0.201610480923
0.201138382072
0.200539280141
0.199861563116
0.199162102928
0.198487308302
0.197863461212
0.197316077293
0.196852747157
0.196476745597
0.196184668633
0.195959971272
0.195813099483
0.195702485143
0.195683405377
0.195655940356
0.195621101447
0.195579497599
0.195530359592
0.195473824842
0.195410380405
0.195340626877
0.195265207995
0.195184706834
0.19509952971
0.195009800359
0.194915273181
0.194814755029
0.194704694298
0.194670554405
0.19469165181
0.194778736568
0.194891526808
0.195019636154
0.195147640937
0.195256164006
0.195325460475
0.195337703826
0.195281165605
0.195135187284
0.194911404549
0.1945898398
0.194055513805
0.193260154129
0.192208607538
0.190940837016
0.189520185987
0.188017386151
0.186496462162
0.18502584339
0.183609342901
0.182516587152
0.181033499344
0.178892017548
0.17642093412
0.173668620394
0.170176505314
0.16609718457
0.162020389921
0.157847488377
0.153597193044
0.149361250602
0.145250375984
0.141382719152
0.137869162225
0.134793959206
0.132203059894
0.130104741701
0.128483354312
0.127325801147
0.126638052746
0.126503647769
0.127214830413
0.128612609676
0.130387080416
0.13218922952
0.133944373131
0.135341037362
0.136261875494
0.202865635334
0.202671669218
0.202136479514
0.201453603229
0.200678121143
0.199876311098
0.199098752254
0.198376239189
0.197736310873
0.197189110821
0.196738373613
0.196381463593
0.196101280009
0.195904835733
0.195757899226
0.195732365499
0.195702648623
0.195669417494
0.195629340818
0.195580237488
0.195522351301
0.195456505295
0.195383648292
0.195304774939
0.195220793196
0.195132370057
0.195039788562
0.19494283798
0.194839117085
0.194742611065
0.19469244204
0.194780536092
0.194910748903
0.195066495801
0.195241996237
0.195415682077
0.195565388874
0.195668059946
0.195704392054
0.195660588164
0.195510498195
0.195277200511
0.194913760855
0.194290139261
0.193374714054
0.192184110304
0.190771539463
0.189210156927
0.18757720633
0.185940311611
0.184370972118
0.182904847232
0.181762067435
0.180404516838
0.178055779671
0.175316460267
0.171972673438
0.167798080861
0.163603672743
0.159411089468
0.155129957053
0.150779819549
0.146457270874
0.142296210538
0.138434815851
0.134987816934
0.13202702252
0.129574642936
0.127608375716
0.126079431491
0.124929876937
0.124097518894
0.123695700471
0.12415096216
0.125534253073
0.127121397347
0.128848287784
0.130541503265
0.131792789559
0.132529750731
0.204090124352
0.203877541716
0.203275531238
0.202502472152
0.201621214332
0.200708245515
0.199818740173
0.198988160895
0.19824616665
0.197605520891
0.19707081602
0.196640348917
0.196298100712
0.196045921221
0.195872975222
0.195811480645
0.19576616083
0.195729789495
0.19568844556
0.195638053967
0.195577902019
0.195508782076
0.195431970199
0.19534890379
0.195260937693
0.195169120264
0.195074009067
0.194975477654
0.19487308024
0.194808176953
0.194765760406
0.194911559364
0.195099981215
0.195313335968
0.195546351765
0.195773732673
0.195971102336
0.196111510416
0.196175097313
0.196144251422
0.195987836939
0.195742672654
0.195320453846
0.194586992599
0.193530565351
0.192180287293
0.190603126663
0.188880016219
0.187091652761
0.185304318958
0.18358907385
0.181997335746
0.180690258177
0.179366389381
0.17687521742
0.173713721451
0.169696615943
0.165408625333
0.161138170064
0.156844523974
0.152469690779
0.148040746149
0.143669142713
0.139515258611
0.135735631957
0.132445550645
0.129701019534
0.127498947039
0.125788101511
0.124488472435
0.123490252493
0.122731289835
0.122557389942
0.122982096344
0.123695091384
0.125235416139
0.126851867409
0.128300059782
0.129227135205
0.129603544309
0.205465190303
0.205235109623
0.204563762319
0.203695181607
0.202701162661
0.201669154347
0.200659398014
0.19971212528
0.198859200061
0.198116002938
0.197488390408
0.19697578411
0.196565427514
0.196254982412
0.196052289839
0.195921025176
0.195852461299
0.195805862288
0.195759024465
0.195705232576
0.195641398499
0.195567703381
0.195485671431
0.195397296425
0.195304527808
0.195208896052
0.195111172715
0.195011213965
0.194916937142
0.194890486088
0.194923308725
0.195120802106
0.195371387396
0.19565313257
0.195952592909
0.196240852336
0.196491784286
0.196673777617
0.196767775853
0.1967492528
0.196584686242
0.196323578368
0.195821211784
0.194954821037
0.193734685174
0.192203500415
0.190442140683
0.188536634319
0.186567422725
0.184593910983
0.182681114413
0.180876799027
0.179280482133
0.177816930771
0.175090016131
0.171347181997
0.167168031983
0.162962524666
0.158687278745
0.154339644167
0.149895159857
0.145411028133
0.141031897
0.136948344807
0.133330709804
0.130288031763
0.127855181178
0.126002560544
0.124650373164
0.123684812327
0.122981353368
0.122605203606
0.122554412255
0.12282035241
0.123559630406
0.124748622564
0.125964025155
0.126989860388
0.127420685434
0.127260573214
0.206993406339
0.206747716458
0.206006043251
0.20503817608
0.203926006853
0.20276854825
0.201631613654
0.200560225644
0.199588496938
0.198734280703
0.198004860881
0.197400337012
0.196910816736
0.196527347083
0.196263209717
0.196063680098
0.195972893064
0.19590444761
0.195845563734
0.195784090493
0.19571402468
0.195633736688
0.195544605613
0.19544928577
0.195350510093
0.195250430834
0.195150219903
0.195051524006
0.194978816826
0.194987256218
0.195151146673
0.195420080093
0.195744830692
0.196106049747
0.196480657595
0.196836520351
0.19714640104
0.197373308393
0.197500981162
0.197493066153
0.197319768798
0.197035207091
0.196427218902
0.195402415189
0.193994850127
0.192262272086
0.190299119067
0.188193529958
0.186022177366
0.18383267085
0.181678626569
0.179586971577
0.177598375304
0.175782321704
0.172699308342
0.168711923226
0.164688930571
0.160563558484
0.156296956697
0.151923500601
0.147428330439
0.142914990258
0.138573404097
0.134624924923
0.131245673531
0.128528059302
0.126478766687
0.125038674844
0.124091738459
0.123495153866
0.12312551796
0.122866337328
0.123009277957
0.123391295314
0.124019437819
0.124866585499
0.125699074727
0.12632303363
0.126260456924
0.126041258112
0.208671407479
0.208413239383
0.207602406738
0.206533753902
0.205300375257
0.204013224244
0.202744199164
0.201543054215
0.200446142751
0.199473544267
0.198633945059
0.197927680965
0.197346793424
0.196877461339
0.196528265257
0.196282230753
0.196146111102
0.196039291878
0.19595635568
0.195878843899
0.195797664746
0.195707378848
0.195608213682
0.195503533855
0.195397075852
0.195292044111
0.195191563341
0.195105781836
0.195093473594
0.195175624168
0.195460944604
0.195826849088
0.196243456748
0.196694161252
0.197151137962
0.19758021292
0.197953586018
0.198228141774
0.198392996718
0.198392757747
0.198212648827
0.197891001813
0.197148709485
0.195937830492
0.194318971045
0.19236658377
0.190187628021
0.187869409316
0.185482460268
0.183059742946
0.180642072013
0.178226921559
0.175805125733
0.173449364377
0.170115300083
0.166311200002
0.16237178891
0.158274430923
0.154010539979
0.149621424778
0.145087410079
0.140571843855
0.13631438794
0.13256288304
0.129487170846
0.127150134414
0.12552202523
0.124502769955
0.123919549715
0.123627210934
0.123413578955
0.123276989944
0.123436393731
0.123873603513
0.124436520615
0.12509768348
0.125695627977
0.126085276051
0.125725899734
0.125902775329
0.21048941654
0.210222886493
0.209346592121
0.208178650946
0.206824216668
0.20540617358
0.204002970524
0.202668958054
0.201442705467
0.200346297265
0.199389848401
0.198574127213
0.197892915192
0.197332569505
0.196892906186
0.196594023986
0.196379151183
0.196223183389
0.196099950118
0.195996850208
0.195895732236
0.195789122598
0.195674980536
0.195557349524
0.195441377793
0.195333066728
0.195241746823
0.195198673447
0.195276862354
0.195524753477
0.195914544821
0.196379248622
0.196895481598
0.197440710954
0.197984168461
0.198490094857
0.198930295662
0.199254661527
0.199460680929
0.199464093037
0.199283354651
0.198901231715
0.197993990657
0.196567511054
0.194714176462
0.192526575071
0.190122157511
0.187584615247
0.184977550398
0.182319048053
0.179642402055
0.176923005219
0.174139263564
0.171259017557
0.167861884722
0.164154049404
0.160234052461
0.156135612942
0.151860466722
0.147455017589
0.14288717753
0.138396211572
0.134268942585
0.130769909375
0.12804736342
0.126121223923
0.124912406177
0.124253252913
0.123920849023
0.123841176052
0.123695204921
0.123631971172
0.123843507741
0.124285882132
0.124792707459
0.125337702625
0.125795678886
0.126102500366
0.125726984065
0.126046967309
0.212428522904
0.21215914838
0.211224306886
0.209962480414
0.2084914195
0.206945395174
0.205409727383
0.203943161245
0.202586454564
0.201363577664
0.200286168527
0.199355947532
0.198568072311
0.197911370133
0.197376703688
0.196977992572
0.196689282195
0.196474887648
0.196293767295
0.196148040453
0.196014005974
0.195879117078
0.195741174384
0.195606243579
0.195482290415
0.19538416295
0.19533881676
0.195406773169
0.19562066069
0.19602163043
0.196527914253
0.197102068905
0.197723072737
0.198364833947
0.19899627165
0.199580789028
0.200090018743
0.200466133084
0.200718197928
0.200720730226
0.200552011215
0.200072028605
0.198968361341
0.197295363435
0.195185776446
0.192750961666
0.190115585811
0.187356928536
0.184531954254
0.181644640644
0.178728830906
0.175746416044
0.172684760377
0.169484658433
0.16599336477
0.162248845817
0.158293852779
0.154168770062
0.149865587706
0.145439034017
0.140837781853
0.136398813639
0.132446303679
0.129247605535
0.126911960262
0.125398220828
0.124553848696
0.124145653635
0.124093487023
0.12400545367
0.123907029558
0.123943520655
0.124229359938
0.124641809705
0.125096727152
0.125556474652
0.125919659097
0.126193481258
0.125959639255
0.126205374799
0.214460563157
0.214194755414
0.213211780675
0.211866245425
0.210288437174
0.208622683712
0.206961179796
0.205366763654
0.203882334761
0.20253370262
0.201334114415
0.200286659535
0.199387421476
0.19862689062
0.197991612776
0.19747828332
0.197093827219
0.19680513039
0.196562816655
0.196355989627
0.196169538826
0.195984080157
0.195805744177
0.195653572384
0.195541329671
0.195502685918
0.195586147476
0.195820986748
0.196210851123
0.19673246985
0.197345588313
0.198024490608
0.198745405126
0.199480497435
0.200198413034
0.200861492451
0.201441060076
0.201871109151
0.202175334045
0.202172974729
0.202037710021
0.201404582117
0.200072669396
0.198121587177
0.195736135185
0.193045539626
0.190177151207
0.187198876483
0.184161778791
0.181055980054
0.177923248395
0.174712746418
0.171426551507
0.168006911419
0.164383739003
0.160558700141
0.156544270034
0.152375944626
0.14803203853
0.14358051093
0.138944331663
0.134586929247
0.130852786232
0.127997841762
0.126067499076
0.124925864416
0.124357502031
0.12424192968
0.124254181919
0.124162796237
0.124088581529
0.124196953961
0.124527782843
0.124911178713
0.125324466553
0.125722432312
0.126018020898
0.126247114063
0.126156724782
0.126327991829
0.216545773065
0.21629103968
0.215274368362
0.213861022582
0.212193065787
0.210422532144
0.20864794569
0.206935778809
0.205330977648
0.203861208232
0.202541465975
0.201376614154
0.2003640038
0.199495515805
0.198758489528
0.198140863309
0.19763495438
0.197223134728
0.19693378523
0.196686608184
0.196429893135
0.196177718186
0.195952077217
0.195810389232
0.195768718665
0.195876157338
0.196145167171
0.19653241945
0.19704718293
0.197671165617
0.198381207806
0.199154910339
0.199967827228
0.20079135723
0.201593016474
0.202333824613
0.202984628555
0.203471456832
0.203835158431
0.203825572935
0.203755473913
0.202893943277
0.201301303233
0.199041164523
0.196363499205
0.193411985996
0.190311245801
0.187116844039
0.183874866455
0.180561034029
0.177231574091
0.173818182429
0.170341523401
0.166742440254
0.162984971203
0.159064281621
0.154975463248
0.150752795653
0.146359182063
0.141880831028
0.137207507277
0.132964119878
0.129492548755
0.127023435006
0.125492652535
0.124646976188
0.124317365904
0.124410702908
0.12436995656
0.124305447207
0.124254499375
0.124393853346
0.124734592227
0.125096979019
0.125475522543
0.125827437133
0.126078138721
0.126266806374
0.126361320072
0.126448037062
0.218633976918
0.21839799159
0.217365998065
0.215907215173
0.214173659378
0.212321365258
0.210453807095
0.208640392235
0.206927965953
0.205346163018
0.203912058851
0.20263287227
0.201508224462
0.200532168277
0.199694540722
0.198983137457
0.19838471488
0.197882919979
0.197475652512
0.197122420404
0.196824138386
0.196604315615
0.196483517606
0.196478955974
0.196569089219
0.196751984016
0.197074270797
0.197537619537
0.198130729233
0.198833958825
0.199626212975
0.200484639167
0.201383034693
0.202290716609
0.203173110155
0.203990189185
0.204712423485
0.205259299522
0.205690274846
0.205674032728
0.205710800118
0.204527391978
0.202640176925
0.20004244667
0.197061050972
0.193847110015
0.190516925909
0.187111191878
0.183672073016
0.180159714332
0.176651243087
0.173053036217
0.169409699412
0.165653525336
0.161765992446
0.157743889182
0.153572996188
0.149290215336
0.144841575397
0.140337264617
0.135624530389
0.131532321519
0.128370849485
0.126312024703
0.125114523762
0.124495668433
0.124522091001
0.124513075432
0.124489842808
0.124438587332
0.124402853165
0.124548300667
0.124880133139
0.125220858659
0.125567756946
0.125884408153
0.126111509494
0.1262837805
0.126602659165
0.126578697525
0.22066383263
0.220454248143
0.21942932034
0.217954667809
0.216189128875
0.21428739159
0.212355424153
0.210464556186
0.208663326731
0.206983562916
0.20544495575
0.204057799734
0.202824995886
0.201743793754
0.200807202835
0.200005701948
0.199328117002
0.198761896411
0.198299087028
0.197924558642
0.197637506591
0.197456681984
0.197384626221
0.197413081227
0.197542996184
0.197790836314
0.198181713922
0.19871877615
0.199388823115
0.200172527831
0.201048241793
0.201991511924
0.202974057568
0.203963256352
0.204922804174
0.205812903664
0.206604440059
0.207213681273
0.207718642401
0.207700203398
0.207892387299
0.206282769151
0.20406573005
0.201106550659
0.197816508947
0.194342655319
0.190788015733
0.187176900629
0.183548672205
0.17984631237
0.176174654814
0.172404526892
0.168612059198
0.164712300041
0.160700294033
0.156576828756
0.152321391754
0.147976630841
0.143470939392
0.138943978376
0.134189392971
0.130296682719
0.127503203497
0.125828465105
0.124835884998
0.124640752677
0.124678723836
0.124633761776
0.124603432432
0.12455727562
0.124529624228
0.124667500228
0.124980984364
0.125300110961
0.125620066072
0.125911777658
0.126133367162
0.12631321523
0.126809160775
0.126699488909
0.222566623561
0.222389594571
0.221397501103
0.219944247106
0.218190194434
0.216281403252
0.21432271473
0.212386016316
0.210521262269
0.208762793434
0.20713361463
0.205647932454
0.204312850788
0.203129771796
0.20209564478
0.201204455211
0.200448328593
0.199818330481
0.199306780691
0.198904966103
0.198609720455
0.198431625688
0.19837644262
0.198442454445
0.198635991852
0.198966450693
0.19944061647
0.200057275201
0.200806788529
0.201672374858
0.202631922772
0.20365887895
0.204722707047
0.20578892202
0.206819546341
0.207776483325
0.208631582866
0.209302026643
0.209882438111
0.209869106625
0.210263870444
0.208125858128
0.205544674718
0.202207453796
0.198612097809
0.194885485394
0.191113635515
0.187304519107
0.183495704276
0.179611279096
0.175791227771
0.171858558248
0.167931133026
0.163897130997
0.159766503024
0.155544606067
0.151205026932
0.146799005735
0.142237372386
0.137692323118
0.132892664886
0.12926348806
0.126894574708
0.125550502212
0.124756249917
0.124863857729
0.124789945319
0.124740354382
0.124705427931
0.124663676348
0.12464008734
0.124757699063
0.125042833317
0.125347783945
0.125648950629
0.125927287917
0.126157872658
0.126364675578
0.126954001162
0.126813604525
0.224268605305
0.224128003234
0.223197627504
0.221811471003
0.220122430049
0.218258896064
0.216320136072
0.214376914151
0.212480224468
0.21066732048
0.208965369899
0.207393490576
0.205964004747
0.204683449655
0.20355357648
0.202572575718
0.201736214611
0.201038943951
0.200475460581
0.200041270286
0.199735051278
0.199565315118
0.199537841302
0.199650269509
0.19990411878
0.200303592278
0.200850869142
0.201543242921
0.202371105217
0.203317270294
0.204358088672
0.205464641233
0.20660423218
0.207740454034
0.208833826471
0.209850038102
0.210759288698
0.211482230432
0.21212770742
0.212125407588
0.212753913579
0.210004832724
0.207033178426
0.203312255081
0.199424706428
0.195458080503
0.191479087272
0.18748134851
0.183501299432
0.179442643686
0.175488712
0.171400715716
0.167350844808
0.163189749063
0.158946225387
0.154630116699
0.150208012659
0.145742995446
0.141129145993
0.136570377746
0.1317287004
0.128448277355
0.126483523666
0.125316452878
0.125142991692
0.125012299336
0.124915997368
0.124844797007
0.124800099106
0.124761132415
0.124739455443
0.124829985521
0.125079977876
0.125377990143
0.12566966748
0.125947006026
0.12619899507
0.126446349997
0.127066154807
0.126955330174
0.225698033659
0.225592977034
0.224756562059
0.223492933042
0.221931485422
0.220173718553
0.218309004358
0.216405049821
0.214513382498
0.212674603803
0.210921014705
0.209277819728
0.207763746348
0.20639157404
0.205168827962
0.20409878583
0.203181652283
0.20241589313
0.201799725067
0.201332218605
0.201014320529
0.200851965669
0.200848189194
0.200998971357
0.201304078687
0.201765747982
0.202383415298
0.203151185949
0.204056761182
0.205081051762
0.206198618702
0.207378341922
0.208585498741
0.209781093226
0.21092482055
0.211989374138
0.212935168697
0.213690421293
0.214377028738
0.214387011207
0.215244312769
0.211840209197
0.208475058311
0.204382431278
0.200227249076
0.196039983589
0.191867366945
0.187692917921
0.183552075154
0.179327538931
0.175254284239
0.171016631161
0.166856108072
0.162573977055
0.158223097982
0.153817358384
0.149314308272
0.144793108885
0.140130768326
0.135557824753
0.130691936044
0.127878804893
0.126299381125
0.125288237351
0.125448488463
0.125204397283
0.125052660015
0.124951939603
0.124893152566
0.124855603259
0.12483519307
0.124894554071
0.125102802859
0.12540152162
0.125694119104
0.125983273928
0.126267575181
0.126561922415
0.127174155304
0.127170285292
0.226792654199
0.22671391056
0.226012168036
0.224937275947
0.223570795464
0.221983232656
0.220250785208
0.21843573906
0.216589424153
0.214756136519
0.212974295336
0.211276465946
0.209689094335
0.208232404292
0.206920704625
0.205763197689
0.204765172554
0.203929501007
0.203258249716
0.202753872589
0.202419936003
0.202260179188
0.20227523792
0.20246008336
0.202812946844
0.20333324846
0.2040171234
0.204855515386
0.205833501691
0.206929915189
0.208117328416
0.209362237237
0.210627204377
0.211867623969
0.213040976598
0.214124175566
0.215047743427
0.215787586116
0.216496389803
0.216533182454
0.217571692528
0.213525488514
0.209807211915
0.205380274419
0.20099340801
0.196611150522
0.192261661318
0.187924884764
0.183634425393
0.17925286682
0.175074836828
0.170692400111
0.166432660828
0.16203527472
0.157582393063
0.153091314722
0.148508205416
0.143933744327
0.139223378447
0.13462887701
0.129770052705
0.127479442393
0.126147640932
0.125855095956
0.125596328832
0.125372081872
0.125189303511
0.125064784039
0.124992932989
0.124956977265
0.124938420309
0.124962895432
0.125119327345
0.125424453111
0.125729940592
0.126044545204
0.126372557698
0.126724238624
0.127336006305
0.127538315985
0.227497503506
0.227417730708
0.226929057834
0.226120008691
0.225010862447
0.223654309518
0.222110861897
0.220433997254
0.218673591861
0.2168776211
0.215091427094
0.21335618651
0.211707406718
0.21017396469
0.20877791866
0.207535070231
0.206456171054
0.205548684435
0.204818931321
0.204273534155
0.203919704216
0.203759214255
0.203789537489
0.204004025974
0.204399029293
0.204971205077
0.205713831413
0.20661519521
0.207657954823
0.20881883952
0.210068546363
0.211371615209
0.21268771259
0.213963220789
0.215150731479
0.216207767089
0.216985903057
0.217593463523
0.218301286032
0.218427321392
0.219589160408
0.214968657749
0.210982517869
0.20628184142
0.201704950223
0.197156194706
0.192648232261
0.188165389987
0.183736354073
0.179206548268
0.174937652006
0.170415262275
0.166067601259
0.161561266503
0.157011231771
0.152437756103
0.147773922536
0.14314812451
0.13838462968
0.133765205625
0.128981240394
0.127235335285
0.126036818575
0.12621473363
0.125797125557
0.125523892378
0.125316907107
0.125177291294
0.125095918356
0.125058346773
0.1250439969
0.125057580225
0.1251718847
0.125444547447
0.125780989203
0.12613745256
0.126524528121
0.126953261979
0.127601851446
0.128050650316
0.227821326876
0.227686230633
0.227541364446
0.227057257512
0.226246078534
0.225167537428
0.223861048963
0.22236610944
0.220728534163
0.218999175186
0.217230766506
0.215474226759
0.213775405565
0.212172980036
0.210697603671
0.209372132767
0.20821277105
0.207231245703
0.206438420344
0.20584662424
0.205468060971
0.205302561397
0.205343441891
0.205581925076
0.206012486395
0.206629264298
0.207422799287
0.208378737002
0.20947738879
0.210693684467
0.211997281627
0.213352566469
0.21471882725
0.216037494737
0.217266299225
0.218309426416
0.218936851497
0.219263830761
0.219790960583
0.220042518737
0.221295134811
0.216164571316
0.211996918303
0.207085687768
0.202354939607
0.197665650798
0.193017283483
0.188406554707
0.183850166474
0.17918146409
0.17483494849
0.170177985874
0.165752323271
0.161143659363
0.15649954752
0.151843361477
0.147094098976
0.142412330127
0.137580133056
0.132944652631
0.128282371238
0.126913763745
0.126232585361
0.126188158735
0.125848067947
0.125590952124
0.12540091491
0.125275874807
0.125206240694
0.125180207154
0.125181880818
0.12520212672
0.125274833334
0.12547819567
0.12584651452
0.126268208692
0.126735138465
0.127261798986
0.127971211893
0.128624992306
0.227935456648
0.228017879346
0.228062908131
0.227815662928
0.227297530564
0.226518871652
0.225480939214
0.224200860098
0.222715210369
0.221075821401
0.21934293855
0.2175782103
0.215838994795
0.214174782293
0.212625533472
0.211221342853
0.209983184471
0.20892528493
0.208062892719
0.20741773919
0.207009812316
0.206836164278
0.206883826318
0.20714088091
0.207600011379
0.208253236402
0.209088548346
0.210088981956
0.211232559158
0.212492659541
0.213838676591
0.21523688349
0.21665105939
0.218033106488
0.219368238932
0.220439875992
0.221045908222
0.221214521663
0.22140606166
0.221571782298
0.222863287123
0.217199984308
0.212880878165
0.207803214449
0.202941908613
0.198132112232
0.193359546386
0.188641283973
0.183970550457
0.179175693935
0.174766085379
0.169982489589
0.165483929033
0.160778212297
0.156040402931
0.151297937973
0.146453510315
0.141695681113
0.136751975336
0.132095300556
0.127556496028
0.126459977695
0.126290172023
0.12599990889
0.125750530005
0.125548791357
0.125413239306
0.125338298277
0.12531228749
0.125324799073
0.125363812871
0.12541779306
0.125490043613
0.125630484328
0.125939100149
0.126441550757
0.127016007785
0.127659936941
0.128443680442
0.129241415802
0.228238347032
0.228467837884
0.228492409797
0.228415439466
0.228177881492
0.22770491482
0.226953306708
0.225908687615
0.224593188938
0.223058058037
0.221371393403
0.219606586047
0.21783350957
0.21611330394
0.214495882509
0.213018637978
0.211705724446
0.210567870688
0.209622925963
0.208912400017
0.208470263131
0.208287191271
0.208339585807
0.208611146853
0.209093107735
0.209775751975
0.210644562099
0.211679807858
0.212857030946
0.214147815729
0.215520960603
0.216944245832
0.218387266396
0.219823748933
0.221280940254
0.222494749097
0.223051543101
0.22317905997
0.223216036751
0.223157955041
0.224416894163
0.218139790761
0.213652421
0.208439792593
0.203463002694
0.198547492031
0.193663124069
0.188854264415
0.184074871267
0.179164023386
0.174706332881
0.169809928716
0.165247278871
0.16045727647
0.155629225358
0.150800022181
0.145854195106
0.140991573529
0.135861439162
0.131052850499
0.126233785638
0.125295039802
0.125873268652
0.125695301323
0.12553148797
0.125396162466
0.125329579402
0.125329900014
0.125375864698
0.125458876224
0.125565924659
0.125676971504
0.125788002369
0.12593319039
0.126188007149
0.126677278308
0.127376562213
0.128160468542
0.129032263701
0.129878925617
0.228634909353
0.228722213201
0.228719903359
0.22885356008
0.228891179613
0.228726025263
0.22826717932
0.227463639067
0.226322169684
0.224893460363
0.223254568831
0.221491809728
0.219688193883
0.217917040144
0.216239055527
0.21469993186
0.213326400619
0.212108165087
0.211060288476
0.210274173134
0.209802650778
0.209613102706
0.209665273003
0.209942075732
0.210436697083
0.211138720961
0.212030910056
0.21309025621
0.214289292852
0.21559711721
0.216980546962
0.218405734482
0.219840507186
0.221253964206
0.222628336705
0.223927324917
0.224652394283
0.224791745402
0.224806108178
0.224645191519
0.225750692373
0.218941493814
0.214298238134
0.20899233274
0.203916450872
0.198910015043
0.193925521515
0.189028606403
0.184100903655
0.179036433147
0.174544877166
0.169566773816
0.164990841764
0.160170625496
0.155271172646
0.150363518928
0.145324907622
0.140343205262
0.134980330401
0.129933264287
0.124559927342
0.124027226161
0.124923176403
0.125066244925
0.125170353601
0.125172377155
0.125157377689
0.125244525511
0.125387072781
0.125587049925
0.125824864008
0.126028730569
0.12619553442
0.126398466743
0.126671301891
0.127111374592
0.127836198791
0.128760363816
0.129729904768
0.13051819952
0.228943804382
0.228881356442
0.229045927163
0.229208527666
0.22946249599
0.229599133919
0.229421963436
0.228845080925
0.227862959617
0.226526397632
0.2249236491
0.223155343775
0.22131762261
0.219495984372
0.217763127505
0.216176009586
0.214768347451
0.213440968627
0.212206804236
0.211339823634
0.21089559972
0.210744577869
0.2108164283
0.211101479132
0.211601566741
0.212309796744
0.213209366963
0.214276356009
0.215481690973
0.21679224823
0.218171802038
0.21958258808
0.220988264165
0.222358369159
0.223694621922
0.224905435045
0.22569773995
0.225939395464
0.226054470942
0.226031999096
0.226819110184
0.219610666971
0.214806209903
0.209454550592
0.204303458697
0.199231831367
0.19417924553
0.189200884359
0.184037193166
0.178709099484
0.174197043003
0.169176841114
0.164696260627
0.15994843199
0.155000133383
0.150016446553
0.14490138641
0.139802345605
0.134236522268
0.129147620948
0.123737562792
0.123917169077
0.12426465894
0.124566267883
0.124795621631
0.124971227282
0.125130858293
0.125314267139
0.12554371577
0.125844640811
0.126173214345
0.126368521261
0.126536676526
0.126819870446
0.127183341424
0.127702013067
0.128457908646
0.129437093727
0.130513412922
0.131221434614
0.229272844814
0.229198168662
0.22928011494
0.229519854148
0.22995778127
0.230357695312
0.230417586748
0.230030564583
0.229178141736
0.22791055876
0.226329192266
0.224548111562
0.222674402311
0.220804756323
0.2190276675
0.217433965617
0.21619330046
0.214807885281
0.21313009705
0.212037821723
0.21160353494
0.211471587377
0.211553738515
0.211849847761
0.212365186719
0.21309303373
0.214015439477
0.215106428574
0.216334077617
0.217661509983
0.219047544707
0.220447604153
0.221815375853
0.223105341621
0.224278527759
0.225297879756
0.226137069542
0.226598151846
0.226797630598
0.226923420288
0.227714499651
0.220205389604
0.215158749552
0.209805604053
0.204615274723
0.19951882711
0.194466004233
0.189481611437
0.184169001196
0.178742275736
0.174091847622
0.169106318732
0.164593659081
0.159889195219
0.154862599548
0.149778251804
0.144588679423
0.139378748536
0.133745457364
0.128827887816
0.123019644415
0.123943931415
0.124092061831
0.124395466463
0.124678569741
0.124927591005
0.125159688553
0.125397302
0.125656481876
0.125948314448
0.126257587845
0.126555965839
0.126907461176
0.127371755094
0.127959250863
0.128555478435
0.129250688164
0.130214028865
0.131322115097
0.132007683234
0.229535537967
0.229443245468
0.229484983222
0.229864339152
0.230447437322
0.231044562198
0.231257647463
0.23098542622
0.230187322678
0.228928403871
0.227331018632
0.225517359972
0.223598037695
0.221671966578
0.219822429037
0.218110803367
0.216575446739
0.215097055497
0.213740183568
0.212792802222
0.21229407755
0.212111216063
0.212174800896
0.212469764538
0.21299135839
0.213728185456
0.214659871439
0.215758496902
0.216990005177
0.218314889063
0.219688603607
0.221062137397
0.222383221671
0.223598383028
0.224656646063
0.225512551023
0.226137114338
0.226534776598
0.226843536517
0.227089594427
0.227645847459
0.220583012926
0.215341178409
0.210022289078
0.204825636225
0.199734477269
0.194732336702
0.189849976518
0.184874449908
0.180571616529
0.175008154514
0.17053427973
0.165023077162
0.160004147503
0.154837597788
0.149638968943
0.144362732382
0.139026158898
0.133519646627
0.129141374015
0.121872743534
0.12321912904
0.123709693319
0.124181186186
0.124546794161
0.124859334935
0.125148318317
0.125435085886
0.125733389352
0.126049761066
0.12637908084
0.126722383017
0.127116456973
0.127609688661
0.128239590351
0.129010899795
0.129950164671
0.131076479587
0.132177881334
0.13277461694
0.229654916545
0.229588479257
0.229686729201
0.230132842696
0.23089667627
0.231531099588
0.231884425568
0.231763268993
0.231002856624
0.229722020772
0.228084306452
0.226220219988
0.224242864512
0.222254896406
0.220341395667
0.218563583049
0.216957221598
0.215509436782
0.214252068236
0.213296984205
0.212703955277
0.212441870832
0.212462188492
0.212735047912
0.213243449121
0.213970212593
0.214892338433
0.215980410708
0.217199238486
0.218508354388
0.219862360486
0.221211557124
0.222503192784
0.223683743548
0.224702667438
0.225517983729
0.226105767417
0.226472120385
0.226660324765
0.226689648761
0.226800867786
0.220793986459
0.215413020876
0.210107721138
0.204912310344
0.199827306308
0.194857212081
0.190043949005
0.185418425505
0.181717716845
0.175872186755
0.171468876942
0.165450895883
0.160100284882
0.154841730572
0.149584210209
0.144255370766
0.138799270297
0.133060506031
0.126981629407
0.117685448233
0.122047649607
0.123298523234
0.123989451709
0.124445837146
0.124810004608
0.125133581726
0.125444534852
0.125760510829
0.126090870297
0.126439005051
0.126814848659
0.127245250938
0.127763122471
0.128397986378
0.129199117869
0.130277282863
0.131694747383
0.133021189781
0.133568528576
)
;

boundaryField
{
    frontAndBack
    {
        type            empty;
    }
    upperWall
    {
        type            zeroGradient;
    }
    lowerWall
    {
        type            zeroGradient;
    }
    inlet
    {
        type            zeroGradient;
    }
    outlet
    {
        type            fixedValue;
        value           uniform 0;
    }
}


// ************************************************************************* //
