/*--------------------------------*- C++ -*----------------------------------*\
| =========                 |                                                 |
| \\      /  F ield         | OpenFOAM: The Open Source CFD Toolbox           |
|  \\    /   O peration     | Version:  v1806                                 |
|   \\  /    A nd           | Web:      www.OpenFOAM.com                      |
|    \\/     M anipulation  |                                                 |
\*---------------------------------------------------------------------------*/
FoamFile
{
    version     2.0;
    format      ascii;
    class       volScalarField;
    location    "200";
    object      pa;
}
// * * * * * * * * * * * * * * * * * * * * * * * * * * * * * * * * * * * * * //

dimensions      [0 2 -2 0 0 0 0];


internalField   nonuniform List<scalar> 
6400
(
-0.0950268144722
-0.147345456403
-0.226929838562
-0.289559027256
-0.289391096294
-0.233789643323
-0.144909443655
-0.0445992608196
0.0464620137302
0.12888787802
0.204312073145
0.270761391561
0.326088507893
0.369831677637
0.402815135186
0.426312986077
0.441626913943
0.449976389105
0.452495457759
0.450221054414
0.444074638241
0.434846531754
0.423194682804
0.409659086304
0.394680176395
0.378623226797
0.361792447883
0.344448936274
0.326815336571
0.309091123415
0.291460742338
0.274138745989
0.257436848604
0.241895570386
0.227929741415
0.21360886618
0.188706989615
0.145338489457
0.0840822700555
0.0111050594797
-0.0683570500008
-0.151357849578
-0.236428295425
-0.322679185989
-0.409402970824
-0.495979773883
-0.581866986221
-0.666588223894
-0.749708979495
-0.830817538538
-0.909497755173
-0.985316303082
-1.05780033659
-1.12643443915
-1.19064911784
-1.24983251134
-1.3033373993
-1.3505126417
-1.39073276845
-1.42344745668
-1.44822756561
-1.46481983385
-1.47319129532
-1.47356717187
-1.46644964746
-1.452617475
-1.43310085073
-1.40913467236
-1.38208332294
-1.35336126299
-1.32428638178
-1.29603090481
-1.26923778156
-1.24435819017
-1.22008704338
-1.19680140994
-1.16897839347
-1.14782423036
-1.1161451702
-1.15415130045
-0.219007506019
-0.311829629334
-0.355150740364
-0.381206430959
-0.339340120107
-0.194121312569
0.0419507298468
0.32102703823
0.64055104374
0.997106063225
1.38268481331
1.78724149399
2.20130499017
2.61732012815
3.02970905178
3.434345032
3.82813584181
4.20876649546
4.57458763445
4.92447988913
5.25774901587
5.57399169756
5.87301493572
6.15475238955
6.41922823315
6.66651474996
6.89671634467
7.10994655278
7.30631800961
7.48593280309
7.64887418068
7.79519606304
7.92491536975
8.03820817342
8.13698548949
8.22999183459
8.33679051431
8.45502618815
8.56532115283
8.65859625867
8.73318737174
8.78850874748
8.82361769608
8.83749174548
8.82921905483
8.79804715944
8.74333437603
8.66454709288
8.56123748572
8.43305358994
8.27973203221
8.10110858532
7.8971279998
7.6678645968
7.41355945725
7.13466055155
6.83188913533
6.50629593039
6.15934031483
5.79293914722
5.40952251958
5.01203578061
4.60392769511
4.18906906213
3.77164668729
3.35599178453
2.94639434258
2.54687663922
2.16098533948
1.79156489169
1.44061429879
1.10906540618
0.79693630871
0.502785466713
0.225468991419
-0.0391921127706
-0.285765493421
-0.524071356047
-0.683395339698
-0.885667586668
-0.284512705359
-0.34974244543
-0.35743429846
-0.342435872048
-0.309957798817
-0.239272389084
-0.133143663985
-0.00327146045324
0.14117794094
0.292547826931
0.443750344251
0.588525969436
0.721769611161
0.83997968413
0.941294872288
1.02508681209
1.09148404618
1.14107752871
1.17476409005
1.19365090916
1.19895843591
1.19194170753
1.17382504535
1.14577001291
1.10885624195
1.06408155188
1.01236247539
0.954542327036
0.891396418218
0.823640206746
0.751936093454
0.676885337712
0.598956196431
0.517944852581
0.431050156764
0.329137555573
0.210156670355
0.0903452039355
-0.0188684795451
-0.117690371555
-0.207751819129
-0.289143555371
-0.361246357035
-0.423376630948
-0.4749337557
-0.515445654363
-0.54459957335
-0.562281677766
-0.568590168244
-0.563848522736
-0.548604344145
-0.523633534866
-0.489939225284
-0.448754144941
-0.401540859459
-0.34998822416
-0.296002428844
-0.241682406834
-0.189281627468
-0.141142012705
-0.0996077238857
-0.0669077117713
-0.045023909677
-0.0355428327101
-0.03951625437
-0.0573363951081
-0.0886515017373
-0.132329191804
-0.186475246319
-0.248538376949
-0.315423701545
-0.383858676832
-0.450408798263
-0.512856990825
-0.568346251804
-0.620179157871
-0.658073593124
-0.7037318069
-0.640167222477
-0.778287554779
-0.412065874677
-0.360426536631
-0.393838083279
-0.405892135798
-0.334396957103
-0.231824717624
-0.113042855348
0.0239764696244
0.1730807862
0.327347414735
0.483076837236
0.637936953613
0.789770291249
0.936937884164
1.07864126216
1.21472323748
1.34533728208
1.47074872033
1.59127671216
1.70726818209
1.81907602754
1.92702689223
2.03140611594
2.13244881703
2.23034725986
2.32525671984
2.41730647942
2.50660503797
2.59324457645
2.67730199058
2.75882436388
2.83783073753
2.91427067109
2.98843401614
3.06170366707
3.13865797349
3.20697354777
3.26053904304
3.30396725725
3.33818464679
3.36150059505
3.37272591932
3.3714467965
3.35753768197
3.33095678453
3.29176047325
3.24012690911
3.17636861641
3.10092570682
3.01436371265
2.91736582676
2.81072739513
2.69534765507
2.57221821071
2.44240854888
2.30704096819
2.16726024618
2.0241872836
1.87886818958
1.73221034726
1.58492426768
1.43746826639
1.2900193823
1.14246973879
0.99446828795
0.845500428902
0.695015751277
0.542580906562
0.388073231729
0.231849461458
0.0750102420234
-0.0805800839716
-0.23165638026
-0.374696891694
-0.502433313041
-0.613343949954
-0.683861668067
-0.741894764103
-0.607449008398
-0.7805687688
-0.638857317094
-0.281130247029
-0.384746686533
-0.387382953826
-0.232413985053
-0.0924413614435
0.0167548298036
0.122427209354
0.227736483131
0.328843668077
0.425291245043
0.517451144926
0.604744567143
0.686246585831
0.761306976135
0.829569579252
0.890807341683
0.944851038945
0.991593961761
1.03100767949
1.06313428602
1.08807046241
1.10594858626
1.11692696542
1.12118191492
1.11890514077
1.1102993463
1.09557535169
1.07494790509
1.04862969107
1.01683115185
0.97973973868
0.937530817063
0.890141662383
0.837345648263
0.779353460973
0.725891859613
0.678429230521
0.638192809623
0.605958783038
0.581367162239
0.563865898126
0.553091668506
0.548681678054
0.550123172823
0.556740922021
0.56773284855
0.582197545647
0.599155289282
0.617568865843
0.636364631734
0.654457292102
0.670772777228
0.68427641329
0.693998305643
0.699064807321
0.698724983995
0.692379528714
0.679597989756
0.66012953042
0.633893285035
0.60095467636
0.561480073967
0.515681921437
0.463756955782
0.405833963461
0.341941664835
0.272002913301
0.195882417243
0.113435073152
0.0247120052651
-0.0700751793339
-0.169701150156
-0.273208686873
-0.374923869338
-0.476532556899
-0.549147065502
-0.634814614672
-0.477491971967
-0.757811940666
-0.822061458424
0.00163792843293
-0.267333009239
-0.252728074616
-0.0508640021455
0.0734370826389
0.1422553158
0.204832811843
0.26761242694
0.328466387054
0.388766795599
0.449859797306
0.511542551269
0.572987449616
0.633454741538
0.692385175147
0.749326528093
0.803909277041
0.855860312122
0.905007065651
0.951266283885
0.994623172193
1.03511407619
1.07281239995
1.1078211783
1.14026742323
1.17030002442
1.19808755823
1.22381801547
1.24769817163
1.26995705114
1.29085506381
1.31073190242
1.33007715156
1.34928590421
1.36544578116
1.37555492245
1.37912939842
1.37643777015
1.36798080634
1.3540527783
1.33491376641
1.31101429959
1.28297059557
1.25146147872
1.21717014668
1.18075725896
1.14283334125
1.10392959795
1.06446897911
1.02474776411
0.984921998536
0.945006343576
0.90487681678
0.864285915244
0.822881533774
0.780238526831
0.735894101225
0.689393658729
0.640336410313
0.588422748098
0.533490826711
0.475540778923
0.414736769976
0.351387777
0.285906289051
0.218755679805
0.150387221252
0.0812064050749
0.0115048666714
-0.0584429210188
-0.128613762864
-0.198416226774
-0.268594562464
-0.335276859861
-0.405661255967
-0.449375125877
-0.530856600073
-0.315788092746
-0.704833882707
-1.00449787237
0.437390555714
-0.0777766069501
-0.0476361883674
0.147796765057
0.214378651657
0.228935454853
0.246930297402
0.270669339847
0.297782667295
0.329517822105
0.366357970428
0.407287605106
0.450863783709
0.495784637566
0.540947930843
0.585407635588
0.628361230521
0.669147951899
0.707239812108
0.742222346304
0.77377437736
0.801648805593
0.825658457616
0.845664738082
0.861570091913
0.873311961172
0.880858521171
0.884205338251
0.883372934176
0.87840535271
0.869366241597
0.856322826614
0.839321383773
0.818686249452
0.797573106798
0.777338803962
0.758416991501
0.741272185027
0.726293518568
0.713555952279
0.702852066589
0.693852676287
0.686187676328
0.679460079043
0.673262615287
0.667204880981
0.660937834217
0.654163009451
0.64663354055
0.638144145987
0.628518975982
0.617591712636
0.605187149197
0.59109891814
0.575073629855
0.556797338195
0.535894783412
0.511938009893
0.484472521928
0.453055527035
0.417308389089
0.376972724639
0.33196506202
0.282417081737
0.228694325631
0.171390855484
0.111287463455
0.0493196830387
-0.0135311763626
-0.0761808662024
-0.137814115512
-0.197039290035
-0.254354160684
-0.305216372902
-0.359476319558
-0.381858507011
-0.458819935831
-0.16749941657
-0.659179295437
-1.18891866161
1.00038583268
0.129558456318
0.166214407329
0.308651668604
0.301036184965
0.268252939416
0.254174813186
0.253055080849
0.261411479936
0.279310252868
0.305802892206
0.338983559813
0.37692651506
0.417990697188
0.460802935903
0.504215553339
0.547282792916
0.589240807758
0.629483472158
0.667538264039
0.70304312192
0.73572717959
0.765394459768
0.791911756891
0.815199367979
0.835224744494
0.851998102025
0.865569926198
0.876029461883
0.883507194043
0.888170325472
0.890240838188
0.889928186686
0.887427375679
0.881804939487
0.872602935109
0.859954375654
0.844248455686
0.825993341939
0.80570548865
0.783871476456
0.760967983255
0.737461413189
0.713777301636
0.690268247273
0.667199309313
0.644742655735
0.622980732204
0.601911420978
0.581460112246
0.561491394881
0.541823825418
0.522239762776
0.502494350209
0.48231723794
0.4614125882
0.43945386437
0.416080779923
0.39089864515
0.363487879647
0.333425715083
0.300322400138
0.263871268691
0.223902243172
0.180434273587
0.133713431562
0.0842165251512
0.032657183489
-0.0201118768116
-0.0730222465983
-0.125234961392
-0.175205301692
-0.223587088957
-0.265205433708
-0.312119462483
-0.323006711968
-0.406793480031
-0.0406373969112
-0.633140908767
-1.36995092747
1.67155929891
0.318970454114
0.367398488947
0.429278999075
0.352998377103
0.288120185074
0.254584764391
0.239351463863
0.238107374026
0.249474568856
0.271191153244
0.30069487453
0.335752039461
0.374519458641
0.415472064997
0.45735170979
0.499131052151
0.539978017924
0.57922394104
0.616335145659
0.650889639865
0.682556682183
0.711080605354
0.736267532368
0.757975649583
0.776107799585
0.790606290655
0.80144921367
0.808648380039
0.812247423373
0.812324699488
0.808999175985
0.80249358652
0.793264249542
0.782024434793
0.769083714071
0.754699800914
0.739134387311
0.722611891038
0.705297576389
0.687304265881
0.668724236917
0.649658845301
0.630227933999
0.61056702751
0.590818818181
0.571123018566
0.551601917584
0.532346525642
0.513402881335
0.494763733861
0.476363021828
0.458076618002
0.439725373855
0.421082794506
0.401883001911
0.381830624501
0.360608931128
0.337888888986
0.313337636667
0.286632896893
0.257480676547
0.225647679912
0.190996933294
0.153534287841
0.113446360273
0.0711100926546
0.0271288000167
-0.0177770009473
-0.0626520833639
-0.106865531408
-0.149033199722
-0.190277939413
-0.225215395021
-0.268357347037
-0.273163825936
-0.371857543213
0.0647208956441
-0.622647242092
-1.53136198716
2.43284457119
0.464205470657
0.548597224316
0.516557943801
0.387649219323
0.304414098645
0.259715553471
0.236902457228
0.231266421836
0.240012635996
0.259884150349
0.287916045933
0.321714568918
0.359356509849
0.399282147871
0.440230803174
0.481188740287
0.52134393526
0.560047891732
0.596785957627
0.631152658741
0.662832111626
0.691581682203
0.717219558678
0.739615069189
0.75868167054
0.774372049555
0.786674446968
0.79561139444
0.80123815595
0.803647927181
0.802968792593
0.799350956714
0.792818510774
0.783378872165
0.771199875116
0.756525169554
0.739663194202
0.720969253302
0.700811827661
0.679541839541
0.65747926081
0.634911117379
0.612091313297
0.589239198727
0.566540423695
0.544148463741
0.522186439797
0.500746135674
0.479885860419
0.459625752268
0.439943202891
0.420767396387
0.401976000784
0.383393026478
0.36479084195
0.345894932494
0.326392915963
0.305946968828
0.284206952471
0.2608304251
0.235500393957
0.207956854957
0.178015184946
0.145619927778
0.110882357654
0.0740935617761
0.0357038670397
-0.00372162930191
-0.0433095718276
-0.0826617381075
-0.120639719916
-0.158753850489
-0.191473719749
-0.235205461377
-0.24010852826
-0.356635603971
0.146258426071
-0.628718968506
-1.66147488107
3.25595634327
0.546266144168
0.713352525456
0.582187721502
0.419609415071
0.326794326048
0.275053592464
0.247931990436
0.240210907073
0.24773978104
0.266537464289
0.293384267223
0.325800247057
0.361847612862
0.399996784875
0.439039063629
0.478018932608
0.516179050536
0.552918889562
0.587762679453
0.620335220615
0.650342248278
0.677555519421
0.701800861163
0.722949471261
0.740911166786
0.755629721618
0.767079000889
0.775261247699
0.780202209105
0.781955916397
0.780587122042
0.776251575973
0.769241281091
0.759777301484
0.748021996008
0.734131330148
0.718285888535
0.700698325468
0.681603737325
0.661247464021
0.639879569878
0.617753520921
0.595121922799
0.572228275726
0.549297417833
0.526528042138
0.504087333066
0.482107969028
0.4606861148
0.439880621466
0.419711914928
0.400160961239
0.381167438887
0.362627618795
0.344392884786
0.326269948252
0.308022831
0.289379876922
0.270041359873
0.249696129558
0.228021920791
0.204731198558
0.179571237942
0.152344348146
0.122955747327
0.0915239969235
0.0581789374533
0.0230700850078
-0.0129919108995
-0.050276353763
-0.0880538493281
-0.127990636761
-0.164703056817
-0.213999197299
-0.23023311235
-0.357839489375
0.205640924501
-0.665866736663
-1.75130424733
4.108852217
0.557718132344
0.871766375572
0.635501475401
0.455995126318
0.357048644051
0.299893222933
0.270076973321
0.261231199861
0.267947811371
0.285711332237
0.311132315218
0.341701052476
0.375525404565
0.411161854105
0.447501430872
0.483684723045
0.519040328016
0.553040141785
0.585267586775
0.615393642486
0.643159312258
0.668362003975
0.690845659386
0.71049315384
0.727220841688
0.740974535287
0.751725984629
0.759471435097
0.764225321829
0.766026737644
0.764913645766
0.76102437065
0.754515165584
0.74553086551
0.73420155361
0.720675998013
0.705146335102
0.687841556036
0.669008389143
0.648896470277
0.627753007524
0.605823080556
0.583349300592
0.560568095381
0.537703644249
0.514961285688
0.492521511756
0.470534922366
0.449118637304
0.428354471221
0.408288721982
0.388932926391
0.370265541945
0.352232250829
0.334746882709
0.317691303244
0.300915793139
0.284241053995
0.267449633477
0.250311369109
0.232560021323
0.21388622704
0.193968526296
0.172455912952
0.148925842083
0.123476272765
0.0953120569572
0.0638783901707
0.029895181027
-0.00764794251272
-0.0491217590539
-0.0956411491143
-0.143296915199
-0.203662633112
-0.246317787911
-0.357896363605
0.242793768233
-0.755276867542
-1.79718248684
4.95924622833
0.501140632822
1.03512098878
0.681457272745
0.499043759317
0.393980254822
0.332386598875
0.300872166458
0.291278448212
0.297140413877
0.313548607004
0.337015988026
0.365068649892
0.395919384874
0.428258008227
0.46110839409
0.493729973459
0.525550694714
0.556122307911
0.585089421795
0.612168268618
0.637131367036
0.659796865955
0.680020677768
0.69769106917
0.712724543689
0.725063014843
0.734671007305
0.741534623465
0.745655841477
0.747060624092
0.745777911808
0.741950142516
0.735773996663
0.727373542403
0.71682954096
0.70423763997
0.68973530322
0.673496746693
0.655719724307
0.636616684872
0.616411223567
0.595336019054
0.573629272569
0.551528844695
0.529265384247
0.507055442352
0.485095264388
0.463555317069
0.442576024045
0.422265861777
0.402701488483
0.383929967562
0.365973681062
0.348832652674
0.332490666218
0.316916320714
0.302059572781
0.287860995821
0.274230842997
0.26102408499
0.248062562423
0.235030108991
0.221639716147
0.207217245973
0.190548583586
0.171836763815
0.149526817314
0.121876996655
0.0887565375711
0.0482440612105
-0.000969748542498
-0.0595088003777
-0.125008097372
-0.203485759244
-0.279700462253
-0.337633591947
0.220604360297
-0.883070298143
-1.79885520497
5.77916070192
0.387337893422
1.21250255817
0.720918142377
0.548446630611
0.435452372309
0.370587710276
0.338049704585
0.327788953106
0.332551476127
0.347142685667
0.368063380779
0.39295040896
0.420178871248
0.448609385374
0.477420961788
0.506002231117
0.533883326243
0.560692872762
0.586130777651
0.609950458709
0.631947475067
0.651951929194
0.66982373347
0.685449297341
0.698739601
0.709628330769
0.718070821185
0.724042376868
0.727535846553
0.728569210575
0.727174609884
0.723491318358
0.717688983841
0.709854548911
0.700044976715
0.688337837782
0.674847088119
0.659714540231
0.643100087688
0.625178806939
0.606141784889
0.586196237514
0.565562519696
0.544468555493
0.523142739144
0.50180654814
0.480667408653
0.459912423714
0.439703150725
0.420174093513
0.401433953901
0.383569584739
0.366656023687
0.350761777358
0.335959982236
0.322336608503
0.309990963099
0.299010969635
0.289497514204
0.281430416015
0.274937386505
0.269311018949
0.2642117171
0.259004525514
0.251822270102
0.241676900038
0.22638123658
0.202954843254
0.169266939515
0.122204017181
0.0603861581057
-0.0157899777339
-0.103871339108
-0.205162641153
-0.305025786175
-0.302226931095
0.106408332867
-1.01925280991
-1.75956628214
6.54659672266
0.231834551297
1.40871328651
0.752127328929
0.603364001287
0.479623265962
0.41307532232
0.379898176324
0.36888764728
0.372208624735
0.384475532773
0.402277279641
0.423436244516
0.446537273676
0.470637357008
0.49507968232
0.519380747576
0.543164597285
0.56612488984
0.588002950306
0.608575312272
0.627646803768
0.645047008855
0.660628636707
0.674266922949
0.685859613589
0.695326466626
0.702609921624
0.707671274428
0.710496681104
0.711082770228
0.709498365473
0.705911270167
0.70044371841
0.693161258704
0.68410364806
0.673328021256
0.660919364777
0.646983793717
0.631643355863
0.615036836911
0.597322798459
0.578680779805
0.559309532566
0.539422498376
0.519241795625
0.498990786742
0.478886585896
0.459133089955
0.439914460041
0.421394553867
0.403719921025
0.387026118764
0.371455714277
0.357167105358
0.344360854068
0.333275627144
0.324230973202
0.317520517896
0.313689800967
0.312514310237
0.31462403136
0.319515799008
0.326207447456
0.333718949988
0.339532713966
0.340567778295
0.33293308399
0.312607215484
0.275717569992
0.218728656336
0.141109024056
0.045474302358
-0.0639680668085
-0.186187792049
-0.299264973083
-0.284021095456
-0.112956964449
-1.12387258507
-1.68400099969
7.24641056064
0.0519007755249
1.62402104159
0.772529921709
0.663383405554
0.525071855544
0.458796479585
0.425039515885
0.41311272375
0.414610692355
0.424063292393
0.438254815246
0.455256852358
0.473898787529
0.493446490492
0.513404990307
0.533407349092
0.55315557941
0.572390369747
0.590876421925
0.608396418305
0.624749501385
0.639752042497
0.653239474055
0.665068056554
0.675116836345
0.683288020665
0.689509134326
0.693728207964
0.695924466264
0.696086356281
0.694314417479
0.690781393196
0.68556865935
0.678729019234
0.670304417021
0.660348561962
0.648930091665
0.636128333685
0.622032920606
0.606748110972
0.590398086223
0.573130263631
0.555115727564
0.536547012315
0.517634026344
0.49859739202
0.479661195213
0.461046390557
0.442962549449
0.425609590305
0.409183437607
0.393884823208
0.379951772146
0.367665998444
0.357415674143
0.349648994096
0.345117716396
0.344150924016
0.348042892474
0.357038756875
0.371480787992
0.391299713279
0.414693464464
0.439076882456
0.460459311296
0.473844306498
0.473687100524
0.454840100285
0.412782555089
0.345103436983
0.253323258592
0.142007504251
0.0137082234877
-0.134813601602
-0.279765692238
-0.333890482382
-0.404643159827
-1.1505260978
-1.57813893573
7.86953753311
-0.136005329926
1.85485954883
0.780145975703
0.728651525748
0.570615527217
0.506943488902
0.472345602557
0.459327218234
0.458621209371
0.464829777868
0.475031023064
0.487593195497
0.501611380117
0.516560740667
0.532095771201
0.54794704075
0.563872781267
0.579638734837
0.595012657137
0.609765834885
0.623677624326
0.636540787621
0.648166419017
0.658387776456
0.667063132652
0.67407691521
0.679342023024
0.682795599072
0.684411728239
0.684175998611
0.682211208326
0.678679981137
0.673637312009
0.66713307031
0.659220175374
0.649957860548
0.639407912102
0.627632623074
0.614697670935
0.600678496734
0.585667152799
0.569777732263
0.553149978376
0.535950114983
0.518370206531
0.500623044821
0.482936388035
0.465548548178
0.448698475915
0.432632203312
0.417612425069
0.403932962204
0.39197123618
0.382184236773
0.375288155954
0.371921771504
0.373555389453
0.381165500018
0.396211125579
0.419928631947
0.452235159684
0.492089606433
0.536404178128
0.580721931944
0.619143076898
0.644873683791
0.651254392275
0.632727682144
0.585497170275
0.508708290248
0.40406526047
0.272501686755
0.108493293547
-0.0942088717222
-0.304235299958
-0.46290248302
-0.668707884977
-1.08247777462
-1.44774083035
8.41219585201
-0.317690459693
2.09510462014
0.774373088605
0.799563015845
0.615129630151
0.556876209977
0.520858555309
0.506620339049
0.50335193067
0.505973239396
0.511926623199
0.519907734433
0.529285859812
0.539735152587
0.551039009321
0.563000750675
0.575409100726
0.588030952312
0.600616626701
0.61291026654
0.624660761237
0.63563145288
0.645607435341
0.654400097455
0.661849811044
0.667826439228
0.672231175082
0.674993248151
0.67608229349
0.675488946112
0.673333712309
0.669759484826
0.66481040434
0.658542921648
0.651026644225
0.642333208366
0.63252688096
0.621662391848
0.609789430619
0.596960065166
0.583236951369
0.568700904574
0.553458181056
0.537644560704
0.521429621579
0.505013962768
0.488626160257
0.472523850047
0.456982373809
0.442308809499
0.428859535934
0.417068575798
0.407526404149
0.400931690813
0.398540740813
0.401666130116
0.412246990311
0.43247079365
0.464050756729
0.50802027742
0.563502285876
0.627868208132
0.696117931381
0.761659675735
0.816616885886
0.852750773122
0.86276102519
0.840919443909
0.783354111823
0.687750524728
0.551670541669
0.370645322559
0.1404393647
-0.125648217189
-0.376862121196
-0.57447918046
-0.768602466736
-0.94311862324
-1.29861544979
8.87444601022
-0.482050098827
2.33737520645
0.756182491765
0.876323975982
0.657509732845
0.608104728794
0.569747180761
0.554255664213
0.548100448735
0.546892994898
0.548461794656
0.551847907014
0.556691995585
0.562847472814
0.57019998979
0.578596582953
0.587828696718
0.597640234695
0.607745735818
0.617850522542
0.627667956196
0.636932695006
0.645408496625
0.652891893787
0.659212424917
0.664231897123
0.66784317129
0.669969301574
0.670575879483
0.669658404746
0.667329644879
0.663698947971
0.658812818561
0.652737554006
0.645555672537
0.637351451608
0.628197998863
0.618152193221
0.607257014702
0.59554808831
0.583062609228
0.569849150919
0.555979362411
0.54155508715
0.526719840206
0.511658369579
0.496599230769
0.481824410686
0.467655922797
0.454494791856
0.442819797643
0.433304202519
0.426875337463
0.424820738121
0.428951887401
0.44168205563
0.465787234702
0.50394728768
0.557802301019
0.627461753674
0.710461664828
0.801967419652
0.894545775294
0.979192603263
1.04591689724
1.08479473075
1.0869127834
1.04442458828
0.950529890534
0.799643751273
0.588805455294
0.321784399421
0.0176916311058
-0.278371417792
-0.510084592731
-0.666881602325
-0.785419316397
-0.858409298628
-1.13573184017
9.25924757671
-0.621134953257
2.57416641492
0.727930658961
0.958617027256
0.696768855811
0.66027021385
0.618270336939
0.601632208321
0.592300338666
0.587130693341
0.584288803258
0.583174224182
0.583684806776
0.585826131044
0.589554694329
0.594729908154
0.601117689018
0.608416957916
0.616292634366
0.624406009675
0.632437481241
0.640101152484
0.647150677738
0.653379138674
0.658615386126
0.66272055323
0.665581770441
0.667118199215
0.66727520243
0.666067253394
0.663608853593
0.659947937388
0.655143852147
0.649273521968
0.642426052687
0.634693397171
0.626158281564
0.616885244756
0.606918573804
0.596284943377
0.585001673961
0.573087500674
0.560579725799
0.547543595665
0.534093537133
0.520396664533
0.506683486532
0.49327175337
0.480549567842
0.469070968029
0.45950753893
0.453028883628
0.451040737907
0.455623855637
0.469693168535
0.496579019517
0.539648132099
0.601519620423
0.682965731452
0.782320902794
0.894658634565
1.01221606855
1.12449464832
1.21937789701
1.28373971711
1.30436406869
1.26867347132
1.16543426559
0.986795070612
0.732145117842
0.413737358097
0.061540406606
-0.276503555635
-0.545130589462
-0.712468212478
-0.799849815922
-0.844210169281
-0.871464355888
-0.963715116723
9.57131530431
-0.729983839705
2.79865463054
0.69293535661
1.04544153174
0.732179309919
0.713089873964
0.665751521369
0.648259001336
0.635487011618
0.626331431704
0.619148902817
0.613715697295
0.610161039272
0.608609795051
0.609055200438
0.611336980178
0.615169165513
0.620188405646
0.626003270548
0.632234532841
0.638540701398
0.64463090406
0.650264351148
0.655244195007
0.659408353782
0.662622448014
0.664770513341
0.665766134593
0.66553253766
0.664103435274
0.661580957292
0.657964493282
0.653311929688
0.647703885909
0.641232993196
0.633997307736
0.6260892739
0.617583752151
0.608531344814
0.598955514541
0.588858960029
0.578233268142
0.567082094905
0.55543167533
0.543366299213
0.531032600381
0.518676509868
0.506673534366
0.49551168
0.48606600172
0.479397760077
0.477196917649
0.481872904412
0.49654556994
0.525108533967
0.571559920255
0.639261421012
0.72991802515
0.842407068826
0.972268878124
1.11116637612
1.24747374281
1.36658430791
1.45203740233
1.48632966359
1.45245613385
1.33609605342
1.12919151387
0.835321457236
0.475258968172
0.0892119860688
-0.269191920033
-0.549138036177
-0.724590540907
-0.807415372147
-0.827936544364
-0.79008036961
-0.685182373913
-0.786328296834
9.8165251122
-0.806138499877
3.00519391653
0.65499238518
1.13512830646
0.763394757088
0.766274831147
0.711576470278
0.693737417016
0.677273091816
0.664216739235
0.652842137523
0.643340071464
0.636031243279
0.631123952956
0.62861292166
0.628287656717
0.629788501991
0.632679996257
0.636517429661
0.64089432348
0.645467213482
0.649960893592
0.654157264878
0.657880746838
0.660984008637
0.663337583032
0.664821420446
0.66533940594
0.664797338772
0.663237525767
0.660736651213
0.657272300057
0.652881054757
0.647632174902
0.641615359228
0.634933328863
0.627689884085
0.619973143746
0.6118447013
0.603329690837
0.594420384751
0.585082246883
0.575286698156
0.565017697087
0.554329442523
0.543348530246
0.532367771221
0.521873063738
0.512638898529
0.505884295672
0.503366617346
0.507720502226
0.522421850543
0.551675080193
0.600037592095
0.671533721544
0.768582722609
0.890867361529
1.03422979647
1.19031001524
1.34628964918
1.48561586309
1.58866502445
1.63439242699
1.60241645239
1.47663115005
1.25008439209
0.930732928065
0.545950288629
0.14198566588
-0.224968615662
-0.5060864671
-0.679272464144
-0.758354863061
-0.776881004147
-0.746151952086
-0.64076740933
-0.472723466369
-0.606912008804
10.0012126451
-0.849207727158
3.1895262034
0.617919035771
1.22548232285
0.790501266949
0.819442445519
0.755210396524
0.73774230266
0.717331239713
0.700565970995
0.685207401837
0.67193507094
0.661203783726
0.653269749968
0.648094578203
0.645391232539
0.644711716265
0.645549130279
0.647419382483
0.649912319024
0.652708933992
0.655572135539
0.658319843707
0.66080264827
0.662885768042
0.664437893716
0.665329092141
0.665450296739
0.664693210521
0.663094507899
0.660712392355
0.657512049797
0.653500657708
0.648724147352
0.643259585256
0.637208858063
0.630686768963
0.623797262641
0.616617878069
0.609179467421
0.601468240459
0.593424592494
0.584982592556
0.576083442254
0.566768005047
0.557125703851
0.547629130465
0.538955901227
0.532220947983
0.529385784836
0.533189054738
0.547390947958
0.576512997307
0.625491201658
0.698882108912
0.799755074171
0.92843673451
1.08138163446
1.25023982515
1.42168778851
1.57755399589
1.69599780853
1.7531745768
1.72642539491
1.59859799286
1.36383265052
1.03320878032
0.637967346421
0.226920906774
-0.144073460651
-0.428649406033
-0.605757827003
-0.68627196568
-0.704047984776
-0.68880008738
-0.633880066361
-0.508446950362
-0.350158015619
-0.428111916242
10.1318302379
-0.860333022321
3.34881480627
0.585210723411
1.31400149156
0.814000623531
0.87205800252
0.796232530835
0.780001335277
0.75538483193
0.735202684807
0.716107666265
0.699395226454
0.685574528609
0.674918839807
0.667324664946
0.66240862333
0.659630002167
0.658422674381
0.658288385794
0.658844854194
0.659827476876
0.661055534296
0.662388190394
0.663697041542
0.664848194141
0.665693398412
0.666084697755
0.665898079653
0.665021534078
0.66347890222
0.661313048367
0.658477719767
0.654949283154
0.650745940917
0.645925305266
0.640582393951
0.634841058027
0.62882156533
0.622622875733
0.616285356007
0.609788000813
0.603046312626
0.595957046293
0.588415953881
0.580467860206
0.57229374857
0.564470639039
0.558097700948
0.55501387251
0.558166959248
0.571475807682
0.599774157894
0.648281267776
0.721944865311
0.824338476073
0.956417707893
1.11521589529
1.29282062779
1.47572163589
1.64502057181
1.77732055336
1.84701070709
1.82971324403
1.70746886394
1.47467742937
1.14362204944
0.746698950268
0.33273811863
-0.0438944601136
-0.33884757109
-0.531326018593
-0.628377462182
-0.657618199679
-0.651415738669
-0.625970209898
-0.565583173285
-0.444742903704
-0.308180080546
-0.252307847608
10.214611936
-0.841700037194
3.48152264024
0.559804381375
1.39812312788
0.834728439254
0.923416180091
0.834365180619
0.820268204383
0.791203310072
0.767982155593
0.745419228303
0.725613264964
0.70902140484
0.695913532153
0.686092622343
0.679069085937
0.674216415243
0.670933545809
0.668741721368
0.667323312298
0.666495425768
0.666142431914
0.666158239445
0.666419886274
0.666773357088
0.667033098514
0.667027369604
0.666607825833
0.66567962775
0.664279953625
0.662417972398
0.660034254232
0.657074556652
0.653526916212
0.64942439927
0.644850381216
0.639939192645
0.634829677178
0.629642799686
0.624432471303
0.6191665802
0.613754666307
0.608002890097
0.601860165563
0.595342045728
0.588734183489
0.583004631061
0.579943977406
0.582451172728
0.594646926556
0.621561146107
0.66871049444
0.741304350732
0.843313289509
0.976205160534
1.13766259072
1.32035785818
1.51117218023
1.69104482028
1.83597365292
1.9192150934
1.91524929754
1.80508271457
1.58249835628
1.2592257282
0.866805990345
0.45256138783
0.0691570697446
-0.239762952176
-0.451960745111
-0.570593600766
-0.617672485788
-0.621590812032
-0.605008117992
-0.574212717595
-0.51317930227
-0.403411861364
-0.285668800834
-0.0815619034036
10.2555046437
-0.796148663687
3.58723225706
0.543995543077
1.47543030335
0.853733407448
0.972665703466
0.869491332403
0.85830207096
0.824606483007
0.798782883576
0.773027231773
0.750476631142
0.731404507155
0.716071760061
0.704164922461
0.695089709071
0.68815287719
0.682751692389
0.678465989369
0.675079234474
0.672508633633
0.670697613474
0.669557128572
0.668944887579
0.668660296336
0.668464677594
0.66816065994
0.667560262006
0.666635055915
0.665448973645
0.663956960839
0.662087345675
0.659756621296
0.656922318278
0.653589249573
0.649826549642
0.645778377146
0.641608697351
0.637464676969
0.633429909374
0.629408045181
0.625358499458
0.621020982233
0.616244512519
0.611190262813
0.606467423384
0.603727434714
0.605787208571
0.616782503476
0.641947632882
0.687017716844
0.757474266431
0.857557635482
0.989179483345
1.15062328721
1.33532621971
1.53088472052
1.71875071366
1.87495728177
1.97238609499
1.98465472492
1.89166013565
1.68571054091
1.3767291521
0.99396039917
0.582274766461
0.192513487841
-0.131635374287
-0.3652987801
-0.507084247834
-0.574313194543
-0.591954752968
-0.582227508486
-0.558905304634
-0.523473225025
-0.462431816779
-0.362132377312
-0.258112229874
0.0822770183736
10.2601076253
-0.726835972919
3.66633067873
0.53933911087
1.54381041825
0.872134333519
1.01888042798
0.901653122178
0.893855317951
0.855469644681
0.827498334048
0.79882425376
0.773867472747
0.752570310039
0.735196930866
0.721300231865
0.710196167233
0.701153228575
0.693606125934
0.687232593596
0.681947697181
0.677771031619
0.674683616192
0.672587334134
0.67128961889
0.670520062639
0.66998426612
0.669464718331
0.668760556647
0.667890952169
0.666943888321
0.665862097966
0.664545025675
0.662880551239
0.660791533084
0.658250234886
0.65531598905
0.652151053006
0.648964051403
0.645886712293
0.643076145029
0.640413168743
0.637715932984
0.634737415071
0.631341271379
0.627970223139
0.625905689061
0.627804322775
0.637710445135
0.660927107312
0.703405548764
0.770867438903
0.867826979308
0.996533786516
1.15584555397
1.34000107055
1.53759184641
1.7310173877
1.89700356607
2.00859002771
2.03895024941
1.96675964154
1.78236871269
1.49293841512
1.12446093948
0.718617177317
0.3242104011
-0.0148515449469
-0.270660467786
-0.436805968767
-0.525722043758
-0.559563904627
-0.559971866625
-0.54217246256
-0.514040000627
-0.475224878701
-0.414715290392
-0.321480113325
-0.226757477497
0.237761001749
10.2336635323
-0.63720370503
3.71961003714
0.546668880752
1.6016031413
0.891033530121
1.06116956715
0.931031263661
0.926672931353
0.883722655729
0.854026302748
0.822708114052
0.795661042416
0.772356355915
0.753087579773
0.737264592273
0.724140042226
0.712979337813
0.70329453259
0.69489658901
0.687849583076
0.682258131997
0.678108038935
0.675262181283
0.673446451102
0.67231173097
0.671516981358
0.670833941941
0.670074942701
0.669315836113
0.668669830155
0.668049821448
0.667311241975
0.666320925995
0.664977662053
0.663225360656
0.661135096459
0.658845935491
0.656679766918
0.654787358228
0.653244415749
0.651940051055
0.65057385441
0.648897827685
0.647038107846
0.646018522382
0.648103834917
0.657164420029
0.678436140727
0.718002326032
0.781832752964
0.874723258498
0.999257680807
1.15478820142
1.33636621373
1.53369001885
1.73044561538
1.90451073463
2.02962951648
2.07887715793
2.02983300739
1.87057856414
1.60497480193
1.25504094589
0.858700702088
0.462338983548
0.109925391228
-0.167683319806
-0.35899244914
-0.471158646747
-0.523028039433
-0.535752736792
-0.525737714935
-0.502657139373
-0.470960842171
-0.429843316513
-0.370198851467
-0.282269948441
-0.193831574683
0.383726617279
10.1804295459
-0.530799626243
3.74830689484
0.566421032407
1.64779390451
0.911456663184
1.09877536701
0.957884957097
0.956487550156
0.909330478118
0.878253321445
0.844574625186
0.81572230473
0.790595130938
0.769547078482
0.751844557394
0.736712235928
0.723449575866
0.711683192738
0.701383288228
0.692761735066
0.685973419129
0.68097313266
0.677556674452
0.675347321386
0.673928818161
0.672915922668
0.672082778405
0.671295484258
0.670705224472
0.670461825043
0.670369237789
0.67023267735
0.669934702013
0.66930746606
0.668295178271
0.667048508785
0.665716453617
0.664607505676
0.663956014815
0.663735271374
0.663733226381
0.663631252252
0.663373069692
0.663618039604
0.666282585276
0.674829239502
0.694331414005
0.730872169454
0.790640070362
0.878742896526
0.998128672952
1.14862589634
1.32603719482
1.52120550688
1.71926632128
1.89960519349
2.03709814536
2.1051408629
2.08041832096
1.948728061
1.71031808236
1.38280472918
0.999836917584
0.604933174062
0.241702974545
-0.056394982327
-0.272994780547
-0.409801526737
-0.48166179401
-0.508461817064
-0.507750752637
-0.491003052528
-0.464072890703
-0.429554375117
-0.38673624601
-0.327909192876
-0.24389739765
-0.159749142962
0.517606716712
10.1033113106
-0.410024653046
3.75474627247
0.599063920132
1.68205114206
0.934175305505
1.13108257347
0.982452673231
0.983017805074
0.93226904052
0.900047563059
0.864315652353
0.833907822707
0.807122573293
0.784395196646
0.764860465443
0.747754099523
0.732445710743
0.718706398149
0.706676884079
0.696693847945
0.688920555012
0.683252057364
0.679394288287
0.676868514934
0.675211143544
0.673977550046
0.672988539369
0.672269286883
0.671943479714
0.672231889205
0.672694945395
0.673123570603
0.67347581187
0.673555839895
0.673288841068
0.672863956411
0.672539598478
0.672600185677
0.673216147615
0.674268676397
0.675509406621
0.676759334925
0.67840868741
0.681933633807
0.690370283072
0.708400120479
0.742004299729
0.797486599615
0.880288541489
0.993771606239
1.13826837496
1.31028989061
1.50176966187
1.69934997124
1.88412326784
2.03245609886
2.11845926911
2.11826360332
2.01552876023
1.80684962356
1.50517586077
1.13949439373
0.749936750536
0.37919175475
0.0627611571128
-0.178496818806
-0.340860414861
-0.434677520351
-0.477647048073
-0.487687172563
-0.478189722193
-0.456753022667
-0.426786134347
-0.389897236179
-0.345613451304
-0.287216999879
-0.205778599496
-0.124279486591
0.633365224516
10.0051088394
-0.274183029255
3.74273208102
0.645086736318
1.70420949041
0.959452511976
1.15756074165
1.00487499734
1.00600236361
0.952523152905
0.91928157457
0.8818364258
0.850086094737
0.821797495873
0.797486554272
0.776183501369
0.757171138079
0.739920606422
0.724365551187
0.71080803302
0.699669125787
0.691085139514
0.684875611432
0.680644729239
0.677827236544
0.675909333089
0.674397941984
0.673286082596
0.672838280128
0.672945028163
0.673749686833
0.674775444912
0.675772440209
0.676729747058
0.677463541597
0.677967129887
0.678453416578
0.679193835567
0.680451275397
0.682306994728
0.684593815694
0.687159634934
0.690183890262
0.694770411219
0.703435505532
0.720393818506
0.75130550192
0.802495611872
0.879680988014
0.986697456215
1.12443228319
1.29010480876
1.47666468585
1.67221261433
1.85963297639
2.01702622956
2.11959849856
2.14332236713
2.07003829605
1.89282310471
1.61989707962
1.27528356475
0.895234000411
0.52085126373
0.188991893664
-0.0755354359675
-0.263746977054
-0.381174789117
-0.44257347726
-0.465304719641
-0.46410110387
-0.44862669203
-0.423699502023
-0.39121265489
-0.352227026557
-0.306469315824
-0.247876252032
-0.167547069091
-0.087045963799
0.721006344134
9.8958722715
-0.120597300265
3.71389033028
0.703541515987
1.71384851328
0.986937073547
1.17781325506
1.02519226152
1.02524785522
0.970096866935
0.935860440781
0.89707159101
0.864152736586
0.834511447622
0.808713331332
0.78572865907
0.764916153528
0.745872724331
0.7286942309
0.713813508365
0.701686053389
0.692401703545
0.685702189491
0.681102139532
0.677959211474
0.675698783546
0.67390019781
0.67288218651
0.672938245826
0.673664744904
0.674881875925
0.676343732518
0.677909736673
0.679496100019
0.6809010075
0.682206319919
0.683649125283
0.685487883757
0.687939050756
0.691024722726
0.694635415426
0.698897714617
0.704592880537
0.713757359651
0.730030575068
0.758630807896
0.805702917512
0.877168084588
0.977327329288
1.10770180235
1.26624619713
1.44687999387
1.63906214261
1.8274439532
1.99200149774
2.10935243954
2.1557442202
2.11162093442
1.96684822541
1.72500445888
1.40497829219
1.03868125792
0.664948952382
0.32120268326
0.0355355754971
-0.17812824467
-0.320330557176
-0.402273417504
-0.439935475809
-0.448639320202
-0.439788063165
-0.420073541634
-0.392414828955
-0.357771067216
-0.31685444105
-0.269456904188
-0.209831596485
-0.12891584429
-0.0475114441324
0.774520378448
9.80074062269
0.0412877401535
3.66415195078
0.772136955952
1.7109238782
1.01608299618
1.19168194826
1.04336163589
1.04065813318
0.98499364612
0.949716664494
0.909961955252
0.876008532316
0.84515738384
0.817968075804
0.793411165981
0.770940413367
0.750288904273
0.731694141074
0.71567431968
0.702677235525
0.692745865184
0.685541371185
0.680550677757
0.677069528951
0.67455046007
0.67278722161
0.672040516032
0.672465621693
0.673664516931
0.675327859806
0.677290614274
0.679435219397
0.681625094478
0.683714211954
0.68585491724
0.688285995435
0.691249148003
0.694918238177
0.699334934603
0.704604795214
0.711343618214
0.72114388833
0.737076538053
0.763784115376
0.807078614604
0.872911567997
0.966012621639
1.08856763842
1.23933693981
1.41319086151
1.60085250172
1.78864016428
1.95844216372
2.08852746518
2.15583643756
2.13991457591
2.02784816175
1.8188148379
1.52651654979
1.17814822827
0.809603882971
0.45804056917
0.154060088064
-0.0839368195671
-0.251491484006
-0.355770534103
-0.410624823346
-0.431237841644
-0.430249085624
-0.416113345194
-0.393300029577
-0.363458562473
-0.326963589876
-0.28426192827
-0.235003265298
-0.173304375045
-0.0896472146023
-0.00488868978217
0.801861351223
9.73744474371
0.184114678951
3.5984741166
0.846846431245
1.69757896686
1.04596780921
1.1994214602
1.05919923032
1.05222581727
0.997141929633
0.96075781482
0.920394723607
0.885517557531
0.853599135256
0.825125304964
0.799134157954
0.775181139021
0.753127690665
0.733319455154
0.716319584653
0.702551802591
0.692038927059
0.68439297198
0.679026854926
0.675255581961
0.672609630828
0.671012767478
0.67064662924
0.671354369424
0.672927194987
0.675026124498
0.677500533301
0.680194495578
0.682968037468
0.68576876491
0.688786897503
0.692250700883
0.696393469115
0.701398299983
0.707455090742
0.715066951302
0.725527904793
0.741355256015
0.766582567962
0.806525809293
0.866999621885
0.953026294677
1.06745745299
1.20990904527
1.37623611661
1.55835119827
1.74411928206
1.91728753535
2.05792371052
2.14403402127
2.15478971234
2.07502938931
1.8999023981
1.63800685818
1.31153968423
0.952830916047
0.597928304722
0.279097109919
0.0186161124211
-0.174206653868
-0.30217118613
-0.376332930641
-0.41100961041
-0.4195315214
-0.411849848787
-0.394034215827
-0.36895358165
-0.337396793929
-0.299365735589
-0.255118324206
-0.203916067888
-0.138969460612
-0.0496553377222
0.0419827043812
0.825428512165
9.67437657793
0.304471165812
3.5351157919
0.916250177231
1.68009615375
1.07339952478
1.20250785684
1.07201572737
1.06014775422
1.00630161992
0.968875742585
0.928195832548
0.89253862461
0.859718464725
0.830119277515
0.802882937816
0.777654437451
0.754416896361
0.733596393615
0.715775255594
0.701351159678
0.690314401407
0.682267138789
0.676571503978
0.672599143429
0.669952904174
0.668575357917
0.668531452238
0.66952947187
0.671421106988
0.673911644899
0.676850610127
0.680059283766
0.683431070692
0.686991563796
0.690944698282
0.695519802652
0.700978323484
0.707610360653
0.715909770229
0.726942491204
0.742794853908
0.766876677194
0.803929476202
0.859442857634
0.938568951143
1.04473459093
1.17844237027
1.33657392606
1.5122096919
1.69464232023
1.86937628395
2.01832892141
2.12087299381
2.15631929379
2.10785274613
1.96708511119
1.73772688114
1.4368151506
1.09256725163
0.739096255912
0.4094347459
0.129031362678
-0.0882666629778
-0.240719906364
-0.336031087864
-0.386941482062
-0.406867418931
-0.406904571014
-0.39463196092
-0.374309261738
-0.347685231289
-0.314930716057
-0.27578600184
-0.230488030017
-0.177775504086
-0.108594903115
-0.00940999480191
0.0948430249431
0.850503694776
9.59723279809
0.415688379627
3.46984573936
0.979574006499
1.66033338417
1.09623228916
1.20233907745
1.08101355522
1.06468639107
1.01224227073
0.974020981003
0.933238079529
0.896992515783
0.86345678157
0.83292523045
0.804662475259
0.778398502458
0.754217001931
0.732593969862
0.714110292176
0.699134106513
0.687631751368
0.679195714603
0.6732115268
0.669096911546
0.666503143612
0.665355615082
0.665601579728
0.666872409653
0.669044002813
0.671901205128
0.675268037065
0.678986708632
0.682998482311
0.68738467933
0.692363291395
0.698200894365
0.70525648256
0.714051187124
0.725526649117
0.741417126881
0.764597197261
0.799180974184
0.850208911395
0.92276158307
1.02070083328
1.14537125589
1.29472430292
1.46301605477
1.64088829799
1.81547527041
1.97052186969
2.08697528758
2.14475586397
2.1260163291
2.01941677407
1.82413009107
1.55200420722
1.22669650087
0.879603443275
0.543605397529
0.246517340696
0.00627024431137
-0.17084834715
-0.288757866191
-0.357962036784
-0.391319414941
-0.400631932968
-0.394790385974
-0.379436205838
-0.357529697364
-0.330077327065
-0.296757372273
-0.257026331563
-0.211399626032
-0.158545060796
-0.085336105026
0.0294582211106
0.156630757615
0.877216638012
9.50325501651
0.522287709818
3.40182456692
1.03659336502
1.63884470069
1.11398663875
1.19916687177
1.08608071214
1.06595803635
1.01495003165
0.976230391842
0.93553216507
0.898910256456
0.864859820064
0.833607844051
0.804543244692
0.777480934044
0.75258100043
0.730345985437
0.711342906069
0.695912083573
0.684007694903
0.675234460543
0.669012363234
0.664803130191
0.662278099646
0.661319769932
0.661770375686
0.66329342308
0.665755328106
0.668964355778
0.672754635511
0.677011353769
0.681728615305
0.687038387448
0.693199443159
0.700572936124
0.709705963914
0.7214689619
0.737347702187
0.759755824314
0.792223723307
0.839245430504
0.905666485133
0.995586012155
1.11108672233
1.25118232305
1.41133629755
1.58349748302
1.75631589877
1.91528421938
2.04304370336
2.12051900851
2.12944643877
2.05618930886
1.89585853264
1.65522793286
1.35307079498
1.01735697115
0.679894438742
0.369986233791
0.109055089634
-0.0922166242888
-0.233678568662
-0.323012133063
-0.371861144855
-0.392218775742
-0.394020406713
-0.384199216501
-0.366895400447
-0.344197460555
-0.316709717929
-0.283745555409
-0.244287737499
-0.199369245582
-0.149292769731
-0.0760683509978
0.0602672935444
0.231220390467
0.904956024907
9.392732412
0.625278766329
3.33097600685
1.08762161884
1.61552046193
1.12683831162
1.19295635018
1.08730873995
1.06400064808
1.0144666487
0.975530582936
0.935100007844
0.898314993043
0.863958212581
0.832211937213
0.802583907218
0.774963198607
0.749565862248
0.726902432448
0.707518173276
0.691730436254
0.67949359812
0.670437616655
0.66402407534
0.659749763172
0.6572925065
0.656485741451
0.657088485472
0.658844772913
0.661584665968
0.66514178308
0.669379179104
0.674233260337
0.679757907399
0.686150066055
0.693755094657
0.703098133552
0.71500322631
0.730773525348
0.752459947819
0.783063644901
0.82652247911
0.887304368823
0.969556465552
1.07592400888
1.20642116481
1.35773042619
1.5231055271
1.69262310617
1.85341932297
1.98986332384
2.08419123586
2.11829708423
2.0769434841
1.9517659562
1.74472865573
1.4695404413
1.15013320906
0.816349560009
0.498047618548
0.219426566967
-0.00475057718709
-0.170130159289
-0.281090560075
-0.347426424052
-0.380741815451
-0.391644636533
-0.388241191453
-0.375840207232
-0.357462261999
-0.334646506732
-0.307920268335
-0.276497725788
-0.238597713584
-0.195242471075
-0.15107669538
-0.0880726644154
0.0679991840675
0.320548156631
0.93351340996
9.26615386801
0.724860881528
3.25756100499
1.13291443185
1.59034845037
1.13498156892
1.1837125813
1.08480233403
1.05885996181
1.01084902257
0.971962691664
0.931983414976
0.895250877766
0.860803218554
0.828794704677
0.79884316043
0.770899926468
0.745218738796
0.722304037918
0.702674597283
0.686630418575
0.674137774715
0.664861079394
0.658299979557
0.653976712985
0.651573104042
0.65089072933
0.651628439645
0.653595500073
0.65660809929
0.660531814459
0.665270186142
0.670820732094
0.67731137278
0.685033156157
0.694472298552
0.706383786299
0.72193383827
0.742883599136
0.771788311692
0.812049510734
0.867689887452
0.942722866667
1.04016039477
1.16087925212
1.30275657961
1.46035811632
1.62513836436
1.78576687569
1.92830873701
2.03651843472
2.09295594974
2.08148642873
1.99094910849
1.81891018308
1.57399369945
1.27560826576
0.950794938737
0.629005026929
0.336390326578
0.0913229756039
-0.0976681033369
-0.231298891952
-0.316936031703
-0.365194904467
-0.386889757461
-0.391052910823
-0.384153730502
-0.370221929067
-0.351469497404
-0.329097393053
-0.303820151663
-0.275291484071
-0.241138988657
-0.200862984566
-0.16458199921
-0.129637195075
0.0112038235004
0.381944213563
0.962735750514
9.12391169895
0.821055085975
3.18176805315
1.17273693445
1.56333340643
1.13862987503
1.17146819049
1.0786726212
1.05058895497
1.00415890009
0.965573212929
0.926229557294
0.889765682319
0.855446234766
0.82340955802
0.79337288715
0.765337705158
0.739580201018
0.716587964128
0.696850248015
0.680653748927
0.667984221884
0.658547043971
0.651879921915
0.647524382136
0.645165753236
0.64458850657
0.645454834114
0.64762888852
0.650935971357
0.655277909888
0.660612229257
0.66701159337
0.674700119801
0.684099741729
0.695887570333
0.711096296252
0.73125703826
0.758550453679
0.795898233982
0.846851348978
0.91516572031
1.0040125949
1.11495036669
1.2469589741
1.39591401866
1.55462731092
1.71321161403
1.85934627024
1.97841247907
2.05405219099
2.06991403932
2.01278586033
1.87638804486
1.66440944049
1.39140137424
1.08085600673
0.760857110164
0.458598013889
0.195437659753
-0.0161173155064
-0.172900767486
-0.279348257052
-0.344495179817
-0.378852914627
-0.392038779538
-0.391526189033
-0.382399077757
-0.36771677495
-0.34912392182
-0.327580719595
-0.304052190988
-0.279197574346
-0.251279261362
-0.217203941112
-0.186519462554
-0.183289434554
-0.134045713218
0.234291348484
0.992677686598
8.96632602262
0.91381802109
3.10377734735
1.20730135333
1.53452351261
1.13798435742
1.15628334294
1.06903439603
1.03925251067
0.994465048516
0.956417621149
0.917893337612
0.881913735554
0.84794197861
0.816108868674
0.78621979056
0.758315495696
0.732682192994
0.709783251727
0.690076776762
0.673837944649
0.661073057712
0.651528788395
0.644784167724
0.640410286226
0.638105991278
0.637640656298
0.638657885239
0.641056479633
0.644714026787
0.649565500103
0.655639604089
0.663100731282
0.672295756082
0.683811778285
0.698552450268
0.717844539691
0.743559311625
0.778197152641
0.824855232539
0.886952872043
0.967649488843
1.06897130629
1.19085379235
1.33043409888
1.48187834182
1.63667996483
1.78402945208
1.91094745695
2.002463509
2.04263353052
2.01697742782
1.91604707882
1.73892156839
1.49513347409
1.20400001033
0.891312178785
0.584334055478
0.306652108048
0.0743799210361
-0.105373021299
-0.233709655501
-0.317520699403
-0.366474052278
-0.390380743432
-0.397499322967
-0.393874456045
-0.383451762931
-0.368561020039
-0.350443834731
-0.329819449273
-0.307673919685
-0.28567991138
-0.264345626217
-0.239677963158
-0.208953971414
-0.197626768563
-0.291586998423
-0.605569510276
1.02326479014
8.79358002257
1.00301498207
3.0237425775
1.23678142072
1.50398189987
1.13324447775
1.13823350053
1.05600836598
1.02492462226
0.981843107035
0.944558166984
0.907035062187
0.871752418486
0.83834536128
0.806942093631
0.777425172407
0.749865000837
0.724548443857
0.701910192008
0.682377654236
0.666215514711
0.653447403469
0.643855797511
0.637063389312
0.632686146195
0.630448886678
0.630093602795
0.631317543609
0.634018217629
0.638117680612
0.643612233709
0.650617478822
0.659409598964
0.670481565859
0.684609575212
0.702935279731
0.727061243854
0.759127042925
0.801809948752
0.858163227971
0.931203308329
1.02322134017
1.13490983944
1.26456568211
1.40769013677
1.55712853018
1.70348121029
1.83534470357
1.93931346281
2.00038263049
2.00359052382
1.93710453251
1.79589368621
1.58450103136
1.31759456372
1.01781967441
0.711513971518
0.423616346375
0.173306670249
-0.028474416662
-0.17922491142
-0.283183053364
-0.348616361355
-0.385078893857
-0.401347073237
-0.404319409228
-0.398785336498
-0.387753872074
-0.372965959637
-0.355295292665
-0.335064530606
-0.312741991295
-0.290071808318
-0.269380706695
-0.24721503382
-0.207612255979
-0.150197027017
-0.200342252978
-0.613073874956
1.05448895835
8.60578032072
1.08843628934
2.94181092792
1.26132036861
1.47179009978
1.12460961453
1.11740921532
1.03972109114
1.00768860417
0.966375489149
0.930063941812
0.893720051024
0.859342268046
0.826711733553
0.795956678086
0.767026055495
0.740012074127
0.715195217596
0.692979654976
0.673764142929
0.657803981229
0.645135159866
0.635568934136
0.628773939883
0.624425861745
0.622290987892
0.622087964393
0.623585420084
0.626674440417
0.631336194629
0.637641797099
0.645808389007
0.656240016575
0.669590634529
0.686831593003
0.709328332924
0.738905865538
0.77786664636
0.828896760542
0.894788855636
0.977923515314
1.0795361838
1.19892006514
1.33285567126
1.4755257455
1.61886776129
1.75294174154
1.86595369096
1.94423724441
1.97309539764
1.93917392316
1.83400093153
1.65736262602
1.41898433008
1.13762247128
0.837702474552
0.544553312728
0.279722204123
0.0576871902836
-0.115325357973
-0.240480981138
-0.324101832337
-0.374983932946
-0.402075941288
-0.412976039432
-0.413307693325
-0.406772191008
-0.395575978581
-0.380917926931
-0.363242324807
-0.342250451832
-0.317402785733
-0.289761928074
-0.262893131389
-0.234917606513
-0.180724409289
-0.0715756084551
-0.0271724266638
-0.392661863373
1.08612675077
8.40290406465
1.16979120612
2.85813470654
1.28104708154
1.43804727641
1.112283459
1.09391338372
1.02030447327
0.987635297032
0.948150624858
0.913009874737
0.87801815997
0.844746515631
0.813097237256
0.783198868767
0.755056866826
0.728778750834
0.70463395301
0.682995753848
0.664237318442
0.648606558035
0.636148553513
0.626697293098
0.619968422992
0.615708158306
0.61373598601
0.613752124971
0.615594991471
0.619175530712
0.624542269557
0.631851476753
0.641431684465
0.653823409146
0.669843029494
0.690644680967
0.717777260491
0.75320986341
0.799281147452
0.858516683676
0.933256226365
1.02507238249
1.13405199701
1.2581397019
1.39283284476
1.53136699089
1.66514762622
1.78392337557
1.87559956884
1.92639176627
1.92232618476
1.85231572446
1.7118366284
1.50558469877
1.24783077456
0.960154009706
0.667258811602
0.392222641774
0.152585100694
-0.0417566390197
-0.188593480819
-0.291800310508
-0.358889681435
-0.398568128643
-0.418896880119
-0.426282938182
-0.425207274756
-0.41843787258
-0.407482585352
-0.393050912396
-0.375201506397
-0.353021698442
-0.324878841167
-0.291327855823
-0.258369414524
-0.227672331322
-0.167568567333
-0.0282694380211
0.0730310014504
-0.249734143126
1.11802920341
8.18493180984
1.24676166448
2.77289554995
1.29609157848
1.4028705412
1.09647510031
1.06785906429
0.997894320636
0.964861612576
0.92726188912
0.893476157375
0.860003414484
0.828031435973
0.797559533047
0.768715305843
0.741551421891
0.716186071334
0.692874676523
0.671959832979
0.653790715294
0.63860957931
0.626471194665
0.617234637025
0.610665942609
0.606584874095
0.604860331001
0.60517568214
0.607445857289
0.61163779549
0.61786623842
0.626381261643
0.637625696144
0.65227530598
0.671297198511
0.695996910495
0.728048156892
0.769468939299
0.822504411967
0.889365343412
0.971789436897
1.07043986415
1.18425509976
1.30998258251
1.44214070604
1.57339158495
1.69488772239
1.79615783701
1.86481382851
1.88714046941
1.85039320317
1.74640568532
1.57498954765
1.34551608223
1.07587755836
0.789125990211
0.508922011693
0.255218010888
0.041342543561
-0.126966237155
-0.250709159083
-0.335589218892
-0.389602497909
-0.420955325268
-0.436695365876
-0.442107448424
-0.440681561184
-0.434395972804
-0.424151821899
-0.410257686737
-0.392591751952
-0.369903228114
-0.339419260742
-0.30096639087
-0.264545016286
-0.239437972762
-0.18750465627
-0.0320594686246
0.113704205599
-0.136730224186
1.14994370107
7.9518345175
1.31900483632
2.68630852183
1.30658725494
1.36638691225
1.07739509076
1.03936479235
0.972628130002
0.939468802818
0.903806949014
0.871547987953
0.839754430224
0.809267098045
0.78015924596
0.752554731462
0.72654516511
0.702256415299
0.679929421874
0.659876767831
0.642422917832
0.627802301579
0.616081147192
0.607153109806
0.600847887232
0.597058198155
0.595672447718
0.596391707673
0.599193080978
0.604127217734
0.611376146526
0.621288485738
0.634417773942
0.651564855202
0.673822224286
0.702602475044
0.73963256969
0.786881047133
0.846378650224
0.919897232588
1.00847510992
1.11183663093
1.22785670093
1.35231107134
1.47907670257
1.60056138569
1.70781369525
1.79010201321
1.83473540231
1.82835057671
1.76002553166
1.62509066889
1.42782381868
1.18172538431
0.90719635659
0.627457662661
0.364071191163
0.133368437091
-0.0554011365661
-0.200049123309
-0.303974102155
-0.373956749831
-0.417960358011
-0.443453534252
-0.456462307061
-0.461277637019
-0.460581820446
-0.45574564238
-0.447219905829
-0.435102522923
-0.4195293152
-0.399671580074
-0.371899283309
-0.334203953831
-0.301350615312
-0.299801357673
-0.294199734377
-0.152748979166
0.0716869900261
-0.0394546579097
1.18183854139
7.70367965703
1.38615955803
2.59860692139
1.31266370177
1.3287220584
1.05525117618
1.00855134977
0.944644080734
0.911561822454
0.877887558539
0.84731566679
0.81735480295
0.788528312437
0.760961328731
0.734770054566
0.710077309119
0.687015291291
0.665812274353
0.646753558842
0.630137838928
0.616187327595
0.60497868646
0.596449447956
0.590506231712
0.587111664636
0.5861461144
0.58738790093
0.590846220401
0.596650063213
0.605063234865
0.616530537616
0.631708329945
0.651502372062
0.677096441913
0.709956202526
0.751787604798
0.804416412248
0.869558897496
0.948461364872
1.04142005874
1.14725888957
1.26294128523
1.38354621133
1.50263406231
1.61258212812
1.70433281465
1.76676699243
1.78693157079
1.75223263636
1.65420535526
1.49210100998
1.27450339487
1.01823702883
0.745023354267
0.47710188471
0.233196530474
0.0258631353423
-0.13935088311
-0.263115748376
-0.350482336127
-0.408716885415
-0.445408388387
-0.467193540943
-0.47916051598
-0.484791252777
-0.486198245365
-0.484421681075
-0.479762877616
-0.472464398765
-0.463617534336
-0.454292661037
-0.441436134156
-0.419380555095
-0.402498251194
-0.439422427548
-0.519484890491
-0.43227170659
-0.0355272109443
0.20396831264
1.21362580035
7.44050238338
1.4477604048
2.50999681783
1.31443144169
1.28999112783
1.03024647622
0.975541131381
0.914081621701
0.881249913652
0.849610276931
0.82087544235
0.792894245714
0.765896056149
0.740036986768
0.715420702133
0.692193902375
0.670494456854
0.650541614057
0.632598215227
0.616937940793
0.603766748778
0.593169831584
0.585134619089
0.579651955945
0.576751558504
0.576298108959
0.578158270846
0.582372266724
0.589149652101
0.598834354543
0.611959773739
0.629269434708
0.651747554607
0.680628182155
0.717374080598
0.763598838012
0.820906546308
0.890625663474
0.973431211826
1.06888762207
1.17501314107
1.2880637005
1.40271298737
1.51248067458
1.60980333627
1.68537776423
1.72754221908
1.7232446701
1.66120951379
1.53603742251
1.35110113273
1.11884323879
0.858430701016
0.591752351917
0.339147517391
0.116081500024
-0.0685401389103
-0.212346311449
-0.31817479852
-0.39209856808
-0.441441454623
-0.473238159521
-0.49332969704
-0.506058152175
-0.514396241415
-0.52029822915
-0.525042787634
-0.529520275467
-0.534948703506
-0.544371162858
-0.562348381464
-0.587645334618
-0.605257158298
-0.607963037073
-0.646627237028
-0.777394931139
-0.806803734924
-0.300334734009
0.514951468402
1.24529938735
7.16230641173
1.50318471282
2.42062037697
1.31197973512
1.25030143826
1.00258620061
0.940462564785
0.881084783403
0.848648461638
0.819087773842
0.792330427522
0.766469578405
0.741458622774
0.717465126104
0.694574612931
0.67295043603
0.652735385406
0.634143824198
0.617422833221
0.602825271421
0.590540381172
0.580659744846
0.573220510151
0.568296990812
0.565979015915
0.566112658887
0.568652168984
0.573688400172
0.581503597534
0.592514972914
0.607330265025
0.626759512849
0.651833751253
0.683795006456
0.724048842775
0.774055212052
0.835136536798
0.908190348929
0.993315457298
1.08940020553
1.19379861999
1.30229273783
1.40943340387
1.50888482148
1.59308487613
1.6522388716
1.6740416997
1.64567163926
1.55781725733
1.40863853079
1.20556314869
0.964197759869
0.704991763695
0.448979580279
0.213951523456
0.0119842228301
-0.151340842766
-0.276238805521
-0.367088572751
-0.430496691407
-0.473584749324
-0.502811968601
-0.523408244947
-0.539317657691
-0.553494018261
-0.568370487693
-0.586238379054
-0.609286716918
-0.639704405429
-0.680768826549
-0.736530884798
-0.800700772792
-0.834479700124
-0.779879956471
-0.669655568512
-0.702831979855
-0.907716887803
-0.621427900635
0.775059026576
1.27653411292
6.8689428154
1.55160172062
2.33053944614
1.30538722012
1.20976449287
0.972488538079
0.903456930561
0.84580623589
0.813881542057
0.786440528498
0.76179212301
0.738186108153
0.71531312141
0.69333388215
0.672310032296
0.652414412526
0.633793159418
0.616658359761
0.601247293993
0.587798688217
0.576490914233
0.567426032799
0.560688222029
0.556423617481
0.55476196475
0.555527635404
0.558772237028
0.564660985276
0.573530161867
0.585860693347
0.602316180561
0.623749115427
0.651204912357
0.685892348965
0.729112622765
0.782124137412
0.845929786035
0.920984109087
1.00684085656
1.1018073108
1.2027457655
1.30521202872
1.40387408673
1.49260819128
1.56364457084
1.60640896099
1.60798077541
1.55628085118
1.4446289137
1.27504345743
1.05866300233
0.813386772707
0.559908725816
0.317585358347
0.101284859138
-0.0801999900922
-0.224163346895
-0.332826067558
-0.411589354645
-0.467264759824
-0.506682334858
-0.535870495088
-0.559792747175
-0.582495728866
-0.607497789098
-0.638231988203
-0.678153951763
-0.729902962631
-0.793627817724
-0.866411644404
-0.942684005923
-1.00460132919
-0.993427108078
-0.817355486325
-0.515567684085
-0.447638966941
-0.864645651689
-1.01983523204
1.08650609867
1.30690909213
6.56027659841
1.59204232965
2.2397567149
1.29474225127
1.16850954784
0.940196694249
0.86468630076
0.808412527372
0.777085022971
0.751799086238
0.729381888046
0.708158988633
0.687566481006
0.667741465541
0.648715984964
0.630666046059
0.613739006741
0.59814538929
0.58411531776
0.571877642645
0.561607778927
0.553428551456
0.547475749703
0.543952333767
0.542990913678
0.544424179777
0.548382442603
0.555116254439
0.565003194954
0.578576661667
0.596536635086
0.619753911232
0.649256707314
0.686184558808
0.731696625665
0.786818008236
0.852217565653
0.92792305774
1.01300673056
1.10531750966
1.2014200981
1.29688347981
1.38666562228
1.46477769906
1.52291024369
1.54945296184
1.53109330586
1.4571582338
1.32419415355
1.13812199927
0.913198921503
0.668658047035
0.42450803321
0.197839892678
0.000474889581858
-0.161803579295
-0.288670732921
-0.383836721582
-0.453343482232
-0.50404509655
-0.542558321361
-0.574775250083
-0.605845297537
-0.640415040752
-0.682891649055
-0.73747828461
-0.807501345594
-0.89321571397
-0.98825596775
-1.07857469447
-1.1482665734
-1.18121403327
-1.13293667711
-0.912597257346
-0.541379105564
-0.424288376622
-0.95835424439
-1.60087857912
1.41448886229
1.33572189608
6.23625875335
1.62346108772
2.14823287024
1.2801509035
1.12668899099
0.905986731395
0.824341324
0.769089745124
0.738410671607
0.715306823006
0.695233252327
0.676514942477
0.658337094389
0.640797163631
0.623892432722
0.60779653623
0.592656473433
0.578681313268
0.566095318698
0.555119418045
0.54593078004
0.538680568518
0.533559419209
0.530812510345
0.530548338202
0.532665622123
0.537332380829
0.544859792507
0.555671950741
0.570340161073
0.589583854034
0.614268338929
0.645377205417
0.683951548698
0.730982626286
0.787247903567
0.853089525198
0.928151075945
1.01111057106
1.09950267213
1.18979550456
1.27778757422
1.3588009256
1.42675373493
1.47238531891
1.48291389185
1.44508402155
1.35037529303
1.19898633958
1.00050694258
0.771534843346
0.531683430063
0.299518864163
0.0895183019026
-0.0894658760763
-0.23428685579
-0.346521474699
-0.430956624766
-0.494043090711
-0.54267625894
-0.583482480393
-0.622608499984
-0.665830666175
-0.718679683418
-0.786267433291
-0.872579203939
-0.978959037457
-1.10129992639
-1.22657448606
-1.33420320142
-1.40965276878
-1.45515955459
-1.44888867405
-1.28043374684
-0.898126932097
-0.675472681847
-1.21605075133
-2.40531488293
1.75401934027
1.36239614543
5.89712435847
1.64479966193
2.05588766864
1.26173552179
1.08447990843
0.870176406456
0.782651791593
0.728052285396
0.698032016447
0.67712412689
0.659494538844
0.643394396679
0.627756251801
0.61262272348
0.597951047673
0.583907986359
0.57063863654
0.55835069198
0.547263489339
0.537592635175
0.529521556252
0.52323340837
0.518967961376
0.516998760232
0.517407545397
0.520169918521
0.525479010848
0.533695340739
0.545278066364
0.560821887794
0.581048249419
0.606795954571
0.638981530393
0.678527027185
0.72624290493
0.78266128493
0.847826090992
0.921059430016
1.00075163403
1.08427725704
1.16820897537
1.2487458014
1.32152782435
1.38000402731
1.41354350268
1.40825605094
1.35161116848
1.23796639855
1.07135196337
0.864533413981
0.635568261693
0.403584907293
0.185156094106
-0.00798470565999
-0.169732918981
-0.299170111039
-0.399358584576
-0.475874211096
-0.535494771825
-0.585301270377
-0.632267613658
-0.683234696573
-0.744982999604
-0.824032197239
-0.925872127566
-1.05362338312
-1.20636365195
-1.37710444884
-1.55084328736
-1.70734115425
-1.83481819127
-1.93602581863
-1.97627795166
-1.82000568704
-1.39949197319
-1.04844785221
-1.60155798939
-3.46280145132
2.06733937809
1.38622708462
5.54332548618
1.65495031846
1.96257761329
1.23963421889
1.04209244485
0.833138346742
0.739901270966
0.685554278602
0.656152540237
0.637433715823
0.622332776915
0.608953983575
0.5959702105
0.583353614231
0.571016353521
0.559114138164
0.547789297564
0.537247864608
0.52770454869
0.519370879642
0.512440225582
0.507129779006
0.503723070281
0.502507348988
0.503536522382
0.506854046127
0.512688277428
0.521433073682
0.533570862831
0.549704374407
0.570540871317
0.596875031101
0.629540110988
0.669328091818
0.7168682786
0.772466417749
0.83591338885
0.906289745233
0.981814624804
1.059862949
1.13730095717
1.21083730759
1.27624026242
1.32599456726
1.34775404996
1.32684449667
1.25228690064
1.12190795543
0.943461819416
0.732192626683
0.506724239594
0.284983879505
0.0812136376593
-0.095550277089
-0.241646379125
-0.35799527485
-0.448822818627
-0.520340962359
-0.579719029314
-0.634507710331
-0.692485174982
-0.761703665242
-0.850371096867
-0.966210518448
-1.1151684783
-1.29976682159
-1.51765477401
-1.76017143866
-2.00993531829
-2.23966134321
-2.4183770006
-2.51782206037
-2.49355118816
-2.27159690742
-1.84966191449
-1.45948511259
-2.04849883615
-4.73865302302
2.31606335682
1.40661790581
5.17560496737
1.65276333517
1.86809196409
1.21401618726
0.999789339573
0.795320486436
0.69644678062
0.641905787996
0.613017082747
0.596448639998
0.583938718214
0.573370069463
0.563142152465
0.553140502646
0.543226211059
0.533540191694
0.52422119767
0.515474460536
0.507510708141
0.500537844783
0.494758785311
0.490422563943
0.487849446598
0.487332563953
0.488893697803
0.4926386331
0.498835211985
0.507897288573
0.5203190826
0.536697343903
0.55771131842
0.584098497885
0.616599718717
0.655875230858
0.70238577302
0.756243174389
0.817045550633
0.883721443126
0.954441905076
1.02674107154
1.097950916
1.16531281904
1.22438024093
1.26610324826
1.27624364882
1.2399516664
1.14868448408
1.00409235202
0.81726441752
0.605102719825
0.38597209248
0.176067866025
-0.0128415323092
-0.174244532032
-0.306590852531
-0.412309115769
-0.496580143135
-0.566237785597
-0.629054808509
-0.693489304812
-0.768727700863
-0.864673170634
-0.991460296629
-1.15824991288
-1.37133498732
-1.63190693006
-1.93383601012
-2.26079650478
-2.58105672729
-2.84247750454
-2.98104791479
-2.95547803565
-2.78457149723
-2.52420807087
-2.19680120821
-1.84208315776
-2.46160275266
-6.15607928008
2.46246939554
1.42275158661
4.79495359002
1.63704642533
1.77214173101
1.18508496541
0.957902366862
0.757268001849
0.65274355642
0.597494293232
0.568928282365
0.554423278339
0.544534271285
0.536843094229
0.529455071721
0.522150782112
0.514733505879
0.507324376956
0.500057191795
0.4931367894
0.486772420774
0.481170808348
0.476544427721
0.473166760981
0.471383428553
0.471481235669
0.473446747311
0.477452317795
0.483809043845
0.492933163258
0.5053205746
0.521549742018
0.542261698238
0.568129031861
0.59979803922
0.637805554979
0.68246697517
0.73374543669
0.79111565759
0.853450596011
0.918995676432
0.985601806023
1.05121069791
1.11351389897
1.16735107514
1.20156064194
1.20008944071
1.14878219595
1.04234236377
0.886296409954
0.694446857683
0.484498507152
0.273863214222
0.0766667294669
-0.097779687096
-0.245244166862
-0.365973857731
-0.463659621625
-0.544351141327
-0.615628186441
-0.686230633879
-0.766120273063
-0.866620503253
-1.00009670407
-1.1787489678
-1.41240848715
-1.70544634133
-2.05299187141
-2.4367646195
-2.82066392522
-3.14669255475
-3.33780598129
-3.32755863139
-3.12769228131
-2.86417135881
-2.65414902072
-2.46039520172
-2.17392071874
-2.76852221384
-7.60839531213
2.47842064589
1.43365327778
4.40276475194
1.60660729223
1.67431548222
1.15304811821
0.916838799896
0.719652854852
0.609382271809
0.552817972129
0.52427100715
0.511669705586
0.504382289325
0.499603475981
0.495114409665
0.490569768795
0.485706448469
0.480620020233
0.475435482391
0.470355370619
0.465587774779
0.461341834449
0.4578428031
0.455384007387
0.45432065577
0.45492055825
0.457152449878
0.461235192559
0.467519577809
0.476415142803
0.48841129934
0.504059729961
0.523957282225
0.548709339773
0.578873259975
0.614879029378
0.656930349137
0.704894988843
0.758200711776
0.815761062602
0.876017088348
0.937290162749
0.998241619826
1.05679990212
1.10645150252
1.13341938883
1.12023993069
1.05450235504
0.934757882556
0.770145375127
0.57640560489
0.371240747399
0.170583941751
-0.0136668474398
-0.174527355479
-0.309775793594
-0.421194420952
-0.51358967945
-0.59391345755
-0.670743662342
-0.754279929474
-0.856681620368
-0.99204535273
-1.17525144851
-1.41933358557
-1.73156184136
-2.10855922618
-2.53092305566
-2.95868609755
-3.33033051241
-3.56943764068
-3.60652088373
-3.42682707834
-3.12656058604
-2.88067836358
-2.76134905605
-2.68489299859
-2.46749502439
-2.94167240623
-8.98878338517
2.35316993212
1.43740175304
4.00040646552
1.56009855763
1.57400236833
1.118088753
0.877105364247
0.683327739186
0.567149476821
0.508535178089
0.479547276767
0.4685794472
0.463799771891
0.461918809677
0.460351892624
0.458601216479
0.456327005332
0.453592201967
0.450508420585
0.447271605496
0.444086226299
0.441163739628
0.438743274309
0.437134318629
0.436688397153
0.437640353098
0.439986619758
0.443953873103
0.449907261327
0.458255192625
0.46947320842
0.484082724953
0.502634220398
0.525669715121
0.553669512787
0.58698162561
0.625738391369
0.669772163396
0.718540879319
0.77109311795
0.826182841063
0.882756392943
0.940256157707
0.996486004184
1.04282687237
1.06255103703
1.03755364801
0.958265129808
0.827369946824
0.657077712996
0.464232401393
0.26584316366
0.0760197077825
-0.0955782754623
-0.244095588026
-0.369064556711
-0.473611011588
-0.563607597632
-0.647044478696
-0.733839341614
-0.836203191998
-0.969101738256
-1.14951987222
-1.39357827902
-1.71167261451
-2.10259420918
-2.54765871211
-3.00624442717
-3.41566119878
-3.7000254515
-3.79231292013
-3.66976239934
-3.39139300969
-3.09726019733
-2.91832563286
-2.86667950321
-2.88602628164
-2.75284164964
-2.99772057449
-10.2056243308
2.09430672066
1.4308790107
3.58922956911
1.49605193471
1.47045229222
1.08043358701
0.839384891487
0.649411508301
0.527110038745
0.465528894512
0.435420078216
0.425650830194
0.423173657885
0.424103260037
0.42543049488
0.426469765493
0.426789861051
0.426412595353
0.425430390445
0.424028204751
0.422403472073
0.420767828333
0.419370262938
0.418527276108
0.418575839597
0.419720786725
0.421990762806
0.425610943244
0.430949361701
0.438406375584
0.448438784101
0.461536175208
0.478204996038
0.498932537625
0.52414042046
0.554124842412
0.588992784865
0.628602411417
0.672517721259
0.720009909299
0.770263099958
0.823007592001
0.878468614365
0.933796347456
0.97744385953
0.989667409331
0.952845159066
0.861221328138
0.721530905347
0.548315262256
0.358715384064
0.168514621824
-0.010175655977
-0.169836051531
-0.307516144721
-0.424285543844
-0.524496040018
-0.61511922488
-0.705381953326
-0.806906403449
-0.93439636443
-1.10587998894
-1.34031168497
-1.65191952673
-2.04293308007
-2.49704073559
-2.97543313355
-3.41743074577
-3.74891150905
-3.90215340259
-3.84668645436
-3.62004184954
-3.3310013027
-3.10311580179
-2.98543359999
-2.97061310841
-3.06249056275
-3.05093312853
-2.98354910247
-11.1971929541
1.72467791283
1.41050064336
3.17124004921
1.41330227411
1.36305496932
1.04055271743
0.804664507933
0.61938586281
0.490696578623
0.424979535978
0.392765527642
0.38352202853
0.382980721367
0.386528918253
0.390651697736
0.394425615716
0.397306617053
0.399262970849
0.400360252478
0.400766286402
0.400667402417
0.400271562505
0.399831195187
0.399660001965
0.400069734136
0.401237338273
0.403217790983
0.406238549642
0.41065904116
0.416866513469
0.425295625356
0.436405338916
0.450663916313
0.468517558459
0.490351675335
0.51644545821
0.546927751864
0.58174302601
0.620630225487
0.663164919357
0.709082355095
0.759067646839
0.81405275114
0.869829799966
0.911081987901
0.915361907528
0.866928005518
0.764515281169
0.618474478323
0.444843791883
0.260356958391
0.079212053081
-0.0885093429659
-0.237263012104
-0.365784213789
-0.47651262726
-0.574973427516
-0.669318930288
-0.770219374375
-0.891295862619
-1.05001029445
-1.26707830254
-1.56112076089
-1.93963012322
-2.39065686455
-2.87879432148
-3.34689462476
-3.72437344113
-3.94358414674
-3.96469548875
-3.80290974357
-3.53962913616
-3.29134355566
-3.13488117608
-3.0600326234
-3.06284590595
-3.20041175821
-3.36024834107
-2.95470997351
-11.9368429739
1.27661948642
1.37651675797
2.75184047633
1.31214545449
1.25168703484
0.999304032122
0.774299464583
0.595135143154
0.459773788326
0.388438219976
0.352734227874
0.343013600382
0.343813383649
0.349641121169
0.356364358578
0.362750425078
0.368109656816
0.372339146825
0.375466479059
0.377633935869
0.379009943646
0.379792779465
0.380230335698
0.380622353151
0.381250212778
0.382265552198
0.383738657447
0.385898386155
0.389089810694
0.393684237739
0.400093715671
0.408750378698
0.420094132243
0.434546861469
0.452484021183
0.474203640467
0.49990336619
0.529668475272
0.563473060875
0.601270205978
0.643481734737
0.691940483648
0.748113725225
0.805543793054
0.844345370336
0.840162317577
0.78064341919
0.669264539029
0.519283602929
0.347406608893
0.169405029975
-0.00230033065209
-0.159582047851
-0.298675084587
-0.419805400994
-0.526664509182
-0.625940450541
-0.727058099548
-0.842279457995
-0.987361584087
-1.18245169437
-1.449766398
-1.80389456068
-2.24000996798
-2.72787807267
-3.21434570289
-3.63267579199
-3.91683606396
-4.02039313017
-3.9382978842
-3.72202175795
-3.46921292364
-3.27534040912
-3.17378426651
-3.12989912338
-3.140274025
-3.28935121005
-3.66030802702
-2.95752433696
-12.4280234207
0.784429145892
1.33384809149
2.34148634969
1.19555438742
1.13679614816
0.957710326505
0.749857876002
0.578879281367
0.436669640973
0.357907156743
0.316832017395
0.305187429466
0.306416799247
0.313980078448
0.322978420795
0.331766682463
0.33945978458
0.345857088915
0.350932819479
0.354792098384
0.357576253973
0.359464652047
0.360690012932
0.361528998636
0.362225000629
0.362907995339
0.363654395007
0.364690737639
0.366343732564
0.368967847358
0.372954336129
0.378715506979
0.386675250897
0.397251040736
0.410835561383
0.427781646682
0.448398119042
0.472957203558
0.501714245978
0.535068157342
0.57428873767
0.622581776987
0.681666296211
0.741747106112
0.777689627504
0.764587498989
0.69487114587
0.57652986635
0.42486568702
0.256512250969
0.0858952459417
-0.0763904840768
-0.22402679394
-0.3548281897
-0.470348927272
-0.575450262429
-0.677988885889
-0.788719171333
-0.921530439025
-1.09423258568
-1.32919765746
-1.64811200936
-2.0568251109
-2.53340411208
-3.02925220651
-3.48061443579
-3.82349180606
-4.00836419114
-4.01541679724
-3.86887685836
-3.63969937007
-3.42125301732
-3.2798212382
-3.21750798982
-3.19798902251
-3.21265822965
-3.33388634537
-3.92272077831
-3.01875843919
-12.693983667
0.278865560444
1.28316457932
1.95099430247
1.06925384195
1.01918007706
0.916260642704
0.732718742047
0.573043892708
0.424208519331
0.335948202251
0.287034051961
0.271433294182
0.271743803275
0.280213443529
0.290984630485
0.301851795725
0.311657363569
0.320063006932
0.326967114865
0.332422058082
0.336529541329
0.339438635553
0.341354815305
0.342518682207
0.343132438312
0.343305173742
0.343110086475
0.342767741824
0.342584285534
0.342897509026
0.344082182398
0.346539586743
0.350692561475
0.35697490636
0.365824155912
0.377680825725
0.393001628134
0.41227908326
0.436078718622
0.465304553864
0.502284627558
0.551878205618
0.615634332182
0.679105554474
0.711464554253
0.689195171881
0.610518931195
0.487281120072
0.335937704254
0.172455376766
0.00969924543546
-0.143500909366
-0.282456203756
-0.406375185669
-0.518007766778
-0.623323580162
-0.731340483691
-0.854131315685
-1.00709767755
-1.20978420286
-1.48597305414
-1.85405467178
-2.30611269833
-2.80072376599
-3.27578737018
-3.66784621709
-3.92661980477
-4.02411937099
-3.96365453663
-3.78775843495
-3.5724343564
-3.39665215445
-3.29953303529
-3.26389037193
-3.26481957638
-3.2893001132
-3.35250672353
-4.124237573
-3.14415292092
-12.7673583053
-0.214678444554
1.20189788428
1.58069125387
0.938023825459
0.899233728716
0.874294283324
0.723751233511
0.580190459229
0.425770729226
0.325815155805
0.26593302625
0.243588293782
0.241034203361
0.249183217347
0.260983086761
0.273457950744
0.285059193583
0.295248957242
0.303817156691
0.310741863216
0.316068880459
0.319902196537
0.322405519876
0.323773055971
0.324157378735
0.323649037668
0.322309584092
0.320349211738
0.318052001578
0.315740771008
0.313779274942
0.31256850824
0.312545851758
0.314182781601
0.317987308103
0.324517115207
0.334405345536
0.348383355637
0.36733126252
0.392711056573
0.428181439392
0.480627402458
0.550854966702
0.618148851744
0.645968200776
0.614612857943
0.528495688668
0.402365208458
0.253023327528
0.0953468422541
-0.0594263412146
-0.20409851335
-0.335421635426
-0.453834033385
-0.563171640678
-0.670452552311
-0.785814789724
-0.922548201923
-1.09729526731
-1.33081215481
-1.64721937135
-2.05831670273
-2.53791257157
-3.02632801239
-3.45708252241
-3.77818035916
-3.95886781615
-3.99045399607
-3.8913754388
-3.71212631986
-3.52434609309
-3.38919953436
-3.32524992405
-3.30668794294
-3.32336131477
-3.36865151395
-3.36794510767
-4.25525080941
-3.32664239699
-12.6805476449
-0.673405258484
1.06206139274
1.20510210774
0.793842321808
0.776660556746
0.831235591742
0.723582680543
0.602979645282
0.445293444229
0.331553556598
0.256896548485
0.224085758538
0.215921950623
0.221971807733
0.233722887938
0.247140125898
0.260102104105
0.27177529534
0.281792291337
0.290027654156
0.296450206329
0.301101171925
0.304086388606
0.305538425063
0.305555908384
0.3042093839
0.301541737422
0.297747824005
0.293089149023
0.287875394531
0.282465963809
0.277272342911
0.272762480296
0.269465470224
0.267983384567
0.269015897994
0.273394161482
0.282090367507
0.296272794307
0.317988430831
0.352596914023
0.409532263436
0.488110871141
0.559286588982
0.581508172656
0.541547110542
0.449676730373
0.322484776087
0.176464463382
0.0251526835294
-0.121791624526
-0.258632225514
-0.383382162313
-0.497567746222
-0.606012922371
-0.716712853579
-0.84083687526
-0.992699000859
-1.18977346042
-1.45336113874
-1.8067274724
-2.25148079518
-2.73998885254
-3.19967224654
-3.57105145966
-3.82153589093
-3.9392702521
-3.92813402157
-3.81364529669
-3.64710381693
-3.49072382919
-3.38914295553
-3.3495706752
-3.34309771849
-3.36825891479
-3.43893383301
-3.39568469246
-4.31964772348
-3.55905358185
-12.4648741492
-1.06787980533
0.904850885511
0.782337890858
0.617637214203
0.654047668678
0.789177926731
0.732919946511
0.643805355096
0.487012495086
0.357941511654
0.264158498669
0.216101668186
0.198563876991
0.199988642297
0.210155286105
0.223592674924
0.237334617532
0.250101286004
0.261294278598
0.270644205294
0.278016260341
0.283367432732
0.286726538407
0.288151580728
0.287677877672
0.28535569553
0.281202467232
0.27539171979
0.268161215732
0.259809517775
0.250697596131
0.241257947511
0.232003473717
0.223539319768
0.216582361638
0.21199647314
0.210826690402
0.214272737174
0.223725286914
0.241812403121
0.276037526035
0.339170808834
0.428153886691
0.50282200977
0.518450842855
0.470760652698
0.37485886865
0.2481791459
0.106435165715
-0.0382725036019
-0.177738694291
-0.307507716718
-0.426691857622
-0.537781284886
-0.646493428648
-0.761707301936
-0.895486375765
-1.0628972414
-1.28173900112
-1.57311964729
-1.95825476979
-2.42485561722
-2.90273768998
-3.315599533
-3.62188347649
-3.81091947482
-3.88408293658
-3.85031229393
-3.73646198717
-3.59089892951
-3.46502439744
-3.38938303211
-3.36687171403
-3.36968234575
-3.39869527407
-3.48676202121
-3.43738980901
-4.32700365858
-3.83257020779
-12.1692258513
-1.35408805883
0.730009280705
0.474344567034
0.43214248516
0.534107605859
0.751438390288
0.752409166656
0.704016852697
0.554690793078
0.410036044544
0.292690273374
0.223632792721
0.191781277333
0.185090294952
0.191513493022
0.203703852328
0.217461803894
0.230828248174
0.24286052833
0.253089298181
0.261243144305
0.267169814846
0.27080067071
0.272100376578
0.271031797972
0.267621139228
0.261856355831
0.253882340747
0.24391134374
0.232230955863
0.219208546185
0.205305554956
0.191092021165
0.177264448157
0.164673922527
0.154370176516
0.147628552803
0.145852639033
0.150546240962
0.164837396881
0.198916051806
0.270002571391
0.371758317785
0.448999923405
0.457276653157
0.403053554004
0.30474393992
0.179839563067
0.0429832801251
-0.0951352320765
-0.227598471094
-0.35105880162
-0.465585176165
-0.574520623336
-0.684377434819
-0.804802820959
-0.948575091598
-1.13119115702
-1.37021697387
-1.68582033151
-2.0960669706
-2.57109142201
-3.01967052199
-3.37378054326
-3.61757519789
-3.75906127538
-3.80505828205
-3.76402527457
-3.66109476511
-3.54017599456
-3.44236981481
-3.38629327419
-3.37565802946
-3.38451500745
-3.4171483581
-3.50815468605
-3.48109353466
-4.29613022323
-4.09436816509
-11.8723455294
-1.50104164912
0.581432464886
0.282483986628
0.28770632406
0.426707335019
0.724355985248
0.78305916025
0.782453331858
0.649888772214
0.49204508704
0.347706086295
0.251455846012
0.199228122829
0.179770243563
0.179447981221
0.188640823505
0.201406336031
0.21475277732
0.227215105133
0.238041742566
0.246781126717
0.253142629781
0.256935933292
0.258017527633
0.256270049969
0.251691050645
0.244230305828
0.233993514491
0.221162070153
0.206010290927
0.188912958305
0.170365187281
0.151001364806
0.13162144898
0.113229619368
0.0970896579225
0.084732210638
0.0777385941232
0.0775726470098
0.0877096016093
0.121539135345
0.202299959854
0.31968987028
0.398003289071
0.398541162288
0.339168219701
0.239868608867
0.117676120678
-0.0139797555323
-0.145708393964
-0.271703967172
-0.389570719862
-0.500209870435
-0.607712797476
-0.719283055383
-0.845199621621
-0.998750766553
-1.19552084395
-1.45228333032
-1.78753886362
-2.21523745938
-2.68437575581
-3.0873181162
-3.37756959201
-3.56761326991
-3.67651384705
-3.70970453725
-3.67283146936
-3.58746844697
-3.49111570444
-3.41896831614
-3.38071944713
-3.37764170294
-3.39238512126
-3.42508564976
-3.51050374243
-3.50385479399
-4.25594044756
-4.30517597295
-11.5153233023
-1.59032963273
0.465842594341
0.184752142884
0.297319178657
0.379428106005
0.713174835181
0.821794786688
0.872482506037
0.769382289935
0.605615785193
0.43380048017
0.30493691868
0.225601145328
0.187477020753
0.176277941017
0.180006036987
0.190407282326
0.20294388294
0.215343824862
0.22644424448
0.235559255993
0.242226721184
0.246109052581
0.246926146174
0.244454916946
0.238655913387
0.229445053146
0.216879610239
0.201101592079
0.182365038095
0.161049240144
0.137682026969
0.112963385092
0.0878021251544
0.0633751851705
0.0412014691022
0.0231164531633
0.0108655350113
0.00567956279558
0.0111026376909
0.0442431300687
0.136235370402
0.272810435734
0.350111554956
0.34297949043
0.279859574377
0.180710329763
0.0618425533421
-0.0645493943386
-0.190217808029
-0.310297698983
-0.423210807349
-0.530576961616
-0.637137502954
-0.750676475773
-0.88196086266
-1.04457157024
-1.2538612351
-1.52527869948
-1.87498006958
-2.31193047152
-2.76065252725
-3.10523028133
-3.33317035265
-3.48170613119
-3.57175373082
-3.60320731299
-3.57837236386
-3.5152855834
-3.4442165478
-3.39492695745
-3.37266238852
-3.37222473177
-3.38708676942
-3.41595484127
-3.49185538811
-3.50068349985
-4.19875736244
-4.46971865967
-11.057657662
-1.6568730426
0.420196921892
0.132734513297
0.368741995423
0.411486700524
0.715955973178
0.857432637731
0.96031766412
0.903201794942
0.747988969149
0.553665168035
0.389450197609
0.276708765999
0.21301271827
0.185390614973
0.180103928154
0.186173606297
0.196840271939
0.208561181363
0.219536970317
0.228750100748
0.235520405539
0.239336857352
0.239780606753
0.236542332984
0.229538133197
0.218612230536
0.203742864773
0.185014285755
0.162644852927
0.137007554001
0.108654387856
0.0783421241661
0.0470826672103
0.0162435217995
-0.012334056453
-0.0364076819883
-0.0540436417059
-0.0644625469902
-0.0644111659405
-0.0327557736154
0.0716492531598
0.231744712549
0.305409525569
0.291110584258
0.225543139002
0.127385071923
0.0121867592105
-0.109060486074
-0.229060521025
-0.343747364543
-0.452233137604
-0.556757313232
-0.66260726352
-0.778042923519
-0.914165403109
-1.08465808066
-1.30434745444
-1.58692839243
-1.94548542286
-2.38322830721
-2.79712292416
-3.07517186668
-3.24799989334
-3.36842267139
-3.45087495785
-3.48834491649
-3.48110816255
-3.44430253256
-3.40037319151
-3.36911911562
-3.35572501205
-3.35546167888
-3.36706342026
-3.38746958777
-3.449665447
-3.46839281013
-4.12072357581
-4.58427801096
-10.4888657952
-1.70659359484
0.399817583407
0.148207360193
0.458234599672
0.483779266777
0.719039898778
0.871943813166
1.02691474523
1.03467896486
0.910200064022
0.705890115607
0.508641138759
0.358693562067
0.262585495716
0.211612013884
0.19225680401
0.191067054206
0.198359654345
0.20863615445
0.219084358091
0.228221686152
0.235107953138
0.23900879914
0.23926882857
0.235366498102
0.227150442144
0.214470674532
0.197243338453
0.175474400552
0.149326603766
0.119149206464
0.0855064904242
0.0491929166288
0.0113008547571
-0.0266092596205
-0.0622781846768
-0.0928673039514
-0.116136925277
-0.132007030319
-0.138041915699
-0.108876334798
0.0086187093358
0.197642816623
0.264559105734
0.244037170297
0.177050874581
0.0804349545238
-0.0310344794143
-0.147414508374
-0.262215327363
-0.372012895245
-0.476519023569
-0.578476056086
-0.683636280901
-0.800606683218
-0.940719692036
-1.11755500027
-1.3452853505
-1.63539132608
-1.99735407614
-2.42746140471
-2.79287794816
-3.00173315801
-3.13104845273
-3.23569784024
-3.31895595833
-3.36877106489
-3.38492479782
-3.37708757631
-3.35950661573
-3.34326963948
-3.33401618978
-3.33047745863
-3.33353463679
-3.33968938354
-3.38255787287
-3.40512141937
-4.01879151476
-4.64122749249
-9.81027008782
-1.73832016363
0.404939822908
0.193237902367
0.553058125237
0.535921603915
0.70401526978
0.854544901174
1.0544990896
1.1416647438
1.07477076785
0.881348496794
0.66084516478
0.475599057612
0.342901469123
0.261227662419
0.221033359743
0.208201691296
0.209854141859
0.217606566659
0.226892565205
0.235391600806
0.241766470733
0.245086235844
0.244635384031
0.239950123892
0.230824097155
0.216836145173
0.197675055162
0.173212801676
0.143511234187
0.108862266841
0.0698120138891
0.0271580501577
-0.0179897377648
-0.0639213189397
-0.1078538579
-0.145995173173
-0.175449585346
-0.196983162568
-0.20963727288
-0.184085882571
-0.0538945039088
0.169969097178
0.226646229872
0.201098796933
0.133652194992
0.0388864895081
-0.0688707724048
-0.180730507622
-0.290732662115
-0.396052457464
-0.496836732948
-0.596279113687
-0.700440694018
-0.818232868185
-0.961017030056
-1.14230111093
-1.37533059201
-1.6694164069
-2.02918400741
-2.44324948338
-2.74668814327
-2.88904250826
-2.98798347778
-3.08628059883
-3.1781116891
-3.24714279562
-3.29007718558
-3.31163886579
-3.31891158076
-3.31669568956
-3.30952749821
-3.29919532193
-3.28800470789
-3.27393254557
-3.29108694372
-3.31131635
-3.893642649
-4.63682958777
-9.02995900168
-1.75449894821
0.42182728132
0.235224029702
0.633572596233
0.570271658352
0.679005384715
0.810180380379
1.03015939849
1.19637626263
1.21322960505
1.05968183581
0.83504532399
0.626062875263
0.459950231737
0.342535803963
0.273341852558
0.242257040346
0.234605976175
0.238496719417
0.246659030655
0.255453890607
0.263003628695
0.267913163763
0.268713948852
0.264120403599
0.253798268233
0.237790402369
0.215915646516
0.187923354068
0.153738485508
0.113562485761
0.0679043612515
0.0175415944225
-0.0364781155286
-0.092416122052
-0.146903768422
-0.194653883931
-0.231288208637
-0.258364770665
-0.277557896305
-0.256530349933
-0.114560004381
0.151927018742
0.194218798233
0.16570863795
0.0981193925227
0.00532408537041
-0.0992482587363
-0.207109100382
-0.312987026263
-0.414317370329
-0.511764551788
-0.608701622591
-0.711574783108
-0.8292602423
-0.973378152327
-1.15687992585
-1.39297002335
-1.6876185701
-2.04118303158
-2.43055014151
-2.66065164009
-2.743540293
-2.82604587755
-2.92970306337
-3.04047193827
-3.13589437892
-3.20901966688
-3.26002287571
-3.29042716016
-3.30045447071
-3.29275906472
-3.26967595179
-3.23626788707
-3.19528970061
-3.18167655937
-3.1977512765
-3.75884898593
-4.57477716401
-8.15224436153
-1.74324012269
0.43615215994
0.262925011605
0.697667721095
0.596108406542
0.664281852303
0.749691989063
0.946566272132
1.16819013046
1.2867026248
1.20855802246
1.00810444068
0.799294660856
0.617478869176
0.468353673538
0.363254067838
0.304107363189
0.27957434415
0.275109626834
0.279048790238
0.284502348771
0.288191103209
0.288877249457
0.286223158015
0.280308882901
0.270723061921
0.255861558759
0.234420231662
0.205761250748
0.169553352899
0.125811764418
0.0749454186289
0.0176562863325
-0.0452119316896
-0.112230323999
-0.179718116962
-0.240293902194
-0.286383743913
-0.319011221866
-0.34352299589
-0.327393646891
-0.178415051576
0.13446343758
0.159846824959
0.13039647519
0.0642329606299
-0.0268885620168
-0.128068337921
-0.232409642086
-0.334207146322
-0.431783784342
-0.525635454497
-0.61972156357
-0.720154507235
-0.836375452931
-0.979102236141
-1.16230328839
-1.39741265385
-1.69080540439
-2.03158208944
-2.38688941024
-2.53017660885
-2.561086024
-2.64143662315
-2.76498479434
-2.9017914307
-3.02520188921
-3.12655539268
-3.20278352159
-3.25120326587
-3.2695671785
-3.25958137823
-3.2275457142
-3.17915362751
-3.11536677061
-3.07283272643
-3.09088884252
-3.63669526241
-4.44445546818
-7.14375281639
-1.63720084164
0.456975924461
0.274562679015
0.747900630259
0.623298287201
0.658200944605
0.690459036224
0.819170833047
1.044000701
1.25543442193
1.28424949688
1.13907321739
0.961012862706
0.801198788333
0.647237830644
0.512289157789
0.417130750137
0.364805176239
0.345933800807
0.347414104683
0.358985482898
0.37417950542
0.388389918387
0.396609722103
0.39412806912
0.380839066325
0.359375229344
0.330357305018
0.293167292977
0.247200229598
0.192260485892
0.128661043107
0.0570576784115
-0.0219968946785
-0.107863417106
-0.19720818106
-0.280015538275
-0.342063635653
-0.379794451687
-0.403604723232
-0.388410658644
-0.23474510791
0.134677210416
0.140331867044
0.116134049239
0.0489757864162
-0.0408541530492
-0.140977723869
-0.242801652508
-0.342304441799
-0.436995381713
-0.52846170658
-0.619862374192
-0.718271113907
-0.831671386136
-0.972331900349
-1.15130704454
-1.38515628762
-1.67438624229
-2.00541247926
-2.30921827177
-2.36038524375
-2.35775854061
-2.46499337663
-2.6383876789
-2.8196396925
-2.98162702406
-3.11856830375
-3.22562094272
-3.29582332825
-3.32365930907
-3.30880223313
-3.25140457329
-3.15954747732
-3.05185816672
-2.97256024481
-2.98610057169
-3.48629200604
-4.15487525143
-5.92192551266
-1.34583376052
0.524748136049
0.250180230266
0.772618524171
0.654782400963
0.660632260702
0.664200008046
0.710536523884
0.867788442735
1.10596335325
1.23749800901
1.1670934795
1.0350395965
0.93793671314
0.833629848222
0.706579484115
0.586356098758
0.496128005992
0.440973534453
0.410504114339
0.390017551805
0.369793175293
0.348909245861
0.332234529794
0.324190210972
0.322597733178
0.318784011584
0.306353252443
0.283182118481
0.248124115862
0.200594525353
0.140580927205
0.0685458857389
-0.0153986794448
-0.111974730859
-0.21978067859
-0.327567129895
-0.411964588659
-0.456734964226
-0.471753654315
-0.447374243939
-0.312287248904
0.0864582732386
0.0950841109393
0.0734746452528
0.0124725218056
-0.0796233937031
-0.174318044082
-0.274586663883
-0.368735097056
-0.460472278803
-0.546524250965
-0.634714416384
-0.726287985006
-0.835928712683
-0.965140304398
-1.13891771603
-1.35436119504
-1.64937728157
-1.95454432881
-2.18427250402
-2.11842129032
-2.10280096379
-2.25969339341
-2.49021826426
-2.69934031084
-2.87056401353
-3.01018906665
-3.11391880743
-3.17152113985
-3.17758409777
-3.14095336417
-3.0911162278
-3.03560479487
-2.92721883075
-2.77793270894
-2.72743308064
-3.12182634192
-3.56086921644
-4.51179486881
-0.973049441143
0.684151270043
0.19305657949
0.730570491988
0.682615965264
0.66370850956
0.658999658126
0.667339139373
0.730435084686
0.890936862591
1.05335301472
1.05869640955
0.970171371676
0.943840175082
0.933137376611
0.872024642262
0.771050070462
0.669238148805
0.606286517114
0.603277266578
0.657198175885
0.745158680039
0.836160281727
0.901096264138
0.917988572688
0.890234733456
0.843216114123
0.784564946015
0.714527614775
0.63199821236
0.536073364295
0.426523123671
0.303839702237
0.16810842951
0.0168913588154
-0.153755068411
-0.338140541709
-0.502699798622
-0.58890881926
-0.565465853522
-0.464112016386
-0.337028381841
0.145206019457
0.147005553189
0.144031815359
0.0609270235114
-0.0297451016157
-0.133892416089
-0.233341488298
-0.332092848839
-0.423041127352
-0.511978769212
-0.59832986694
-0.691837104362
-0.795058271038
-0.924186750398
-1.07933721024
-1.2916658868
-1.56798051858
-1.91527711067
-1.99705440136
-1.83125873686
-1.90577804814
-2.25851550424
-2.65307333711
-2.96904570589
-3.22842934355
-3.45765574817
-3.64848790467
-3.7832013241
-3.84989359828
-3.82712084931
-3.65427521229
-3.24740149709
-2.68728562301
-2.26098837075
-2.23765326026
-2.69374132677
-2.99590929767
-3.3873389737
-0.931870318647
0.880750435532
0.237346179453
0.59005725647
0.659009731829
0.646872694782
0.637599001218
0.627046554622
0.644062989073
0.718257211479
0.824527453807
0.880993360746
0.874978369937
0.96376768484
1.11259272167
1.21244312465
1.19927879893
1.05553448397
0.80468986633
0.496284641703
0.189316973653
-0.0647105836433
-0.229299099023
-0.282643081453
-0.22589461767
-0.12121926046
-0.0176748261085
0.06832885524
0.132214523111
0.171572039959
0.184660863765
0.170114119499
0.12759028975
0.0563257283313
-0.0503236343722
-0.208776782436
-0.427998964504
-0.65505445733
-0.734307321036
-0.568496975014
-0.444857208141
-0.414148021304
0.0393164513652
0.0295611318158
0.0210875431221
-0.0724763957187
-0.152881722327
-0.250716399
-0.338642783648
-0.427181678726
-0.507971833094
-0.585174735185
-0.662630603872
-0.739335339779
-0.83122073533
-0.929159268128
-1.06381785499
-1.21200184931
-1.4622475403
-1.83328765743
-1.69887782363
-1.32600485987
-1.58485728815
-2.14503139164
-2.5397046691
-2.70664273509
-2.76259347343
-2.75339682611
-2.65742299567
-2.4524835846
-2.13779765149
-1.75138765673
-1.35949958648
-1.26273489734
-1.68532008109
-2.59350343405
-3.61929364422
-4.22868052458
-3.87055099212
-3.17010628796
-1.15587666245
1.01456966457
0.439003287278
0.467424722966
0.526000539914
0.516555347211
0.500382648608
0.504215863247
0.569989350436
0.665388928526
0.725114722799
0.751022179539
0.78080667449
1.02959103173
1.519809612
2.1628468607
2.87742875037
3.58231913802
4.20601733531
4.69348151446
5.01609089826
5.17192520351
5.1804791882
5.07659003513
4.91507729872
4.76875272934
4.60260891997
4.39956099682
4.15603621931
3.87355600148
3.55369015259
3.19885720759
2.81369795815
2.40310859528
1.96240191548
1.46917550451
0.910994667739
0.369909801672
0.0526108494701
0.00680366251028
-0.188685288047
-0.0382296271436
1.34953505679
0.376370983371
0.755170534505
0.270038333212
0.391149719653
0.101596855228
0.10425332407
-0.0937801378506
-0.125963703061
-0.29266452052
-0.315250116749
-0.510093069862
-0.484295894773
-0.789831746431
-0.645573658943
-1.17644501993
-0.798165677714
-1.9526618612
-1.1107101673
-0.80947481719
-2.37541213949
-4.21537713919
-5.62307703043
-6.77496744887
-7.89263736428
-8.9843424893
-9.98098631827
-10.8352874624
-11.5377592079
-12.136325665
-12.8647634807
-13.5831911208
-13.8678010669
-13.2895842968
-11.5495419979
-8.7218564078
-5.28526376418
-2.32941154878
-0.0615791045892
1.01144287297
0.711761970342
0.630465546245
0.683418100034
0.719542876753
0.745470252086
0.810126475431
0.88548961393
0.915674278717
0.870740660335
0.748504298199
0.529154250265
0.283280082813
0.115102904504
-0.0194305541749
-0.087798984714
-0.0752914541717
0.0291675259486
0.217311885174
0.469311451116
0.756302296323
1.04565424004
1.30242224454
1.49001862473
1.58638445459
1.63906608899
1.6714478085
1.68983538387
1.69396984475
1.68123726162
1.64870249006
1.59510264662
1.51876594931
1.40535156831
1.21443719112
0.905825064603
0.527422435359
0.228673927226
-0.032143124051
-0.424138876487
-0.707625069363
1.16381723766
-0.624727215837
0.495251468133
-0.395987706226
0.120741997478
-0.330338348987
-0.0926171411243
-0.358387615276
-0.218813661132
-0.448093139303
-0.280237834274
-0.603902589717
-0.261257409018
-0.862851295578
-0.106537507409
-1.27813292376
0.295060887735
-1.68029432527
0.546652110452
0.408225146219
-1.78288583132
-3.12291176834
-3.44204550446
-3.49653114617
-3.61527408569
-3.76574921335
-3.87491915565
-3.92351938687
-3.89627142667
-3.69737770588
-3.04348313828
-1.83620857347
-0.241095685954
1.47252134375
2.95527344695
3.86668127484
4.01081155375
3.56193579666
2.93337642883
)
;

boundaryField
{
    frontAndBack
    {
        type            empty;
    }
    upperWall
    {
        type            zeroGradient;
    }
    lowerWall
    {
        type            zeroGradient;
    }
    inlet
    {
        type            zeroGradient;
    }
    outlet
    {
        type            adjointOutletPressure;
        value           nonuniform List<scalar> 
20
(
-0.685851292313
-0.473131864955
-0.350402856713
-0.308367642056
-0.285857296173
-0.258314288608
-0.226983177886
-0.194089503184
-0.160042161709
-0.124601170047
-0.087379794361
-0.0478327740595
-0.00516871253657
0.0417723881818
0.0947259971675
0.156623722032
0.231332213403
0.320794177845
0.382404638155
0.235319568572
)
;
    }
}


// ************************************************************************* //
