/*--------------------------------*- C++ -*----------------------------------*\
| =========                 |                                                 |
| \\      /  F ield         | OpenFOAM: The Open Source CFD Toolbox           |
|  \\    /   O peration     | Version:  v1806                                 |
|   \\  /    A nd           | Web:      www.OpenFOAM.com                      |
|    \\/     M anipulation  |                                                 |
\*---------------------------------------------------------------------------*/
FoamFile
{
    version     2.0;
    format      ascii;
    class       volScalarField;
    location    "500";
    object      p;
}
// * * * * * * * * * * * * * * * * * * * * * * * * * * * * * * * * * * * * * //

dimensions      [0 2 -2 0 0 0 0];


internalField   nonuniform List<scalar> 
6400
(
0.1877941291
0.187550675332
0.187172959398
0.186775488065
0.186628386025
0.186272226024
0.185460042838
0.184056410083
0.18210785706
0.179675861684
0.176843383763
0.173703168174
0.170348945016
0.16686904425
0.163342395821
0.159836510671
0.15640695745
0.153097858323
0.149942997315
0.146967226611
0.144187950338
0.141616544332
0.139259633967
0.137120194897
0.135198471262
0.133492720936
0.131999808169
0.130715665085
0.129635645424
0.12875479244
0.128068038525
0.127570344781
0.127256800835
0.127122742717
0.127163963046
0.127377087005
0.1277598251
0.128309793947
0.129021703632
0.129889739337
0.130909915773
0.132078227468
0.133390357895
0.134841932217
0.136428580009
0.138145949994
0.139989697182
0.141955449803
0.144038755267
0.146235004469
0.148539332583
0.150946498492
0.153450745437
0.156045651146
0.158723976225
0.161477525424
0.164297035307
0.167172105959
0.170091190012
0.173041652937
0.176009910055
0.17898164278
0.181942084533
0.184876361507
0.187769860567
0.19060859044
0.193379486031
0.196070597731
0.198671098132
0.201171026549
0.203560648293
0.20582920229
0.207962683997
0.209940796401
0.21173450879
0.213304008722
0.21458753172
0.215477218961
0.215857799154
0.215836839147
0.187834828798
0.187555156068
0.187291682276
0.18695361756
0.186534711062
0.186226113902
0.185397575269
0.18395713872
0.181961225802
0.179478073683
0.17659704649
0.173414748623
0.170027002725
0.166522851016
0.162980945652
0.159467881537
0.156037967765
0.152733948609
0.149588267475
0.146624567436
0.143859221731
0.141302765741
0.138961166193
0.136836900832
0.134929851406
0.133238022318
0.13175810942
0.130485937925
0.129416797111
0.128545690149
0.127867523964
0.127377222431
0.127069771951
0.126940223354
0.126983804434
0.127196630033
0.127577245224
0.128124790173
0.128835973645
0.129705478264
0.130727631698
0.131897299624
0.133209855067
0.134660840629
0.136245883095
0.137960653837
0.139800844591
0.141762129954
0.14384011867
0.146030277851
0.14832783866
0.150727672639
0.153224152982
0.155810996447
0.15848110702
0.161226423844
0.164037799723
0.166904916327
0.169816262195
0.172759176601
0.175719977127
0.178684163085
0.181636696801
0.184562338336
0.187446016718
0.190273196127
0.193030199108
0.195704421877
0.19828439377
0.200759606964
0.203119995514
0.205354907437
0.207451401067
0.209391861792
0.211151385818
0.212694728501
0.213970358598
0.214902504937
0.215403142833
0.215470503626
0.188303826858
0.187905968842
0.187445128936
0.187066120818
0.186496033963
0.18577463766
0.184637170893
0.182986815311
0.180835808483
0.178242074434
0.175289830314
0.17207126319
0.168677334066
0.16519177787
0.161687838081
0.158226957511
0.154858820379
0.15162223181
0.148546437839
0.145652605218
0.142955280496
0.140463726079
0.13818308534
0.136115364381
0.134260237185
0.132615692985
0.131178546321
0.129944829887
0.128910092425
0.128069629804
0.127418661165
0.126952411047
0.12666602987
0.126554478096
0.126613059865
0.126839434463
0.127235274016
0.12779702243
0.12851754113
0.129393040154
0.130419042094
0.131591024933
0.13290453455
0.134355179812
0.135938621941
0.137650565254
0.139486743043
0.141442892816
0.143514712417
0.145697793392
0.147987526481
0.150378980298
0.152866753937
0.155444811675
0.158106308265
0.16084342063
0.163647200952
0.166507471122
0.16941277448
0.172350401502
0.175306497624
0.17826625787
0.181214200723
0.184134507516
0.187011401599
0.18982953479
0.192574342786
0.195232304449
0.197791059514
0.200239357477
0.202566669996
0.204762378676
0.206814567445
0.208708266384
0.210422826766
0.211928432029
0.213183698054
0.214135242502
0.214706779398
0.214827955672
0.188993339967
0.188482193845
0.187817131135
0.18709253952
0.186171699942
0.184998045416
0.183465514194
0.181518739779
0.179159848998
0.176434404645
0.173413651628
0.17017819071
0.166808254082
0.163377676205
0.159950816856
0.156581453306
0.153312933946
0.150179055339
0.147205284682
0.144410080854
0.141806167784
0.139401683979
0.137201178393
0.135206446782
0.13341722004
0.131831721345
0.130447108793
0.129259817751
0.128265823298
0.127460859635
0.126840580334
0.126400596751
0.126136247622
0.126042477442
0.126115617286
0.126357040564
0.126766135179
0.127337462031
0.128066013877
0.128947405673
0.12997720948
0.13115102523
0.132464487587
0.133913263613
0.135493056816
0.137199612784
0.139028721065
0.140976203972
0.143037886133
0.145209536689
0.147486780891
0.149864977529
0.152339065198
0.154903381619
0.157551468097
0.160275872542
0.163067971184
0.165917828128
0.168814114766
0.171744105711
0.174693765026
0.177647927226
0.180590570078
0.183505162405
0.18637506847
0.189183963591
0.191916251672
0.194557395338
0.197094090875
0.199514390748
0.201807499342
0.20396312839
0.205970694708
0.207818085488
0.209489353186
0.210961461235
0.212202837165
0.213173199451
0.21379772848
0.213971867166
0.18966374695
0.188925202355
0.187968641875
0.186828570193
0.18546731707
0.183851785234
0.181925363446
0.17966497932
0.17708219869
0.174218008963
0.171131943197
0.16789104199
0.164562053349
0.161206430197
0.157877769872
0.154620924764
0.151472161322
0.148459895505
0.145605687753
0.142925302512
0.140429723452
0.138126071475
0.136018405751
0.134108405001
0.132395936659
0.130879525443
0.129556731547
0.128424449265
0.127479141029
0.126717034073
0.126134266192
0.125726880562
0.12549052004
0.12542042396
0.125513920184
0.125774322973
0.126199991377
0.126783889486
0.127522073027
0.128410429965
0.129444788412
0.130620917741
0.131934549391
0.133381399751
0.134957196905
0.136657708498
0.138478763861
0.140416262914
0.142466162599
0.144624433313
0.146886978178
0.149249511989
0.151707399173
0.154255456275
0.156887729059
0.159597261143
0.162375874435
0.165213986101
0.168100485479
0.171022694534
0.173966426334
0.176916151182
0.179855271024
0.182766476102
0.185632191296
0.188435014741
0.191158211534
0.1937861587
0.196304500362
0.198700493702
0.200963045534
0.203082089349
0.205048081674
0.206851236424
0.208479639634
0.20991628345
0.211137365158
0.21211270095
0.212768646261
0.212992700976
0.189928920749
0.18884907635
0.187594502027
0.186071846595
0.18430434642
0.182291220343
0.180015896343
0.17747952115
0.174703079446
0.171725308269
0.168596100022
0.165369695573
0.162099457207
0.158834417137
0.155617474519
0.152484765335
0.149465776049
0.146583867408
0.143856986941
0.141298436522
0.138917621206
0.136720741989
0.134711415647
0.132891216014
0.131260138642
0.12981699243
0.128559721366
0.127485665672
0.126591778781
0.125874803353
0.125331379962
0.12495799035
0.124750727133
0.124705652354
0.124821346827
0.125101443036
0.125543667382
0.126140472904
0.126888500746
0.127783919181
0.128822767144
0.130000952214
0.131314281108
0.132758498585
0.134329334969
0.136022556959
0.137834014242
0.139759672372
0.141795621713
0.143938051968
0.146183183617
0.148527150078
0.150965828761
0.153494624203
0.15610821441
0.15880027819
0.161563227007
0.16438797066
0.167263743847
0.170178024665
0.173116563361
0.176063527429
0.179001793224
0.181913292424
0.184779542964
0.18758208384
0.19030303155
0.192925769001
0.195434885791
0.197816795639
0.200060151351
0.202154968263
0.204092310132
0.205863954336
0.207460814678
0.208870082748
0.210072564327
0.211046961244
0.211720797944
0.211991261019
0.189215653825
0.187972974786
0.186530621664
0.184717423197
0.18263566255
0.180312116156
0.177765832477
0.175018770612
0.172100316541
0.169047912493
0.165903882313
0.162711844833
0.159513776148
0.156348026636
0.153248264438
0.15024309966
0.147356153772
0.144606387802
0.142008564685
0.13957376819
0.137309931753
0.13522234961
0.133314151063
0.131586729173
0.130040120338
0.128673331223
0.127484610292
0.126471673684
0.125631916133
0.124962560907
0.124460709326
0.124123194827
0.123946512509
0.123928048228
0.12406875448
0.124370110396
0.124828554971
0.125438280875
0.12619616924
0.127098653493
0.128141959245
0.129322104552
0.130634938315
0.132076195477
0.133641566269
0.135326772672
0.137127643031
0.139040173856
0.141060566246
0.143185224114
0.145410702244
0.14773359564
0.150150365674
0.152657103781
0.155249243347
0.157921241223
0.160666252319
0.163475838039
0.16633973323
0.169245715604
0.172179610053
0.175125386345
0.178065520226
0.180981253337
0.183853306948
0.186662275056
0.189389124374
0.1920164757
0.194527923158
0.196908955823
0.199148073769
0.201235198952
0.203161564793
0.204919801541
0.206502432839
0.20789915244
0.2090924041
0.210068756865
0.210755188019
0.211069221423
0.187553088913
0.186276882853
0.184752049062
0.182758757399
0.18047276125
0.177942161951
0.175215700211
0.172332678838
0.16933042208
0.1662463236
0.163117443994
0.15997945097
0.156865548494
0.153805702737
0.15082621923
0.147949601178
0.145194611367
0.142576472014
0.140107155271
0.137795728966
0.135648729992
0.13367054331
0.131863767432
0.130229554565
0.128767919002
0.127478007199
0.126358325259
0.125406933255
0.124621633709
0.124000120609
0.123539972522
0.123238384386
0.123092273115
0.123100503629
0.123266663857
0.123589290513
0.124063271697
0.124685551017
0.125453042123
0.126362418372
0.127410067164
0.128592089648
0.12990434246
0.131342508686
0.132902189961
0.134579010956
0.136368725623
0.138267312542
0.140271044506
0.142376516383
0.144580615675
0.146880423684
0.149273041008
0.151755333103
0.154323604122
0.156973231236
0.159698271434
0.162491110303
0.165342161866
0.168239668976
0.171169725312
0.174116225674
0.177061465263
0.179986098878
0.182870239945
0.185693819462
0.188436618713
0.191080926109
0.193609468011
0.196006619147
0.198260923162
0.200361898567
0.202300518643
0.204069724457
0.20566245547
0.207069415378
0.208272159419
0.209263203255
0.209965635839
0.210323047736
0.185152570769
0.183893814166
0.182348497777
0.180267342946
0.17787670024
0.175235480736
0.172415264948
0.169468327375
0.16643876851
0.163364761026
0.16028013689
0.157215129724
0.154196697527
0.151248663207
0.148391790743
0.145643853933
0.143019734139
0.140531566274
0.138188938
0.135999134777
0.133967415674
0.132097302603
0.130390865976
0.128848995165
0.127471646799
0.126258064653
0.125206968021
0.124316718041
0.123585485407
0.12301139109
0.12259247227
0.122326377684
0.122210613681
0.122245133816
0.122434566935
0.122776796054
0.123266010771
0.123900188932
0.124676691847
0.12559249897
0.12664417144
0.127827874652
0.129139437201
0.130574442656
0.132128347397
0.13379661567
0.135574860868
0.137458978975
0.139445257077
0.141530437579
0.143711717927
0.145986668686
0.148353064128
0.150808615404
0.153350597874
0.1559754468
0.158678276944
0.161452473495
0.164289332619
0.167177716158
0.17010426032
0.173052871158
0.176006019732
0.178943913301
0.181846309442
0.184693042772
0.187462538673
0.190137416835
0.192699723528
0.195132336144
0.197424518473
0.19956501346
0.201544093222
0.203354858725
0.20498950651
0.206437889402
0.20767833999
0.208705821458
0.209435794838
0.209841027547
0.182190087304
0.180976535483
0.17945099369
0.177351204594
0.174934828706
0.172262480542
0.169421733565
0.166473178083
0.163465973224
0.160439283213
0.15742517335
0.154450457624
0.15153794414
0.148707201186
0.145975000427
0.143355570657
0.140860767899
0.138500230453
0.136281553479
0.134210491449
0.132291181681
0.130526376207
0.128917669177
0.127465711184
0.126170405694
0.125031084072
0.124046659823
0.123215771721
0.122536931422
0.122008646283
0.121629386202
0.121397338885
0.121310758099
0.12137043852
0.12158125927
0.121941171132
0.122444319075
0.123089366041
0.123874104553
0.124795807775
0.125851195948
0.127036473046
0.128347402179
0.129779418778
0.131327774956
0.132987706786
0.134754613052
0.1366242309
0.138592788821
0.140657114036
0.142814669377
0.145063492827
0.147402038463
0.14982891686
0.152342447274
0.154940249213
0.157618634959
0.160372137774
0.163193173829
0.166071294191
0.168994094351
0.171945467862
0.174908614489
0.177863497413
0.180789718183
0.183667914592
0.186474644203
0.189193822069
0.191807188673
0.194295497247
0.196651034996
0.198861453324
0.20091487767
0.202804679205
0.204521345362
0.206051171625
0.207367012876
0.208460890398
0.209238135424
0.209702632715
0.178813227558
0.177665827869
0.176190339562
0.174123387671
0.171740446353
0.169098157089
0.166294480457
0.163394248828
0.160449930243
0.157501482861
0.154580095613
0.151710575555
0.148913125046
0.146204488897
0.143598650603
0.141107244535
0.138739820531
0.136504050135
0.134405920711
0.132449933045
0.130639301087
0.128976146523
0.12746168114
0.126096373766
0.124880100758
0.123812280671
0.122892000132
0.122118141817
0.121489514777
0.121004949895
0.120663275367
0.120463206876
0.120403828595
0.120486684119
0.120716547719
0.121091875662
0.1216071132
0.122261522677
0.123053319337
0.12398005869
0.125038602897
0.126225167623
0.127535413316
0.128964579493
0.13050765577
0.132159581627
0.133915463865
0.135770797175
0.137721666728
0.139764904548
0.141898174159
0.144119936758
0.146429293738
0.148825796931
0.151308835306
0.153877317681
0.156528870353
0.159259239113
0.162062288842
0.164928137488
0.167846012003
0.170799589777
0.173773497214
0.176747697295
0.179701477351
0.182617404029
0.185469315145
0.188244429108
0.190925168346
0.193488675622
0.195935233079
0.198250662762
0.200416956345
0.202427906696
0.204271333765
0.205928186071
0.207366515596
0.208569206013
0.209429347285
0.209975976759
0.175159695755
0.174091241562
0.172686503174
0.170689044912
0.168381837527
0.16581424736
0.163090393684
0.160276175623
0.157425863928
0.154579805626
0.151768755414
0.149016389157
0.146341331909
0.143758502624
0.141279973897
0.138915514558
0.136672955077
0.134558465202
0.132576790188
0.130731462815
0.129024994093
0.127459040907
0.126034550663
0.124751886625
0.123610937644
0.122611216298
0.121751960436
0.121032257251
0.120451161379
0.120007753461
0.119701096976
0.119530321609
0.119495519898
0.119599405254
0.119845960617
0.120234169535
0.120759320073
0.121421275623
0.122218676602
0.123149350892
0.124210286275
0.125397685527
0.126707073279
0.12813345136
0.129671495186
0.13131578526
0.133061062012
0.134902492848
0.136835929603
0.138858117212
0.140966838552
0.143160925327
0.145440030943
0.14780469665
0.150255329541
0.1527921967
0.155414352246
0.158118644481
0.160900922687
0.163751440949
0.166662005916
0.169615608266
0.172598768576
0.175591643538
0.178572705477
0.181528131006
0.18442845651
0.187268158987
0.190032621321
0.192691439789
0.19525532233
0.197706931933
0.200020852433
0.20219248695
0.204207710737
0.206044309998
0.207666704532
0.209038915143
0.210040593922
0.210707333597
0.171351539324
0.170367133071
0.169044927632
0.16714094382
0.164937638717
0.1624753345
0.159861149629
0.157159691496
0.154425820727
0.151699781469
0.149012024628
0.146385560448
0.143838056928
0.141383255859
0.139031930058
0.136792528612
0.13467163653
0.132674326635
0.130804443203
0.129064833392
0.1274575328
0.125983908752
0.124644769606
0.123440451625
0.12237089219
0.121435695155
0.120634210537
0.11996567202
0.119429304766
0.119024346973
0.118749953122
0.118605473401
0.118592309377
0.118715772708
0.118976792621
0.119374085159
0.11990638877
0.120573602656
0.121374721023
0.122307817597
0.123369986779
0.124557394437
0.125865400203
0.127288733786
0.128821714113
0.130458509797
0.132193429702
0.134021233765
0.135937454045
0.137938654064
0.140022634173
0.142188570619
0.144436459189
0.14676792382
0.149184234041
0.151687021184
0.154276953016
0.156951594765
0.159709598566
0.162540518421
0.165439561646
0.168388279072
0.171375094224
0.174380991686
0.177383598097
0.180376813748
0.18332919188
0.186240829971
0.18910413981
0.191881643364
0.194576269289
0.197175963621
0.199667447534
0.202041808063
0.204283376899
0.206365322216
0.208244176475
0.209858642693
0.211074481188
0.211905878018
0.167488664137
0.166588323069
0.165353903819
0.163557420674
0.161474947334
0.159137162484
0.156651868014
0.15408069908
0.151478167566
0.148883909756
0.146328009208
0.143832994274
0.141415905857
0.139089702981
0.136864271316
0.134747144334
0.132744042289
0.130859288967
0.129096136328
0.127457010578
0.125943688924
0.124557416507
0.123298979552
0.122168755053
0.121166750746
0.120292645051
0.119545852153
0.118925658309
0.118431359583
0.118062270159
0.11781755961
0.117696701063
0.117702090065
0.117840820665
0.118112915839
0.118516820287
0.119053527386
0.119723428695
0.120525995483
0.121459584548
0.122521393799
0.123707532077
0.125013168293
0.126432734001
0.127960159731
0.129589164048
0.13131357603
0.133127678455
0.135026610102
0.137006670696
0.139065525026
0.14120277461
0.14341835459
0.145715171614
0.148095103247
0.150561046008
0.15311564467
0.155756418764
0.158485625175
0.161290881468
0.164170975083
0.16710569212
0.170085396044
0.1730966519
0.176114959146
0.179145161249
0.182164182908
0.185147915887
0.18809335777
0.190983081177
0.193813489185
0.196578563213
0.199271284181
0.201884339553
0.204403177417
0.206798475386
0.209017460174
0.210968265019
0.212494693935
0.213538329097
0.163649332045
0.162830066955
0.161684340414
0.160002089516
0.158048941577
0.155846171602
0.153500623513
0.151069840495
0.148607293925
0.146151545409
0.143732147573
0.141371158008
0.139085133014
0.136886472899
0.134784450138
0.132785981765
0.130896227743
0.129119056024
0.127457394641
0.125913482153
0.124489028186
0.123185299275
0.122003153783
0.120943054552
0.120005079796
0.119188943507
0.118494052303
0.117919644656
0.117464962437
0.117129285155
0.116911773333
0.11681205393
0.116833137215
0.116982855318
0.117262030617
0.117669440231
0.118207313239
0.118876868998
0.119678154013
0.120609833482
0.121669192324
0.12285225121
0.124153956883
0.125568421724
0.12708916831
0.128709442868
0.130422571874
0.132222305706
0.13410332152
0.136061621069
0.138094454734
0.14020217376
0.142383978455
0.144644410267
0.146985693849
0.149411667043
0.151927406985
0.154529151173
0.157222999684
0.15999354062
0.162842707475
0.165753815898
0.168714615237
0.171730049837
0.174769628213
0.177820316394
0.180872654188
0.183910988296
0.186928506247
0.189917222825
0.192875632841
0.195804156159
0.198703610172
0.201573132171
0.204404051206
0.207170394236
0.209816040701
0.212226704732
0.214216707857
0.215545880739
0.159893345999
0.159150441154
0.158091452055
0.156524986178
0.154703575777
0.15263984652
0.150438553761
0.148152475337
0.145833563555
0.143518908975
0.141237338845
0.139010361769
0.136854084384
0.134780467023
0.132798350812
0.13091425859
0.129133031154
0.127458320755
0.125892954306
0.124439176098
0.123098784175
0.121873180186
0.120763362647
0.119769902005
0.118892925231
0.118132123492
0.117486805093
0.116956039646
0.116538860999
0.116234359722
0.116041609278
0.115960376824
0.115994113964
0.116151067068
0.116433286877
0.116840225379
0.117375427134
0.118041104673
0.11883793166
0.119764858552
0.120819202457
0.121996840737
0.12329245042
0.124699810055
0.126212027913
0.127821866967
0.129522161943
0.131306085993
0.133167772802
0.135103018555
0.137108142006
0.139184958147
0.141331015167
0.143552871181
0.145852966434
0.148235234042
0.150707457436
0.1532629742
0.155911154288
0.158637928229
0.161441656962
0.164329670721
0.167271540228
0.170263513032
0.173292239423
0.176343481233
0.179406552295
0.182471210835
0.185532545927
0.188589059289
0.191644709711
0.194707525622
0.197787965865
0.200895417659
0.204032267028
0.207183206069
0.210298810387
0.213256570537
0.215841685853
0.217644922018
0.156265405091
0.155593175932
0.154617099498
0.153164374752
0.151472861388
0.149547555688
0.147490363952
0.145348963614
0.143173483282
0.140999231472
0.13885412935
0.1367590266
0.134729563515
0.132777320204
0.130910829223
0.129136385138
0.12745869748
0.125881392891
0.124407373052
0.123039038371
0.121778393674
0.120627058047
0.119586212936
0.118656535277
0.117838158174
0.117130673258
0.116533186004
0.116044458518
0.115663135532
0.115387923413
0.115217676128
0.11515224075
0.115195377679
0.115355564522
0.115636377923
0.116038254139
0.116566396657
0.117224217246
0.118013034558
0.11893199842
0.119978349574
0.121147741107
0.122434508984
0.123832089005
0.125333182777
0.126930053023
0.128615089654
0.13038087206
0.132220846944
0.134130958626
0.136105776618
0.138149616275
0.140257453377
0.142437797193
0.144693448649
0.147026649934
0.149447809887
0.151949521518
0.154537901888
0.157222293941
0.159979862084
0.162813952713
0.165712304496
0.168663639453
0.171655241777
0.174674679496
0.177712240147
0.180760989091
0.183818959258
0.186889571612
0.189982580195
0.193113540611
0.196302695056
0.199570387196
0.202931663294
0.206383484913
0.209876820699
0.21324360485
0.216210669156
0.218473161381
0.152797804477
0.152190172813
0.151292064094
0.149948639814
0.148382321039
0.14659160003
0.144675041307
0.142675135191
0.140640018715
0.138602994791
0.136590936511
0.134623928327
0.13271711187
0.130881717631
0.129126055516
0.127456315581
0.125877219013
0.124392510589
0.123005296962
0.121718241987
0.120533637673
0.119453373266
0.118478833887
0.117610784319
0.116849300383
0.116193777729
0.115643001351
0.115195274409
0.11484864172
0.114601171872
0.114451315875
0.114399001673
0.114448244616
0.114607306817
0.114881597811
0.115273119811
0.115789245512
0.11643484123
0.117211815774
0.118119339622
0.119154394995
0.12031231566
0.121586986467
0.122971489574
0.124458149873
0.126038680465
0.127705114797
0.129449490351
0.131264344214
0.133146438019
0.135087541978
0.137095408049
0.139161880467
0.141296133741
0.143501968833
0.145779561842
0.148138128736
0.15058670237
0.153115638823
0.155729861488
0.158424334872
0.161192549261
0.164023473733
0.166905180773
0.169825228202
0.1727718722
0.175735929524
0.178711929057
0.181699688017
0.184705340546
0.187742185899
0.19083035945
0.193996248777
0.19726578246
0.200659845258
0.204171524033
0.207699401009
0.210966595638
0.214332917727
0.218443928629
0.149512976045
0.148963809422
0.148138125956
0.146898054916
0.145450405781
0.143788292698
0.142006640136
0.140142842869
0.138242983253
0.136338217408
0.134454277463
0.132610399116
0.130821197645
0.129097573389
0.127447676284
0.125877683517
0.124392432522
0.12299588852
0.121691450903
0.120482113276
0.119370499202
0.118358792909
0.117448588661
0.11664070871
0.115935088052
0.115330797963
0.114826176673
0.114418929458
0.114106280163
0.113885331762
0.113753817275
0.113711873703
0.113764319599
0.113917834822
0.11417961866
0.114554647302
0.115053174858
0.115681848334
0.116442968338
0.117335423928
0.118355644858
0.119498562034
0.120757445242
0.122124995708
0.123593242868
0.125153253451
0.126796858073
0.128515752855
0.130301225215
0.132151530203
0.134054698957
0.136022007816
0.138042471263
0.140123921919
0.142271688251
0.144491920953
0.146789316799
0.149163229693
0.151620056312
0.154157690615
0.156770438545
0.159450224846
0.162185805846
0.164964280948
0.16777228565
0.170597318192
0.17342933669
0.176262127957
0.179094639923
0.181931965943
0.184785924983
0.187674268376
0.190620174355
0.19364077976
0.196745953157
0.199882769664
0.202799673088
0.205490052852
0.208832584924
0.215057431083
0.146425523474
0.145928893939
0.14516987494
0.144026354297
0.142689788687
0.141148978539
0.139495052911
0.137760526769
0.135989443483
0.134210744005
0.132448977111
0.130722476578
0.129045318354
0.127428090278
0.12587883028
0.124403768967
0.123007932868
0.121695574506
0.120470436928
0.11933587388
0.118294851831
0.117349852245
0.116502676247
0.115754179648
0.115104064726
0.114550925331
0.114092528069
0.113725901938
0.113447233247
0.113252236483
0.113137462926
0.113103324974
0.113156741264
0.11330012674
0.11354132205
0.113892576936
0.114367261741
0.1149740979
0.115715305172
0.116589033623
0.117590692232
0.118714794659
0.119953792396
0.121299941331
0.122745187758
0.124279857477
0.12589575916
0.127584518156
0.12933570328
0.131149229481
0.133008804561
0.134927937546
0.136896826054
0.138919700525
0.14101158016
0.143160179316
0.145383334334
0.147680442228
0.15005266684
0.152497367192
0.155007947221
0.157574524819
0.16018420422
0.162822159427
0.165472891572
0.16812153217
0.17075519873
0.173364180509
0.175942880345
0.178490277358
0.181009612629
0.183505997652
0.185983837162
0.188423949016
0.190805017605
0.193005134207
0.194618323296
0.194773748502
0.193320984828
0.19554046252
0.143544083797
0.143094371618
0.142396268322
0.141342092194
0.140108502512
0.138680951383
0.137146721854
0.135533747382
0.13388410523
0.132224514298
0.13057834347
0.128963002668
0.12739203324
0.125875731031
0.124422060015
0.123037350986
0.121726867031
0.120495187714
0.119346423662
0.118284292288
0.11731209108
0.11643258408
0.115647780559
0.11495857988
0.114364408975
0.11386322321
0.113452010477
0.113127036808
0.112883228976
0.11271446804
0.1126159148
0.112587391828
0.112635704745
0.112762530227
0.112976643565
0.113296266753
0.113740345342
0.114320374576
0.115037651808
0.115889029999
0.116868155993
0.117969263399
0.119183874237
0.120503705081
0.121920982374
0.123425220815
0.125008177408
0.126661438067
0.128372074319
0.130141212504
0.131951810193
0.133811576088
0.135732036215
0.137689094894
0.139708062644
0.141785268754
0.143927168565
0.146135311912
0.148408891683
0.150743458636
0.153130404595
0.15555736388
0.158008779582
0.160466847568
0.162912642174
0.165327229825
0.167692663715
0.169992690063
0.172213007815
0.174340830822
0.176363345128
0.178263638396
0.180014262008
0.181535492841
0.18276338671
0.183204209457
0.181169332279
0.173815924307
0.154968212294
0.0995069320645
0.140872683638
0.140464669804
0.139821907343
0.138849780233
0.137710909952
0.136388251658
0.134965269952
0.133465665708
0.131929663018
0.130381800971
0.128844310637
0.127333683719
0.125862948988
0.124442134887
0.123079163167
0.121780496248
0.120551662008
0.119397587872
0.118322758885
0.11733124168
0.116426631007
0.115611937213
0.114889375597
0.114259966002
0.113722939735
0.113275358436
0.112912726411
0.112630409046
0.112422633948
0.112281009275
0.112199352532
0.112175937154
0.11221526446
0.112318556114
0.112496719531
0.112775234651
0.113181339187
0.113729551891
0.114418751956
0.115244086612
0.116196381708
0.11726990595
0.118455417272
0.119743929195
0.121128209998
0.122596753182
0.124140468088
0.125750500805
0.127412855346
0.1291250779
0.13088927016
0.132687760036
0.134537954073
0.136430466362
0.138373419853
0.140368835916
0.142419888239
0.144527074711
0.146687436435
0.148893945906
0.151135172423
0.153395561021
0.155656039191
0.157894854518
0.160088480639
0.16221239093
0.164241520606
0.166150209795
0.167911380089
0.169494616489
0.170862759766
0.171966523552
0.172739402213
0.173082806445
0.173050753632
0.170897499928
0.164544038572
0.151360374584
0.124847268398
0.074446168211
0.138411968488
0.138040833365
0.137448089303
0.13655082711
0.135498515547
0.134272344814
0.132952046581
0.131557464629
0.130127108884
0.128683418338
0.127247558055
0.125835129462
0.124458684966
0.123128014337
0.121851024426
0.120634329178
0.119483734017
0.118404522761
0.11740155494
0.116479226182
0.115641379636
0.114891222941
0.114231191221
0.11366255591
0.113184470339
0.112792686849
0.112480018729
0.112241267243
0.11207332623
0.111961789987
0.111897957965
0.111878439073
0.111904257704
0.111976695981
0.112109668442
0.112337787217
0.112699039585
0.113210857528
0.113867329804
0.114662480081
0.115583545729
0.116624778141
0.117776582823
0.119028870579
0.120374369899
0.121799855722
0.12329557095
0.124850228282
0.126461009872
0.128116088727
0.129815283813
0.131553034593
0.133331657835
0.135149167969
0.137008996631
0.138913401803
0.14086345453
0.142857448427
0.144889744423
0.14695017101
0.149023833203
0.151091385063
0.153129604185
0.155112089262
0.157009886667
0.158791825032
0.160424321845
0.161870371454
0.16308730737
0.164022687824
0.164607163744
0.164742051747
0.164277131346
0.162963346836
0.160371501957
0.155481233584
0.146360229629
0.130976686384
0.104811345873
0.062957770961
0.136160045955
0.13582138714
0.135273643906
0.134444301084
0.133470635698
0.132332690416
0.131106593267
0.129808714775
0.128476005155
0.127128909367
0.125787619526
0.124466890435
0.12317884477
0.12193306484
0.120737467219
0.119598828201
0.118523230753
0.11751631191
0.116583307703
0.115728926439
0.114957198699
0.11427144987
0.113674320032
0.113167309237
0.112749418965
0.112415954374
0.112158096612
0.111965624315
0.111843650944
0.111760270307
0.111710145652
0.111694478509
0.111708546208
0.111748807321
0.111829797492
0.111994860793
0.112302635508
0.112773972599
0.113392678087
0.114152722288
0.115038274529
0.116042514736
0.117155274612
0.118364226636
0.119662071568
0.121032555314
0.122471734619
0.123970853312
0.125518945248
0.127113280216
0.12874669009
0.130414242303
0.132115394148
0.133849728884
0.13561865546
0.137423029936
0.139261733271
0.141130321332
0.143019957809
0.14491686969
0.14680226692
0.148652646858
0.150440316462
0.152133925224
0.153698787681
0.155096755882
0.156285368504
0.15721592579
0.157829975386
0.158053376604
0.157786499047
0.156887904187
0.155146559927
0.152231889652
0.147607473043
0.140330175933
0.128892514647
0.111400865772
0.0847257528455
0.0479975682579
0.134113270878
0.133803062483
0.133295613496
0.132527549731
0.131624949507
0.130567217748
0.129427040503
0.128217693878
0.126974729788
0.125716722065
0.124462995887
0.123227512602
0.12202201738
0.120855916512
0.119737158338
0.118672686613
0.117668848828
0.116731618887
0.115866609104
0.115078851953
0.114372518589
0.113750941579
0.113216921646
0.112772353642
0.112416875738
0.112149284993
0.111960611781
0.111807891612
0.111715695775
0.111670062443
0.111647452904
0.11165134041
0.111666227727
0.111676407714
0.111694519865
0.111767023835
0.112003619709
0.112427796812
0.113004626681
0.113723677636
0.11456810412
0.115527797119
0.116592907112
0.117745996336
0.118984534389
0.120299170277
0.121675876406
0.12311394603
0.124600063101
0.126126633828
0.127687088933
0.129276763441
0.130893772453
0.132537375286
0.134207467878
0.135902965116
0.137620195495
0.139351581342
0.141084715339
0.142801944796
0.144480408651
0.146092387369
0.147605771449
0.14898442663
0.150188226592
0.151172510606
0.151886689132
0.152271638093
0.152255363009
0.151746123819
0.150621710892
0.148712714773
0.145776282586
0.14145474709
0.135212576753
0.126241146429
0.11337413612
0.095164929056
0.0692870608469
0.0368050207661
0.132266758491
0.131981337991
0.131509788098
0.130796699029
0.129957950786
0.128972723781
0.1279104481
0.126781669466
0.125620703807
0.124444385058
0.123271283547
0.122114623687
0.120985826461
0.119894150206
0.118847593943
0.117853269818
0.116917769481
0.116047363996
0.115248029003
0.114525169254
0.113883118066
0.113325018015
0.112853657164
0.112472651996
0.112185787936
0.111990799735
0.111856191556
0.111768052628
0.111712027458
0.111680277875
0.111662865423
0.111656467488
0.111651903237
0.111644708593
0.111635415909
0.111649584796
0.111816016732
0.112178524668
0.112707903052
0.113377199147
0.114171612857
0.115072077913
0.116077838214
0.117173663231
0.118349280183
0.119603084845
0.120920145628
0.122292014881
0.123708188545
0.12516011245
0.126640946862
0.128145801541
0.129671918504
0.13121764614
0.132781270582
0.134359443597
0.135945610247
0.137528781971
0.139092791684
0.140616057272
0.142071754351
0.143428219419
0.144649368176
0.145694906413
0.14652011441
0.147074983415
0.147302455996
0.147135457866
0.146492286339
0.145269721468
0.143332923253
0.14050077038
0.136524833527
0.131060019123
0.123625817393
0.113562867305
0.0999958455699
0.0819286929191
0.0577829513367
0.0296203858256
0.130614870234
0.130350895679
0.129911139658
0.129247059093
0.128465320991
0.127545208837
0.126553100638
0.12549715433
0.124410608537
0.12330869006
0.122209326542
0.121125060242
0.120067037981
0.11904439117
0.118065181816
0.117136689737
0.116265727341
0.115458805615
0.114722207643
0.114061782844
0.113482203791
0.112986229781
0.112576081963
0.112259470958
0.112051050945
0.11191663408
0.111825692495
0.111763819283
0.111720596056
0.11169043927
0.111669146906
0.111656737975
0.111647042805
0.111636033837
0.111621956748
0.111610179336
0.111715851075
0.112018783379
0.11249212044
0.11309632274
0.113832203984
0.114672998067
0.115615681744
0.116652001702
0.117768858829
0.118957721376
0.120207064776
0.12150673958
0.122846559072
0.124217548864
0.125612514702
0.127026203606
0.128455079096
0.12989631342
0.131346368305
0.132799379663
0.134245677581
0.135670732282
0.137054636196
0.13837208073
0.139592677259
0.140681413361
0.141599022971
0.142302061045
0.142742492494
0.142866613473
0.142613112417
0.141910038686
0.140670376929
0.138785823103
0.136118239633
0.132488181931
0.127659952777
0.121323265302
0.113072869242
0.102393870087
0.088652545843
0.0712073632753
0.0489989369481
0.024377575907
0.129151523171
0.128905962371
0.128494165907
0.127873453696
0.127142238618
0.126280162043
0.125350767234
0.124360141129
0.123340597391
0.122305884346
0.121273394747
0.120255037336
0.119261728214
0.118302482101
0.117385426005
0.116517999983
0.115707218894
0.11495976634
0.114282098802
0.113680455898
0.113159987162
0.112722715908
0.112369341441
0.112111294357
0.111985116513
0.111883624765
0.111816182457
0.11176642851
0.111725347335
0.111692821214
0.111669209364
0.111653794691
0.11164194373
0.111631037826
0.111620055798
0.111610331817
0.111676058642
0.111921342368
0.112336823249
0.112879561885
0.113552730648
0.114336260378
0.115219352093
0.116191940351
0.117242800513
0.118361734936
0.119537670711
0.120759770436
0.122017643818
0.123302071106
0.124605564764
0.125922450474
0.127248376674
0.128579160737
0.129909232292
0.131230021806
0.132528635547
0.133787047002
0.13498185054
0.136084469997
0.137061624784
0.137875827521
0.138485699684
0.138845924367
0.138906686621
0.138612472482
0.137900100509
0.136695847178
0.134911502267
0.132439167846
0.129144619004
0.124859142102
0.119370051022
0.11241087806
0.10365324632
0.0927077415316
0.0791283000692
0.0625240744636
0.0421792901201
0.020392706766
0.127870461571
0.127640600306
0.127253171509
0.126670491344
0.125983637767
0.125172806139
0.124298931896
0.123366319864
0.122406503224
0.121431872316
0.120459385142
0.119500356168
0.118565505219
0.117663728055
0.116803204651
0.11599151752
0.115235875416
0.114543105622
0.113919715767
0.113372209222
0.112906492028
0.112524577167
0.112231882943
0.112051340533
0.111943460849
0.111866899808
0.111811358873
0.111765852756
0.111725537041
0.111690798422
0.111664925495
0.111647921242
0.111635396997
0.111624781941
0.11161519527
0.111619096455
0.111660321866
0.111870216714
0.112235004547
0.112727465024
0.113341122256
0.114063357014
0.114882550472
0.115788004272
0.1167687108
0.11781374062
0.118911827969
0.120051785854
0.121223005777
0.122416094239
0.123623327765
0.124838586154
0.126056628647
0.127271763823
0.128476219272
0.129658614063
0.130802865525
0.13188768752
0.132886644953
0.133768591648
0.134498259867
0.135036772327
0.1353418866
0.135367829587
0.135064621713
0.134376817338
0.133241602635
0.131586197695
0.129324518224
0.126353077655
0.122546182163
0.117750640084
0.111780534039
0.104413311072
0.0953890607797
0.0844190288226
0.0711952076423
0.0554934595228
0.0368241575001
0.0172797035151
0.126765414902
0.126548959486
0.126182499749
0.125632790087
0.124984424895
0.124218307648
0.123392997746
0.122511278375
0.121604038703
0.120682420564
0.119763037899
0.118856638231
0.117973769171
0.117123191631
0.116313111213
0.115551215822
0.11484488952
0.11420110288
0.113626306197
0.113126857545
0.112708876236
0.112372727435
0.112124090381
0.112022076358
0.111920613021
0.111855017411
0.111805998871
0.11176165044
0.111720980083
0.111684470166
0.111656742269
0.11163896349
0.111626458213
0.111615900382
0.111607327854
0.11162233873
0.111657121058
0.111852333103
0.112178296797
0.112623000489
0.113181241203
0.113843080899
0.114597765435
0.115434685106
0.11634291913
0.11731127751
0.118328299236
0.119382603102
0.120463457127
0.121561382254
0.12266847814
0.123778161584
0.124884213311
0.12597929386
0.12705331284
0.128092079195
0.129076517954
0.129982520395
0.130781304264
0.13144005491
0.131922596126
0.132189875902
0.132200111862
0.131908500757
0.131266440972
0.130220247307
0.128709355923
0.126664035214
0.124002643552
0.120628525531
0.116426731745
0.111260926172
0.104971130712
0.0973735052993
0.088263666364
0.0774282763876
0.0646558756811
0.0498275008318
0.0326053326148
0.0148163903388
0.125830139582
0.125625552866
0.125276722672
0.124755162715
0.124139658268
0.123411955788
0.122628465689
0.121790683712
0.120928984242
0.120053357867
0.119180155098
0.118319570503
0.117481992138
0.116676016376
0.115909833669
0.115191179847
0.114527580296
0.113926183447
0.113393464067
0.112935475817
0.112558051521
0.112261453756
0.112047697152
0.111980683635
0.111895117406
0.11184397149
0.111797563782
0.111753483606
0.111712397201
0.111674395843
0.111645114785
0.111626981467
0.111614692984
0.111603249915
0.111599177177
0.111624293237
0.111673716644
0.111855190392
0.112149845387
0.112552991495
0.113061007425
0.113665614003
0.114357266659
0.115125937528
0.115960985431
0.116851240013
0.11778519382
0.118751430397
0.119739235534
0.120739155736
0.121743171005
0.122744208614
0.123734970911
0.124706351373
0.125645897629
0.126536738237
0.127357176667
0.128080912924
0.128677686471
0.129114069708
0.129354161556
0.129359995622
0.129091553178
0.128506333128
0.127558474426
0.126197452501
0.124366390727
0.122000048
0.119022575887
0.115345193887
0.110864023427
0.105458480299
0.0989908482913
0.0913080681842
0.0822469163304
0.0716461927903
0.0593575149258
0.0453230593802
0.0293090308811
0.0128663596641
0.125058109995
0.12486593084
0.124530804026
0.124032764268
0.123444691382
0.12274931139
0.122001086384
0.121200440105
0.120377356021
0.119540759016
0.118706807365
0.117885142952
0.117085994888
0.116317750757
0.115588531506
0.114906045833
0.114277897626
0.113711448183
0.113213443649
0.112790151117
0.112447472767
0.112189226558
0.112025850334
0.11194995146
0.111875798904
0.111831241073
0.111786074299
0.111742153353
0.111700579572
0.111661151954
0.111630481157
0.111612285079
0.111600411273
0.111588703386
0.111589692403
0.111610986203
0.111695044361
0.111868485065
0.112138734562
0.112507287495
0.112970807622
0.113522464614
0.114153960363
0.114856027613
0.115618481539
0.116430385415
0.117280369962
0.118157160076
0.11905021881
0.119950234999
0.120849112057
0.121739239775
0.122612133175
0.123456832777
0.124258572322
0.124998075944
0.125651572687
0.126191378121
0.1265867672
0.126804848857
0.126811212138
0.126570202626
0.126044769159
0.125195879589
0.123981538381
0.122355458683
0.120265455047
0.117651641413
0.114444547235
0.110563314547
0.105914213766
0.100389851039
0.0938696037759
0.0862221612978
0.0773111553835
0.0670066305311
0.0551959368785
0.0418495275792
0.0268040052918
0.0113473914064
0.124444133846
0.12426566557
0.123939954944
0.123461149159
0.12289527614
0.122226327437
0.121506983525
0.120736818437
0.119945545363
0.119141100361
0.118339512477
0.117549858592
0.116782198054
0.116044648653
0.115345192035
0.114691408333
0.1140908622
0.113551048386
0.113079031231
0.112681639219
0.112365156929
0.112134475836
0.112029070656
0.11191613341
0.111862607362
0.111817892111
0.111772586191
0.111728498614
0.111686183593
0.11164520673
0.111613213131
0.111595114901
0.111583307456
0.111576147042
0.111586523865
0.11160268486
0.111708755931
0.111884073948
0.112138743342
0.112479320576
0.112903977225
0.113407328105
0.11398222493
0.114620180387
0.115311552225
0.116045781386
0.116811803805
0.117598659305
0.11839614433
0.119195191572
0.119987640235
0.120765263142
0.121518275085
0.122233828655
0.122895005245
0.123480557359
0.12396535388
0.124321275312
0.124518238198
0.124525065032
0.124310010487
0.123840856269
0.123084566144
0.122006539195
0.120569521881
0.118732248017
0.116447882369
0.113662353534
0.110312680871
0.106325434317
0.101615517323
0.0960855746703
0.089626439127
0.0821193926982
0.0734411536633
0.0634737671552
0.0521164054829
0.0393400387293
0.0250239750248
0.0102162792943
0.123985492606
0.123819563674
0.123499849887
0.123036151737
0.122487607771
0.121839446719
0.121142749579
0.120396556422
0.119630425209
0.118851379106
0.118075372343
0.117310896946
0.116567822232
0.115853921397
0.115176950084
0.114544235287
0.113963125662
0.113441027118
0.112985089099
0.112602267239
0.112300175669
0.112075943795
0.112016395716
0.111889638726
0.111846970091
0.111802876865
0.111757572863
0.111713052749
0.111669638837
0.111626905739
0.111593579113
0.111575834828
0.111566048557
0.111562133938
0.111573078407
0.111623170301
0.111733695186
0.111906258896
0.112148962574
0.112466265151
0.112856828904
0.11331625373
0.113838236284
0.114414952133
0.11503729158
0.115695145987
0.116377885518
0.117075016901
0.117776803075
0.118474486079
0.119159805695
0.119823801498
0.120455282535
0.121039552272
0.12155783335
0.121987497608
0.122302912096
0.1224765692
0.1224801645
0.122285371785
0.121864182939
0.121188784894
0.120231012034
0.118961443157
0.117348218867
0.115355652861
0.11294270638
0.110061394107
0.106655191554
0.102657525519
0.0979904477801
0.0925636806182
0.0862742746519
0.0790075965026
0.0706404053142
0.0610480568589
0.0501176571066
0.0377906365587
0.0239610688919
0.00946121949879
0.123678509183
0.123521982196
0.123207182093
0.122755983043
0.122219140395
0.121585787563
0.120905491691
0.120176873925
0.119429360096
0.118669141337
0.117912127441
0.117166206913
0.116441029323
0.115743941471
0.115082375763
0.114463271666
0.11389357235
0.113380288248
0.112930456887
0.112549964507
0.112250635257
0.112013148733
0.111969328244
0.111873926013
0.111831277081
0.111786999746
0.11174180881
0.111696526751
0.111651458686
0.11160639274
0.111571081951
0.111552471615
0.111550905063
0.111555641133
0.111563262332
0.111637960696
0.111759792502
0.111934075549
0.112168828421
0.112467083774
0.112827829216
0.113247353601
0.113719963512
0.114238368013
0.114793943404
0.115377063164
0.115977626359
0.11658572776
0.117192190606
0.117788576702
0.118366430366
0.118915907001
0.11942433185
0.11987529699
0.120248604953
0.120520984795
0.12066726831
0.120661649123
0.120478706539
0.120094000336
0.119484173646
0.118626595039
0.117498618083
0.116076547085
0.114334389823
0.112242463433
0.109765904365
0.106863115792
0.103484164263
0.0995691154468
0.0950462765253
0.0898303703031
0.0838206442243
0.0768995898629
0.0689324856393
0.0597703570084
0.0492622976782
0.037278753116
0.0236898568806
0.00911454727532
0.123517807244
0.12336762713
0.123056619554
0.122615473025
0.122086026876
0.121462662877
0.1207931375
0.120076091588
0.119340850286
0.118593000822
0.117848445356
0.117114525617
0.116400662225
0.115713734777
0.115060784462
0.114448275825
0.113882652365
0.113370270416
0.112918204214
0.112529907422
0.112224236333
0.111964003544
0.11188853638
0.111846863241
0.111811709543
0.11177010155
0.111725897026
0.111679672127
0.111632194141
0.111583809358
0.11154569921
0.111529418837
0.11153150975
0.111545362644
0.111585641309
0.111668852313
0.111796366068
0.111972587809
0.112201226035
0.112483378433
0.112817722412
0.11320076143
0.113627142919
0.11408995385
0.114580984533
0.115091096266
0.115610783235
0.116130812689
0.116642608325
0.11713799045
0.117608143971
0.118042167387
0.118425879594
0.118741422692
0.118967765666
0.119081855351
0.119060015483
0.118879211946
0.118517916097
0.117956449464
0.117176820975
0.116162141601
0.114895723373
0.113359960919
0.111535071806
0.109397747386
0.106919737424
0.104066354003
0.100794825452
0.0970523630711
0.0927737215443
0.0878780366042
0.0822646107612
0.075808254394
0.0683534165756
0.0597120863877
0.0496699231025
0.0379780077301
0.0244319133995
0.00931842718742
0.123498680124
0.123352331532
0.12304206774
0.122607159357
0.122082237703
0.121465189234
0.120801613414
0.120090855611
0.119362155427
0.11862078771
0.11788266294
0.117154691165
0.116446066408
0.115763211547
0.11511274745
0.114500626184
0.113932797912
0.113414768855
0.112953901691
0.11255057377
0.112229422522
0.111947775821
0.111814774732
0.111811847314
0.111790025285
0.111754376597
0.111711721865
0.111663875743
0.111612529108
0.111558390566
0.111512515027
0.111506414857
0.111513687478
0.111540629592
0.111607064913
0.111706813282
0.111844680111
0.112025070226
0.112249652589
0.112518236895
0.112828983496
0.113178342089
0.113561120223
0.113970662713
0.114399111655
0.114837815954
0.115277910075
0.115710877139
0.116128714292
0.116523354312
0.116885393245
0.117202703247
0.117459664142
0.117637372162
0.117714687719
0.117669721265
0.117481320784
0.11713021454
0.116599619972
0.115875291363
0.114945089597
0.113798201543
0.112424133055
0.110811573481
0.108947198268
0.106814443568
0.104392245672
0.101653676373
0.0985643109769
0.0950800371876
0.0911438422062
0.0866809877965
0.0815916660239
0.0757412065951
0.0689453736125
0.0609608528936
0.0514751583986
0.0400800493393
0.0264829633629
0.0103031109076
0.12361784125
0.123473433778
0.123160913411
0.122728005353
0.122203384426
0.12158830794
0.120926054853
0.120216933466
0.119489879623
0.118750066244
0.118013333673
0.117286257865
0.116577783207
0.115893899853
0.115240791829
0.114623868271
0.114048617433
0.113519545264
0.113044281302
0.112620617147
0.112274420161
0.111973199156
0.111784755076
0.111787438393
0.111775012761
0.111744595892
0.111702452657
0.111651361272
0.11159418072
0.111532075404
0.111480051627
0.11147744796
0.111501185734
0.111558370592
0.111644427833
0.111761412915
0.111912061083
0.112098125347
0.112320035521
0.112576752256
0.112865861975
0.113183579473
0.113524715376
0.113882765661
0.114250171336
0.11461876678
0.114980351109
0.115327117364
0.115651527657
0.115945388331
0.116198426748
0.116397160414
0.116524722709
0.116561719695
0.116487742868
0.116283049707
0.115929990001
0.115413904555
0.114723407711
0.113850119817
0.11278799491
0.111532399625
0.110079072049
0.108423051401
0.106557633623
0.104473370916
0.102157081449
0.0995907516327
0.0967500841941
0.0936022619091
0.0901022331122
0.0861865018046
0.081762675667
0.0766932312633
0.0707670238955
0.0636695632901
0.0549177954502
0.0438394263357
0.0299264915712
0.011800308092
0.123873016288
0.123729168865
0.123411875017
0.122977079452
0.122448413562
0.121830745913
0.121165138868
0.120453067629
0.119722974322
0.11898011155
0.118240163674
0.117509464927
0.116796687219
0.116107419526
0.115447402451
0.114821474534
0.114234684524
0.113690523992
0.113196535314
0.112749353759
0.112371038721
0.11204478758
0.111802701348
0.111787594519
0.1117745923
0.111744957487
0.111700808357
0.111644164655
0.111578471294
0.111503844935
0.111455996886
0.111451026046
0.111511627094
0.111596858204
0.111704567353
0.111841130907
0.112006280954
0.112199280462
0.112419537171
0.112665404968
0.11293401413
0.113221309552
0.113522011432
0.113829687877
0.114137039981
0.114436385409
0.114720187496
0.114981282142
0.115212391618
0.115404864527
0.115547260623
0.115624703585
0.115619428913
0.115512254224
0.115284419742
0.114919295996
0.114403598345
0.11372793874
0.11288673988
0.111877664847
0.11070075298
0.109357429896
0.107849513972
0.106178298984
0.10434375744
0.102343871621
0.100174039185
0.0978264030915
0.0952888116319
0.0925429213826
0.0895606770724
0.0862979999906
0.0826835351015
0.0785994955589
0.073843754855
0.068074543837
0.0606417595711
0.0504731598862
0.035919845801
0.0133910472655
0.124262702547
0.124118271389
0.123793902833
0.123353696236
0.12281700175
0.122192378859
0.121518847098
0.12079928351
0.120061557449
0.119311197945
0.1185636823
0.117825207455
0.117104168327
0.116405798324
0.115735408311
0.115097261066
0.114495962286
0.1139341322
0.113418664695
0.112946495422
0.112533116821
0.1121740694
0.111885409331
0.111829362808
0.111797392574
0.111760419257
0.111709457134
0.111643901749
0.111567211544
0.111480774162
0.111444148368
0.111455103079
0.111551177488
0.11166684221
0.111800477928
0.111958194807
0.112138124093
0.112338167659
0.112556846523
0.112791968488
0.113040289095
0.11329748699
0.11355813684
0.113815821538
0.114063473281
0.114293884962
0.114500148696
0.114675598038
0.114812900842
0.114902538221
0.114931633729
0.114884019598
0.114741556312
0.114486099419
0.114101486062
0.113575090896
0.112898690722
0.112068595771
0.111085187841
0.109952088862
0.108675174713
0.107261597032
0.105718919933
0.104054437606
0.1022747091
0.100385308361
0.0983907213737
0.0962942186666
0.0940974008623
0.0917989687917
0.0893920971846
0.0868595588342
0.0841651168627
0.0812392209467
0.0779505423049
0.0740651780249
0.0690809473662
0.0621217137649
0.0502566165119
0.0241802695187
0.124785776035
0.124639797045
0.124306117439
0.123857149642
0.123308655987
0.122672892815
0.121987030618
0.121255566327
0.12050578786
0.119743701493
0.118984561399
0.118234542833
0.117501780499
0.116791214946
0.11610776257
0.115455146455
0.114837497148
0.11425680937
0.113718868967
0.113221876406
0.11277564579
0.11238242244
0.112067253579
0.111936187431
0.111858923551
0.111799480325
0.111732148665
0.111651102643
0.111559895683
0.111469865982
0.111443224672
0.111520306055
0.111645070418
0.111787296139
0.111947731026
0.112126380372
0.112319913413
0.112525732035
0.112741699828
0.112965115288
0.113192375617
0.113418877214
0.113639003874
0.113846308553
0.114033930043
0.11419511442
0.114323496908
0.114412664644
0.114454798983
0.11443905972
0.114350962151
0.114173338755
0.113888372718
0.113479872035
0.112935195335
0.112246481402
0.111411051585
0.110431084465
0.10931280581
0.108065463052
0.106700298992
0.105229667126
0.103666372916
0.10202329314
0.100313300896
0.0985494825761
0.096745554851
0.0949162849968
0.0930776139168
0.0912461156795
0.0894374034328
0.0876631213666
0.0859260799102
0.0842135934085
0.0824865668807
0.0806768482188
0.0786359044618
0.076356578921
0.0732321889285
0.0720530666019
0.125441569985
0.125293153964
0.124947913186
0.124486888077
0.123922882695
0.123271869105
0.12256939201
0.121821754624
0.121055695002
0.120277884518
0.119503365426
0.118738409691
0.117990927937
0.117265643342
0.116567130131
0.115898648119
0.115263815906
0.114664233729
0.114104376431
0.113583788475
0.113109155343
0.112684806306
0.112344649498
0.112113679153
0.111972989022
0.111872008271
0.111773753382
0.111666639466
0.111564072764
0.111504529382
0.111505243926
0.111638674206
0.111801946004
0.111976162293
0.112163295983
0.112360652222
0.112564921433
0.11277367438
0.112984420108
0.113194006562
0.113398427036
0.113592725534
0.113771027749
0.113926807989
0.114053382619
0.114144403226
0.114193892578
0.114195325434
0.114139853173
0.114014876868
0.113804304574
0.11349048236
0.113056768755
0.112489878406
0.111781535391
0.110929220902
0.109936038703
0.108809939123
0.10756262193
0.10620840216
0.104763230282
0.103243975807
0.101668033103
0.100053287554
0.0984184588123
0.0967837825919
0.0951718958586
0.0936086807841
0.0921237540262
0.0907502966236
0.0895240122863
0.0884811674079
0.0876558134917
0.0870769291991
0.0867649788614
0.0867379938557
0.0869882269739
0.0876622712162
0.0883958483284
0.0912521904386
0.126229601481
0.12607797615
0.125718916019
0.12524255357
0.124659324177
0.12398897013
0.123265660827
0.12249766782
0.121711243911
0.120913895752
0.120120487403
0.11933750303
0.118572679944
0.11783060842
0.11711558079
0.116430497978
0.115778448459
0.11516075059
0.114580497006
0.114037548212
0.113535764914
0.113074513583
0.112683786932
0.112362401829
0.11215574973
0.111993580107
0.111842361877
0.111697450755
0.111604828375
0.111612319873
0.111713085632
0.111875558339
0.112061920462
0.112260795538
0.112467357408
0.112676963394
0.112886505503
0.113093545017
0.11329518682
0.113487732837
0.113666621848
0.113826403171
0.113960839439
0.114063263493
0.114127127541
0.114146402323
0.114115248253
0.114026519659
0.113869713661
0.11363014084
0.11329034972
0.1128329427
0.112243421944
0.111512346393
0.110636512768
0.109619099614
0.108468967801
0.107199483011
0.105827219849
0.104370815379
0.102850118662
0.101285705079
0.0996987882276
0.0981115563075
0.0965479311848
0.0950346679314
0.0936025861525
0.0922876155458
0.0911313068351
0.0901805356589
0.0894862746809
0.089101490339
0.0890783246728
0.0894650680551
0.0903021996268
0.0916225671144
0.0934274165987
0.0957767862663
0.0982357701198
0.101911419466
0.127149678554
0.126994105134
0.126618915321
0.126123910694
0.125517708951
0.124823909965
0.124075575068
0.123283086017
0.122472304195
0.12165172274
0.120836080818
0.120032182715
0.11924765394
0.11848704009
0.117754418422
0.117052446026
0.11638372096
0.115749312953
0.115151051026
0.114588169837
0.114061698648
0.113565346973
0.113111134728
0.112737473809
0.112452771951
0.112206968703
0.111983955884
0.111817440422
0.111796637611
0.111898034461
0.112060000474
0.11224589797
0.112448179018
0.112660247576
0.112875219707
0.113088174622
0.11329588183
0.113495408147
0.113683179848
0.113854735132
0.114004746231
0.114127087086
0.114215030872
0.114261696484
0.114260613923
0.114205932527
0.114091576835
0.113909120609
0.113645769729
0.113284629129
0.112807435939
0.112197999319
0.111444994905
0.110543686607
0.109496462468
0.10831230008
0.107005527069
0.105594330384
0.104099369364
0.102542715062
0.100947202035
0.0993362186829
0.0977339490518
0.0961660840409
0.0946609719011
0.0932510548323
0.0919742808968
0.0908750824357
0.0900045371534
0.0894194619817
0.0891803589088
0.0893482550954
0.0899804711346
0.0911253781869
0.0928148789016
0.0950566954081
0.0978065589879
0.100993414241
0.104140310595
0.107756973206
0.128201582201
0.128041417422
0.12764774844
0.12713074388
0.12649775045
0.125776352723
0.1249987844
0.124177660171
0.123338567056
0.122491114669
0.121649985627
0.12082240066
0.120015940583
0.119235193703
0.118484096807
0.117765183257
0.117080689629
0.11643154591
0.115818794223
0.11524129537
0.114698819656
0.114185774389
0.113702290805
0.113273668178
0.112918628377
0.112618379156
0.112376843078
0.112276697474
0.112318800415
0.112443498679
0.112602630241
0.112783329871
0.112980932127
0.113188067798
0.113397428194
0.11360335543
0.113801365792
0.113987197025
0.114156071556
0.114302420504
0.114419901927
0.114501530215
0.114539967313
0.114528048469
0.11445930471
0.114327848844
0.114126837411
0.113845766452
0.11346901516
0.112977699317
0.11235360988
0.111582872093
0.110658362459
0.109580772506
0.108358367247
0.107005756487
0.10554219308
0.103989889435
0.102372655697
0.10071501706
0.0990418236927
0.0973783442766
0.0957508455481
0.094187672273
0.0927207517208
0.0913872695956
0.0902310793184
0.0893033519725
0.0886620751162
0.0883702015776
0.0884924090466
0.0890904858515
0.0902172628513
0.0919088815763
0.0941740899411
0.0969820932066
0.100233518308
0.103757132951
0.107114232089
0.110424051273
0.129385168853
0.129219791065
0.12880521824
0.128262766513
0.127599057199
0.126845824487
0.126034767137
0.125180836319
0.124309478555
0.123431526101
0.122561682582
0.121707665728
0.12087707827
0.120074630204
0.119304196456
0.118568299545
0.117869000417
0.117207286322
0.116584017209
0.115998464783
0.115450437227
0.114937380419
0.114456996474
0.114020312682
0.113644467812
0.113350292898
0.113167693343
0.113097927217
0.113117326399
0.113197461461
0.113320593753
0.113475349472
0.113651829578
0.113840937883
0.114034524362
0.114225443348
0.11440736706
0.114574255949
0.114719774537
0.114836992894
0.11491837648
0.114955951552
0.11494168805
0.114868086258
0.114728579335
0.114516922936
0.114224778962
0.113838691789
0.113339938996
0.11270828485
0.111926727535
0.110984907588
0.109880858223
0.108621223776
0.107220165696
0.105697491117
0.104076614929
0.102382823983
0.100642054903
0.0988802670208
0.0971233454809
0.0953975060491
0.0937302106467
0.0921516069158
0.0906963472077
0.0894053994659
0.0883272758829
0.0875181366669
0.0870404299568
0.0869599646715
0.0873414410549
0.0882424396472
0.0897057328
0.0917496261908
0.0943555926654
0.0974552169654
0.100902672554
0.104476701964
0.107787589363
0.110539789701
0.130700014344
0.130528903991
0.130090959959
0.129519514283
0.128821041663
0.128031633176
0.1271827615
0.126291798546
0.12538419583
0.124472088279
0.123570281531
0.122687050697
0.121830080102
0.121004260813
0.120213474126
0.119460309277
0.118746801649
0.118074130748
0.117443306769
0.116854346831
0.116307505625
0.1158024631
0.115339219214
0.114926056011
0.114577527928
0.114309486436
0.114130539749
0.114039292942
0.114021417144
0.114066071714
0.114159562349
0.114288075835
0.11444065602
0.114608179518
0.114782012535
0.114953846943
0.115115782258
0.115260090626
0.115378836684
0.115463650736
0.115505732747
0.115496066581
0.115425901603
0.115287371942
0.115073676268
0.114777738148
0.114388779059
0.113889570925
0.113258456151
0.112474939412
0.111524595853
0.110401790781
0.109110526064
0.107663673022
0.106081023923
0.104386898435
0.102607931229
0.100771432543
0.0989044061823
0.0970332361819
0.0951838922377
0.093382638495
0.0916572799575
0.0900389601639
0.0885642579551
0.0872770286821
0.0862292881422
0.0854806184365
0.0850958868813
0.0851413206487
0.0856790367371
0.0867600149409
0.0884153190455
0.0906452547317
0.0934064233554
0.0965982438169
0.100039740026
0.103504360945
0.106619088318
0.108811534184
0.132145489422
0.131968166481
0.131504326465
0.130900229898
0.130162817114
0.129332780176
0.128441693757
0.127509415129
0.126561552666
0.125611596911
0.124674533956
0.123759233915
0.122873508965
0.122022463011
0.121210024087
0.120438871281
0.119711065906
0.119027967159
0.118390732005
0.117799918401
0.117256102367
0.116759817862
0.116312135666
0.115918646854
0.115587422591
0.11532771497
0.115143408098
0.115041186565
0.115007932636
0.115031643362
0.115101350081
0.115206196004
0.115336368657
0.115482740996
0.115636209263
0.115787589279
0.115927706454
0.116047331113
0.116137001584
0.116186917819
0.116187004371
0.116127200193
0.115998044225
0.115791278651
0.115499661303
0.115114582574
0.114621676023
0.113999387495
0.113223889907
0.112275930668
0.111145148682
0.10983176896
0.108346357331
0.106707991662
0.104941544126
0.103074946872
0.1011369876
0.0991559085088
0.0971587420384
0.0951713443949
0.0932188851995
0.0913268416445
0.0895225788912
0.0878375194206
0.0863094851428
0.0849844572919
0.0839169659123
0.0831687139837
0.0828054437146
0.0828922630758
0.0834875998916
0.0846357242127
0.0863575639043
0.0886395823683
0.0914210582193
0.0945789752325
0.0979095236944
0.101171001984
0.103882315392
0.106075252233
0.13372034209
0.13353646375
0.133044206832
0.132403715182
0.131623072679
0.130747855809
0.129810095363
0.128832178786
0.12784002513
0.126848505704
0.125872858538
0.124922562339
0.12400558775
0.123127254333
0.12229154622
0.121501208966
0.120758303285
0.120064264266
0.119420263675
0.118827063627
0.118285320303
0.117795668327
0.1173590917
0.116978997333
0.116659902889
0.116411181875
0.116231954305
0.116124829574
0.116078627044
0.116084422314
0.116134564992
0.116220121095
0.116331583165
0.116459486745
0.116594213447
0.116725810108
0.116844005449
0.116938232426
0.116997604784
0.11701093846
0.116966905673
0.116854429996
0.11666336862
0.116385030315
0.116011400796
0.115531322196
0.11492559789
0.114168346629
0.113235011252
0.112109378377
0.110786645406
0.109273870105
0.107588490655
0.105755449998
0.103803883787
0.101764272579
0.09966642818
0.097538455504
0.0954064498409
0.0932948858693
0.0912273426963
0.0892277648244
0.0873223994948
0.085542374736
0.0839262472988
0.0825215479737
0.081384527978
0.080577979487
0.0801674237184
0.0802160640486
0.080778695175
0.081894374504
0.0835774517327
0.0858068478241
0.0885137291059
0.091567890204
0.0947859080807
0.0979530512899
0.100346906177
0.102244636224
0.135422709306
0.135232022584
0.134708850768
0.13402816308
0.133199926112
0.132274916118
0.131286005149
0.130258136338
0.129217690135
0.128180916663
0.127163366257
0.126175117735
0.125224315649
0.124316476985
0.123455629532
0.122644542702
0.121885226559
0.121179087485
0.120527207525
0.119930335239
0.119389057528
0.118903888124
0.118475482148
0.118105713606
0.11779647754
0.117555441775
0.117381127709
0.117270918808
0.117216916025
0.117212535284
0.117250928652
0.117323727126
0.117421708618
0.117535283272
0.117654383673
0.117768328054
0.117865838844
0.117935117379
0.117963931021
0.117939755039
0.117850040703
0.117682736461
0.117427041051
0.11707374556
0.116613516123
0.116031239104
0.11530180259
0.114395844225
0.113290133433
0.11197342665
0.110447876527
0.108728093522
0.106838350073
0.104808787408
0.102671764562
0.100459146422
0.0982006459382
0.0959232444708
0.093651254464
0.0914070495314
0.0892119452523
0.0870877233813
0.0850589871495
0.0831562085816
0.0814184136419
0.0798943289469
0.0786413215957
0.0777224418131
0.0772021886408
0.0771415454778
0.0775924300168
0.0785910944243
0.0801498813176
0.0822467482481
0.0848107633783
0.0877098639411
0.0907709364175
0.0936662167289
0.0960458185682
0.0975497545084
0.137249610724
0.137052068509
0.136495611002
0.135770944731
0.134890745139
0.133911335391
0.132866852377
0.131784802601
0.130692171008
0.129606558089
0.128543872847
0.127514766236
0.1265275598
0.125587937878
0.124699950365
0.123866348217
0.12308904849
0.122369354108
0.121708191486
0.121106168483
0.120563682466
0.120080978347
0.119658242548
0.119296120087
0.118994807999
0.11875907222
0.118589730126
0.118480950515
0.118425292913
0.118417047791
0.118449804744
0.118515585825
0.11860533025
0.118709202078
0.118816561836
0.118915915911
0.11899495429
0.119040657448
0.119039463652
0.118977519085
0.11884107405
0.118617131304
0.118294224613
0.117862465738
0.117310291106
0.116616829637
0.115750551099
0.114680500092
0.113387252156
0.111866436248
0.110128355622
0.108195548927
0.106098698128
0.103872174394
0.101550357489
0.0991653072284
0.096745588851
0.0943162141698
0.091899025613
0.0895137405402
0.0871788728569
0.0849135608371
0.0827404569011
0.0806893212987
0.0787997023583
0.077121416179
0.075712480945
0.0746354466938
0.073953051935
0.0737238521868
0.073997834697
0.0748111760749
0.0761793220252
0.0780859822787
0.0804660075111
0.0832095895436
0.0861697871451
0.0887908469837
0.0906118125434
0.0918645488246
0.139196859101
0.138992592066
0.138400675591
0.137628362224
0.13669193484
0.135653630259
0.134549315846
0.133409053877
0.132260563909
0.131122743128
0.130011888059
0.128939177403
0.127913101866
0.126939478142
0.126022354511
0.125164427985
0.124367491315
0.123632693214
0.122960756038
0.122352063767
0.121806736703
0.121324667409
0.120905559228
0.120549167807
0.120254685392
0.120024825429
0.119861738762
0.119757566411
0.119704696152
0.119697826778
0.119730701046
0.119795304623
0.119882371326
0.119981615796
0.120081702965
0.120170224324
0.120233755581
0.120258000385
0.120228028389
0.120128629232
0.119944852279
0.119662749174
0.119270136171
0.11875614678
0.118105505947
0.117289576377
0.116271039263
0.115020251523
0.113524218055
0.111787178847
0.10982847475
0.107678520161
0.105373586309
0.102951056186
0.100446043452
0.0978896669296
0.0953084342703
0.0927247302521
0.090157427128
0.0876232187592
0.0851374282766
0.082716266264
0.0803804471217
0.0781593932001
0.0760936314935
0.0742342158068
0.0726394087518
0.0713703988781
0.0704872026095
0.0700454328097
0.0700937676792
0.0706708437776
0.0718000578
0.0734760489245
0.0756484039754
0.0782370253537
0.0809449766572
0.0833274358231
0.0847803797403
0.0858288282239
0.141258438533
0.1410478891
0.140418702393
0.139595342453
0.138598682244
0.137497250587
0.136329156411
0.135126998454
0.133919343019
0.132726305823
0.131564579112
0.130445810219
0.129378641089
0.128368983967
0.127420863206
0.12653689479
0.125718727012
0.124967325588
0.124283183763
0.123666426284
0.123116872858
0.122634066888
0.122217297977
0.121865707763
0.121577925626
0.121354819257
0.121199639205
0.121103049209
0.121057230335
0.121056826726
0.121095329922
0.121164388925
0.121254304874
0.121354172732
0.121451812275
0.121533752271
0.121585317091
0.121590817997
0.121533858876
0.12139780394
0.121166472827
0.120824895485
0.120360070514
0.119759590473
0.119002178336
0.118049728299
0.11686140387
0.11541249378
0.113698924612
0.111735012607
0.109549598851
0.10718043461
0.104668192894
0.102051879874
0.0993660603667
0.0966399082271
0.0938971564996
0.0911571309012
0.0884354341788
0.0857455767464
0.083099459869
0.0805103499685
0.0779974960632
0.0755909389396
0.0733331227965
0.0712767286027
0.0694798060702
0.0680010272469
0.0668961946267
0.0662166921061
0.0660097010343
0.0663183622145
0.0671779484131
0.0685988536588
0.0705697861688
0.0730525437567
0.0754856120327
0.0772991208101
0.0786156708919
0.0796297385058
0.143426283617
0.143210196544
0.142542429738
0.141665084461
0.140604657821
0.139436335968
0.138201022106
0.13693382447
0.135664244845
0.134413516015
0.133198710219
0.132031871148
0.130921764163
0.129874360738
0.12889364292
0.127982129926
0.127141319737
0.126371990658
0.125674410347
0.125048449858
0.124493644699
0.124009221926
0.123594132347
0.12324709383
0.122967109973
0.122752191513
0.122606720454
0.122520653288
0.122485954562
0.122496781333
0.122546100242
0.122625061958
0.122723360035
0.122829280879
0.12292961448
0.123009644992
0.123053271764
0.123043253478
0.122961580745
0.122790088815
0.122511298005
0.122109046515
0.121569387953
0.120877280489
0.120002216213
0.118896137334
0.117518802594
0.115854248728
0.113909494097
0.111710015386
0.109294077635
0.106705726122
0.103988550264
0.101181719417
0.0983180632013
0.0954240074108
0.0925200246617
0.0896221951487
0.0867427518269
0.0838920833146
0.0810785992186
0.0783129756997
0.0756141120685
0.0730143671873
0.0705595714387
0.0683046148633
0.0663067086644
0.0646204226009
0.0632950912172
0.0623754000092
0.0619055938377
0.0619340644267
0.0625100115195
0.0636712216207
0.0654687292455
0.0676804909924
0.0697856323668
0.071374956119
0.0726281605665
0.0735844151899
0.145689531876
0.145469098311
0.144762181937
0.143828640534
0.142701669247
0.141463437605
0.140158228328
0.138823628446
0.137490136058
0.136179977639
0.134910564055
0.13369425126
0.132539891659
0.131453481981
0.13043895039
0.129498717241
0.12863414122
0.127845831353
0.127133856933
0.126497865217
0.125937136509
0.12545058876
0.125036786248
0.124693475033
0.124422636092
0.124220327153
0.124087091809
0.124014240198
0.123994253678
0.124020666295
0.124085740152
0.124179968584
0.124292247401
0.124409846804
0.124518320732
0.124601501846
0.124641663199
0.124619813459
0.124516135964
0.124310810187
0.123984916074
0.12352080702
0.122903458944
0.122113080514
0.121106022214
0.119826192168
0.118239547613
0.116342343086
0.114154441648
0.111713052351
0.109065158507
0.106259590555
0.103341175546
0.100347826752
0.0973096337715
0.0942497253517
0.091185073952
0.0881285758847
0.0850891716968
0.0820744237848
0.0790893323948
0.0761428533375
0.0732555084876
0.0704645495863
0.0678211639631
0.0653831133113
0.0632058374023
0.0613377187406
0.0598185022458
0.058682575373
0.057969008705
0.0577287739589
0.0580209485273
0.0589415802262
0.0606420294998
0.0625564352319
0.0641765231494
0.0657402277391
0.0670419630127
0.067960944349
0.148034175201
0.147811029452
0.147065351967
0.146074450679
0.144879273466
0.143569210255
0.142192518265
0.140789230804
0.139390871201
0.138020517142
0.136695851379
0.135429448877
0.134230206487
0.133104117275
0.132055053138
0.131085348936
0.130196252741
0.129388243687
0.128661242351
0.128014730171
0.127447802658
0.126959164846
0.126547155761
0.126209094977
0.125947263619
0.125759214692
0.12564119677
0.125585093334
0.12558387278
0.125630532035
0.125716561558
0.125831657707
0.125963759881
0.12609894717
0.126221347958
0.126313134334
0.126354741633
0.126325199488
0.126202649384
0.125965477468
0.12559304764
0.125065834561
0.12436754223
0.12346975779
0.122312131355
0.120835861478
0.119019264271
0.116873579884
0.114432795992
0.111745756475
0.108866793835
0.105847644175
0.102732631816
0.0995571472264
0.0963477861119
0.0931241133891
0.0898995966884
0.0866842408517
0.0834839083975
0.0803038745825
0.0771459352847
0.0740189088498
0.0709479865719
0.0679788112269
0.0651702584196
0.062583523473
0.0602708759113
0.0582718383515
0.0566123065696
0.0553120251718
0.054402875358
0.0539308094059
0.0539620589819
0.0546769589469
0.0560941544432
0.0577455553667
0.059286910683
0.0608654114741
0.0621545287024
0.0630098236508
0.150442229457
0.150218579034
0.149435797794
0.148387824254
0.147124352829
0.14574208261
0.144293813271
0.142821988031
0.14135914989
0.139929070641
0.138549616816
0.13723348446
0.135989570697
0.134823844609
0.13374013208
0.132740713104
0.131826773116
0.130998721579
0.130256401279
0.129599207456
0.129026140075
0.128535794907
0.128126386648
0.127795140018
0.127543569264
0.127370891365
0.127270964697
0.127235349439
0.127257108362
0.127328773519
0.127441058978
0.127582754577
0.127740703634
0.127899634843
0.128042069326
0.128148303055
0.128196714059
0.128164083041
0.128026240673
0.127759635587
0.127341396432
0.126749749512
0.125966540722
0.124948335765
0.12361697585
0.121919818721
0.119853048306
0.117444888454
0.114744153261
0.111810407654
0.108703346349
0.105475508266
0.102169056549
0.0988158450855
0.0954385143595
0.0920530803867
0.0886696965955
0.0852959664382
0.0819349632157
0.078590466014
0.0752613267951
0.0719587783718
0.0687169645665
0.0655942363755
0.0626595734364
0.0599778893453
0.0575964027401
0.0555426620897
0.0538233381377
0.0524387545749
0.0514059915292
0.0507417806767
0.050556622955
0.0512139859248
0.0523496879339
0.0536619454038
0.0552843926108
0.0569109441911
0.058139816991
0.0588805042932
0.152891345294
0.152669938632
0.15185325678
0.150750407978
0.149420677296
0.147967923182
0.146449968037
0.144911615094
0.143386385302
0.141898580324
0.140466149562
0.139101815634
0.137814437569
0.136609954581
0.135492174137
0.134463372729
0.133524742556
0.132676705273
0.131919116122
0.131251379215
0.130672495547
0.130181048947
0.129775209653
0.129452221741
0.129212810936
0.129057377069
0.128978364061
0.128966903661
0.129015903946
0.129117403394
0.129261323703
0.129435465615
0.129625456908
0.129814530849
0.129983430872
0.130110358129
0.130171415409
0.130140808424
0.129991778382
0.129698660909
0.129235445945
0.128578046617
0.127704535793
0.126547364122
0.125014837742
0.123071594518
0.120735607177
0.118053434811
0.115088642115
0.11190970469
0.108579209265
0.105148352868
0.101655701285
0.0981288844232
0.0945864263515
0.0910410590986
0.087499944739
0.0839689280812
0.0804485745242
0.0769422150394
0.0734459495815
0.0699772589919
0.0665847584394
0.0633442667975
0.0603368807082
0.057631040907
0.0552667509577
0.0532570550365
0.0515854395389
0.0502305530497
0.0491732959294
0.0483641079839
0.0480245726176
0.0485049839366
0.0496445509808
0.0509771916011
0.0525739303317
0.0540661848809
0.0550846107613
0.0555651349961
0.155354054632
0.155138245506
0.154292752328
0.153139665548
0.151748483735
0.150229729158
0.148646553613
0.147046036681
0.145462599086
0.143920912019
0.142438908792
0.141029260135
0.139700765754
0.138459351837
0.13730885922
0.136251637555
0.135288980163
0.134421426033
0.133648953752
0.132971088405
0.132386941929
0.131895193734
0.131494074507
0.131180944074
0.130955738076
0.13081985829
0.130764667751
0.130780998228
0.130861515613
0.130997711572
0.131178690338
0.131391205308
0.131619574571
0.13184541202
0.132047531667
0.132201823938
0.132281913619
0.132259024316
0.132103576876
0.131787489944
0.131280219853
0.13055600584
0.129583975958
0.128262286174
0.126497967393
0.124283705601
0.121661379609
0.118696670707
0.115466783283
0.112046437198
0.108498368361
0.10487044093
0.101196526325
0.0974997055485
0.0937944939185
0.0900907981979
0.0863931645588
0.082706427982
0.0790288208897
0.0753645393828
0.0717068596618
0.068085008257
0.0645685310265
0.0612551429344
0.0582387652362
0.0555900443929
0.0533390101731
0.0514837156066
0.0499858123744
0.0488047605815
0.0478623682287
0.0471040820202
0.0470252233896
0.0474347083043
0.0481980631967
0.0495926007542
0.0510352501382
0.0522359582406
0.0528619172915
0.0527434999114
0.157797585966
0.157591205429
0.156724141444
0.155528451009
0.154084131274
0.152507383131
0.150866701628
0.149211291553
0.147576359699
0.145986806078
0.144460472189
0.14300993275
0.14164393934
0.140368456007
0.13918744131
0.138103426123
0.137117928256
0.136231735565
0.135445083621
0.134757749938
0.134169084339
0.133677984486
0.133282857596
0.132981309981
0.132772470676
0.132658603068
0.132630185831
0.13267790467
0.132794170734
0.132969891094
0.13319333212
0.13345016288
0.133723327587
0.133992727823
0.134235126653
0.134423900132
0.13453002756
0.134521227353
0.13436502895
0.134030257205
0.133480047363
0.132688534753
0.131604458809
0.130085107833
0.128056768957
0.125547738079
0.122624627328
0.11937229563
0.115879236997
0.112223076013
0.108463943489
0.104644715921
0.100793889449
0.0969300230356
0.0930639354735
0.0892032892789
0.0853503600418
0.0815097880956
0.0776774350728
0.0738599607501
0.0700472266465
0.0662878723324
0.0626791361015
0.0593436154954
0.0563860927487
0.0538753956913
0.0518265603864
0.0502242262304
0.0490118831897
0.0481307201589
0.0474661028019
0.0470766023683
0.0470471216863
0.0475370904568
0.0482695382609
0.0493363885836
0.0503925313929
0.0511975967317
0.0513391629656
0.0510658964886
0.160183545123
0.159990817082
0.159111840803
0.157884762252
0.156399918154
0.1547775462
0.153091058513
0.151391521719
0.149714783621
0.14808587261
0.146522513696
0.145037199096
0.143638694982
0.142333101694
0.141124622469
0.140016115644
0.139009480962
0.138105916325
0.137306073348
0.136610134205
0.136017829172
0.135528409651
0.135140593561
0.134852448556
0.134662165346
0.134572693831
0.134573928908
0.134656563032
0.134812711904
0.135032661851
0.135303842687
0.135610836767
0.135935192607
0.13625505146
0.136545048206
0.136775868893
0.136915741035
0.136928200239
0.136778158133
0.136429811404
0.1358384117
0.134979749509
0.133761253697
0.13200445151
0.129679929442
0.126854396735
0.123619482848
0.120078110062
0.116326444533
0.112441314136
0.108477752622
0.104472474184
0.100448355088
0.0964197556043
0.092394227562
0.088377821523
0.0843707829388
0.0803784170176
0.0763938585407
0.0724281598469
0.0684663622431
0.0645870656896
0.060921329156
0.0576171049715
0.0547841475353
0.0524814024057
0.050700291803
0.0494123401645
0.0485322258978
0.047975923468
0.0476250503244
0.0474374757481
0.0476268097626
0.0480952638196
0.0487184084703
0.0495014588968
0.0502370403152
0.0507408619736
0.0504953104026
0.0506973749621
0.162468409056
0.162293632916
0.161414945101
0.160171834197
0.158664193729
0.157013788437
0.155297916612
0.153569085756
0.151863619188
0.150206638985
0.14861581161
0.147103644315
0.145679052694
0.144348434116
0.1431164164
0.141986377238
0.140960794913
0.140041472162
0.139229663463
0.138526129244
0.137931136034
0.137444431781
0.13706514684
0.136792520105
0.136623230285
0.136560231564
0.136593667496
0.136714477311
0.136914354218
0.137182914852
0.137506788716
0.137869515
0.138251273711
0.138628450404
0.138973532176
0.139254390692
0.13943648952
0.139478321633
0.139343059708
0.138987070191
0.138357973027
0.137431908499
0.136044023037
0.13400586316
0.131354418107
0.128193543827
0.124639925388
0.120811747031
0.116808185879
0.112701600236
0.108539944417
0.104353153841
0.100158635506
0.0959670797289
0.0917832267599
0.0876121404039
0.0834521167381
0.0793100306317
0.0751755248374
0.071066381224
0.0669602960677
0.0629802028611
0.0592951790832
0.0560756320135
0.0534261764138
0.0513857125573
0.0499124538115
0.0489547239168
0.0483511243516
0.0480182209315
0.0478816775254
0.0478486320503
0.0481201972861
0.0485683268943
0.0491172585182
0.0497405504707
0.0502899003769
0.0506693924812
0.0503576683525
0.0507598340542
0.164604240243
0.164451454381
0.163587852236
0.1623487599
0.160841951267
0.159187096366
0.157463609839
0.155724842756
0.1540074321
0.152336652264
0.150730281771
0.149201048136
0.147758241558
0.146408792257
0.145157994964
0.144009990866
0.14296807768
0.142034895042
0.141212517903
0.140502480375
0.139905740398
0.139422619095
0.139052306952
0.13879699985
0.138652414025
0.138618048403
0.138685817489
0.138847435138
0.139094217163
0.139415144565
0.139796103489
0.14021964637
0.140664641138
0.141105775982
0.141513447074
0.141852679839
0.142086297489
0.142166722776
0.142057179851
0.141700200632
0.14104085033
0.140043175643
0.138436317585
0.136072087699
0.133065369977
0.129554234716
0.125679651985
0.121570287017
0.117323091504
0.113002716337
0.108648741168
0.104284259663
0.0999216585161
0.095568586053
0.0912273726328
0.0869026779741
0.0825907394706
0.0783009768453
0.0740182996346
0.0697700891403
0.0655228103842
0.0614631279783
0.0577985505247
0.0547147747268
0.0522974216321
0.050556760513
0.0494066704428
0.0487497998488
0.0483220851704
0.0482302488702
0.0481158005857
0.0482007177346
0.0485407051605
0.0489570802563
0.0494499139488
0.0499736248375
0.0504133911248
0.0507555723574
0.0506215011585
0.0509325266513
0.166540539547
0.166412903227
0.165581666083
0.16437192948
0.162896160091
0.16126693354
0.159563274172
0.157838653943
0.156129905781
0.154462631319
0.152855022011
0.151320350088
0.149868604353
0.148507565528
0.147243505426
0.146081629826
0.145026344823
0.144081400574
0.14324994878
0.142534538979
0.14193706449
0.141458708762
0.141099487987
0.14086173127
0.140741985565
0.140737995144
0.140842343535
0.141047257385
0.141343808102
0.141720435933
0.142162347514
0.142651198921
0.143164674927
0.143675929733
0.14415345574
0.144559563618
0.144854747872
0.144984263622
0.144914361786
0.144563674934
0.143889210048
0.142803984551
0.140916038763
0.138183075048
0.134795943939
0.130924723868
0.12673181889
0.122349782188
0.117868163315
0.113341454413
0.108800325149
0.104261426718
0.099732743747
0.09521950976
0.0907219407436
0.0862448212107
0.0817820268202
0.0773466047445
0.0729169702271
0.068533668873
0.0641465771973
0.0600319536788
0.0564302326021
0.0535311674496
0.0513846487266
0.0499596187458
0.0490940255659
0.0486642086624
0.0485393879192
0.048446953048
0.0483539596377
0.0484863408231
0.0488507089327
0.0492576750006
0.0497123232598
0.050169524491
0.0505391999171
0.0508487488492
0.0509406136258
0.0511206192255
0.1682267185
0.16812575054
0.167346565511
0.166197687666
0.164790167679
0.163223040537
0.161572061875
0.159890133378
0.158214255836
0.156570652154
0.154978345739
0.153451581721
0.152001459665
0.150637004663
0.149365842055
0.148194600411
0.147129131697
0.146174609982
0.145335550351
0.144615775568
0.144018342383
0.143545470348
0.143198177904
0.142978688784
0.142884187982
0.142911761693
0.143054260437
0.143304205678
0.143652522746
0.144087217701
0.144592902064
0.145150460039
0.145736585776
0.146323168396
0.146877131706
0.147358425167
0.147725755866
0.147916268609
0.147903529628
0.147567288158
0.14690601487
0.14569286187
0.143456282687
0.140315663566
0.136527268479
0.132292397533
0.127788651487
0.123144743047
0.118438373895
0.113712444504
0.108988885811
0.104278611787
0.0995858613637
0.0949140059326
0.0902613161154
0.0856331882166
0.0810206619948
0.0764416379783
0.0718657395292
0.0673511004675
0.0628240477162
0.0586839569256
0.0551910814775
0.052527562115
0.0506873911308
0.0495671493293
0.0489062130893
0.0487043437419
0.0487481817875
0.0486342863333
0.0485654424394
0.0487176654139
0.0490870008284
0.0494814004866
0.0499042994787
0.0503161417802
0.0506479881145
0.0509474245893
0.0513415961539
0.0513247472545
0.169615925107
0.169540067904
0.168835470294
0.16778684188
0.166491517392
0.165028088431
0.163466833402
0.161859633974
0.160243731023
0.158646337466
0.157087777617
0.155583741394
0.154146899101
0.152787966992
0.15151635471
0.150340523793
0.149268155731
0.148306199953
0.147460849489
0.146737475117
0.146140531595
0.145673464524
0.145338458269
0.145137625847
0.145068568454
0.145128101826
0.145309391287
0.145605162346
0.146006199177
0.146500130835
0.147071059479
0.147699249086
0.148360656884
0.149026288653
0.149662006979
0.150226042738
0.150676133285
0.150940912731
0.151006719826
0.150694914906
0.150094918349
0.148673957898
0.146025561077
0.142443040757
0.13823852494
0.13364359522
0.128840957439
0.123947666257
0.119026420869
0.114108174026
0.109206828962
0.104328391444
0.0994739480805
0.0946454457243
0.0898392632347
0.0850618805593
0.0803009031096
0.0755804780131
0.0708586958341
0.0662167779851
0.0615485561882
0.0574181124689
0.054083730498
0.0517094544742
0.0501973845764
0.0493341622481
0.048821353049
0.0489010296301
0.0488651591902
0.0487930822625
0.0487454009187
0.0489026999802
0.0492658928562
0.0496438020709
0.0500396727522
0.0504224709662
0.0507447368417
0.0510603059078
0.0517306292213
0.0515018531371
0.170669594671
0.170611600726
0.170010686194
0.169112328254
0.167977336118
0.166661041026
0.165228174877
0.163729345415
0.162202119144
0.160675003286
0.159169984516
0.157704594213
0.156293506098
0.154949583507
0.153684482471
0.15250894859
0.1514329179
0.150465502351
0.14961491478
0.148888366598
0.14829195349
0.147830541417
0.147507628253
0.147325248132
0.147281262713
0.14737238871
0.147592178341
0.147933501095
0.148386959779
0.148939825972
0.149575770129
0.150274601928
0.151011840803
0.151758088465
0.152478821721
0.153131514679
0.153674043129
0.154027158154
0.154196027145
0.153922057225
0.153456439353
0.151698289719
0.148586878325
0.144534142691
0.139907089526
0.134963307337
0.129877622474
0.124748707002
0.119622707876
0.114519219244
0.109445134167
0.104402344829
0.0993892627946
0.0944067228688
0.0894491836783
0.084524694906
0.0796167508261
0.0747572945221
0.0698899958845
0.0651259864296
0.060315292145
0.056238447774
0.0531216803686
0.0510820249658
0.0498483831097
0.0491736741119
0.0490857445087
0.0490402095151
0.0490013365954
0.0489387734836
0.0489002770281
0.0490491060728
0.0493976376164
0.0497598970023
0.0501362099359
0.0505039149214
0.0508326002128
0.0511541672635
0.0518783082423
0.0515869205432
0.171359545643
0.171293604952
0.170856886704
0.170171492958
0.169240785282
0.168110743293
0.16684238667
0.165484273249
0.164074145356
0.162641723458
0.161210637178
0.159800405871
0.158428006879
0.157108855627
0.155857316036
0.154686893976
0.153610238211
0.152639041184
0.151783900142
0.151054172643
0.150457840896
0.150001379404
0.149689734757
0.149524926045
0.149504925936
0.149626433081
0.149883404426
0.150268787017
0.150772933124
0.151382732315
0.152081465509
0.152848634737
0.153659626951
0.154485168738
0.155291146078
0.156035512047
0.15667762254
0.157132399203
0.157429318134
0.15721093255
0.156976469582
0.154707498089
0.151096040491
0.146553202092
0.141508577575
0.136234784329
0.13088522434
0.125535616036
0.120215607799
0.114934688315
0.109693839359
0.104491502971
0.0993237759741
0.0941905756393
0.0890843796431
0.0840153210345
0.0789620391903
0.0739659305007
0.0689536740371
0.0640738935329
0.0591186102275
0.0551546255773
0.0523397546607
0.0506591534963
0.0496005188392
0.0492505299561
0.0493032946902
0.0491918853212
0.0491308139033
0.0490694789032
0.0490351778457
0.0491627837483
0.0494882578869
0.0498425547234
0.0502094722177
0.0505735884417
0.0509149332813
0.0512277237808
0.0518299783016
0.0516193962637
0.171690230165
0.171560462882
0.17141784306
0.170997869862
0.170294940826
0.169377933637
0.168302297962
0.167112522104
0.165845548876
0.164531267798
0.163194230095
0.161855662124
0.160534907523
0.159250228929
0.158019128018
0.156858355218
0.155783752848
0.154810034221
0.153950560646
0.153217145898
0.152619898148
0.152167075085
0.151865183033
0.151716303387
0.151718392243
0.151868161785
0.152159931085
0.152586617571
0.153138207423
0.153801125031
0.154558242763
0.155388843017
0.15626843441
0.157168363855
0.158055734763
0.158890333316
0.159634408446
0.160200600363
0.160645839894
0.160503622072
0.160606760865
0.157635340954
0.153500018131
0.148459825445
0.143016806189
0.137439235477
0.131847978641
0.126294072242
0.120792041073
0.11534285978
0.109942628639
0.104586851496
0.0992695909718
0.093989934989
0.0887383510074
0.0835275743643
0.0783305481069
0.0731999530209
0.068043789805
0.0630543058908
0.0579482424175
0.0541744357921
0.0517582078667
0.0504159972299
0.0494900948356
0.0495315811779
0.0494182754697
0.0493277321694
0.0492683674455
0.0492218958018
0.0491924103737
0.0492600563167
0.0495207233826
0.0499000754387
0.0502712121004
0.0506417928588
0.0509994141097
0.0513123376497
0.0517919595217
0.0516959590495
0.171809198149
0.171843401149
0.171897522306
0.171664693367
0.171173610669
0.170474956133
0.16960626795
0.168604691318
0.16750283106
0.166327973588
0.16510394836
0.163852869382
0.162596207463
0.161355225946
0.160150945065
0.159003839535
0.157933436785
0.156957921888
0.156093802532
0.155355651262
0.154755923731
0.154304807199
0.154010439162
0.153875056624
0.153896516699
0.154071543405
0.154394710138
0.154858739891
0.155453080192
0.156163537572
0.156972471682
0.157858931179
0.158798680101
0.159764039943
0.160723998571
0.161641379063
0.162482553767
0.163162494741
0.163764577559
0.163717500979
0.164246449947
0.160404072895
0.155736572799
0.150210341644
0.144404156982
0.138556034735
0.132748293192
0.127008515239
0.121338367139
0.115731983446
0.110181496432
0.104679871822
0.0992193897526
0.0937982938762
0.0884051197094
0.0830556369744
0.0777161395244
0.0724529326578
0.0671547224316
0.0620593814473
0.056797321412
0.0533220167615
0.0513328215329
0.0501487976247
0.0498688920682
0.0497145609902
0.0495669604852
0.0494619415167
0.0494013376864
0.0493700434694
0.0493506250742
0.0493769771553
0.0495765227686
0.0499586195384
0.0503344845741
0.0507165441359
0.0510924803398
0.0514195947409
0.0518298939053
0.0518671060935
0.172080156575
0.172309247895
0.172338038452
0.172206000152
0.171903856451
0.171412127691
0.170752879288
0.16995232637
0.169033012354
0.168015914696
0.166921893554
0.165772683712
0.164591386759
0.163402301765
0.162230304354
0.161100061014
0.160035271543
0.15905803533
0.158188371914
0.157443888418
0.156839573171
0.156387645997
0.156097888807
0.155972810097
0.156010173762
0.156206695692
0.156557024513
0.157053455724
0.157684661566
0.158435600584
0.15928791208
0.160220258149
0.161208609379
0.162226377391
0.163244819795
0.164230559232
0.165154891547
0.165939868091
0.166689305984
0.16674949293
0.167741302217
0.162921495401
0.157737501556
0.151761372154
0.145643102048
0.139563910714
0.133568104482
0.127663466725
0.121841521268
0.116091186421
0.110401454417
0.104763106649
0.0991668965245
0.0936100916934
0.0880795403144
0.0825941727479
0.0771126965522
0.0717184247576
0.0662797842506
0.0610759950116
0.0556664687287
0.0526582337996
0.0511212606417
0.0499893725056
0.050165667833
0.049883623117
0.0497036391686
0.0495822366356
0.0495143196882
0.0494863612317
0.0494764670798
0.0494974209394
0.0496546218959
0.0500125666423
0.0504003794165
0.050800241676
0.0511978132809
0.0515485316334
0.0519328904427
0.0521669466591
0.172464909482
0.172606968671
0.172569144942
0.172608831237
0.172485522811
0.172186513344
0.171737213892
0.171146869791
0.170423691478
0.169579438236
0.168629700059
0.167594414928
0.16649774292
0.165367025568
0.164231319311
0.163119937059
0.162061215249
0.161081576096
0.160204873329
0.159451974791
0.158840532213
0.158384841462
0.158096268939
0.157977718492
0.158026964209
0.158240691152
0.158613385593
0.159136630155
0.159798038278
0.160581423331
0.161467387821
0.162433886613
0.163456805058
0.164510434071
0.165568321568
0.166601091605
0.16758551687
0.168454479
0.169321860852
0.169492021477
0.170910878305
0.165089627924
0.159437480056
0.153075343847
0.146708887598
0.140443087952
0.134290821957
0.128245143615
0.122290254822
0.116411401045
0.110595242565
0.104830744686
0.0991073893187
0.0934211898178
0.0877576963018
0.0821383793335
0.0765136703728
0.0709882922702
0.0654066719775
0.0600855580187
0.054564320344
0.0521380586879
0.0508672922136
0.0505129780135
0.0502368915405
0.049998437315
0.0498169322868
0.0496985440483
0.0496366938995
0.0496218466238
0.0496354607806
0.0496644240437
0.0497526004681
0.0500263564844
0.0504627195892
0.050893978552
0.0513227191914
0.0517135214564
0.052132094962
0.0527072519812
0.172753142469
0.172755630658
0.172904396019
0.172969836878
0.172939988791
0.172811167971
0.172564775236
0.172186162285
0.171666787081
0.171005639673
0.170210259527
0.169297257433
0.168291283144
0.167222743378
0.166125197501
0.165033025115
0.163979601667
0.16299600278
0.162110154063
0.161346324151
0.160724874143
0.160262139514
0.159970932922
0.159854713766
0.159911529159
0.160138038887
0.160528260095
0.161072709654
0.161757608158
0.162565267477
0.163474839989
0.164463083559
0.165505216012
0.166575732421
0.167649880726
0.168701697319
0.169714629779
0.170634769002
0.171573520864
0.171847570293
0.173586665189
0.166823688371
0.160784810146
0.154124985501
0.14758210021
0.14117776773
0.13490349108
0.128743114054
0.122676324541
0.116686217487
0.110757985364
0.104879207741
0.0990383172789
0.0932296389234
0.0874378171654
0.0816848941879
0.0759127284682
0.0702503913244
0.0645077240484
0.0590528107009
0.0535040309623
0.0517268494304
0.0504549063021
0.0506851575315
0.050284986591
0.0500387496759
0.0498764113586
0.0497843413718
0.0497463788683
0.0497546869467
0.0497970330735
0.0498533176575
0.0499336489661
0.0501328275103
0.0505369361712
0.0510105284393
0.0514874237302
0.0519513696569
0.0524800611708
0.0534737663449
0.173009423755
0.17300730737
0.173125986787
0.173158501297
0.173252408749
0.173292225868
0.173240945538
0.173071811327
0.17275879803
0.172285426649
0.171648942535
0.170861461249
0.169947800707
0.168941590753
0.167881248208
0.16680658511
0.165756311673
0.16476636271
0.163868849955
0.163091469886
0.162457240448
0.161984413222
0.161687011664
0.161569126196
0.16162937883
0.161864438059
0.162267559637
0.1628278778
0.163529935147
0.164354211379
0.165277968842
0.166276174982
0.167322560657
0.168390635515
0.169455588419
0.17049186212
0.171490001004
0.172408165123
0.173350214273
0.173709428011
0.175613393715
0.168058263411
0.161745866604
0.154895270208
0.148251246469
0.141759031621
0.135399129005
0.12915188968
0.122995503477
0.116912530678
0.110887663779
0.104907613861
0.0989599407263
0.0930367824052
0.0871220722792
0.0812347707493
0.0753088487977
0.0694955079057
0.0635492811301
0.0579096799058
0.0522749844345
0.0508367120918
0.050200208882
0.0503166619809
0.0500672830934
0.0499137732572
0.0498318050503
0.0498153318835
0.0498346961391
0.0498841643243
0.0499625905678
0.0500557192458
0.0501555596617
0.050305815498
0.0506326462957
0.0511613570793
0.05171375671
0.0522842030596
0.0529237220927
0.0540053879207
0.173258079407
0.173262161469
0.173269153302
0.173393729477
0.173509320937
0.173663939171
0.173788788094
0.173817537255
0.173704564217
0.173415585012
0.172935025858
0.172269520339
0.171443990669
0.170495599935
0.16946798187
0.168406621119
0.167355673906
0.166355948742
0.165443680478
0.164649864147
0.16399999265
0.163514016488
0.163206905605
0.163083547418
0.163143639034
0.163383945182
0.163796587486
0.164368935862
0.165083544726
0.165918723424
0.166849397627
0.167848158339
0.168886516143
0.169936073922
0.170970184823
0.171958356899
0.172891093728
0.173709792761
0.174541000843
0.174934089587
0.176807260394
0.168735545401
0.162309702081
0.155390763814
0.148719214494
0.142189111905
0.135779197484
0.12947222879
0.12324820322
0.117090801979
0.11098520271
0.104917820023
0.0988755230423
0.0928479784322
0.0868183714691
0.0807978885139
0.0747154868992
0.068734239144
0.0625304994094
0.056641136803
0.0507097594389
0.049253953138
0.0496998011016
0.0497957770818
0.0497407979242
0.0496639619448
0.0496951815386
0.0498051867059
0.0499032288708
0.0500047009869
0.0501404856887
0.050295355253
0.0504495166844
0.0506126953306
0.0508532231063
0.0513244495983
0.0520129429918
0.0527171431857
0.0534510582749
0.0543222673358
0.173496038467
0.173499836687
0.173506342176
0.173594306648
0.173680718172
0.17395059562
0.174233715349
0.174441742946
0.174514814161
0.174398051328
0.174061606746
0.173506611997
0.172758502949
0.171858548539
0.170855934491
0.169801816242
0.168745613656
0.167732758348
0.166803319123
0.165991278825
0.165324287594
0.164823674503
0.164504966826
0.164373717161
0.164431002457
0.164673802811
0.16509294828
0.16567392456
0.166397226168
0.167238812676
0.168170876631
0.169162997543
0.170183767813
0.171202825926
0.172193496841
0.173125969951
0.173993743392
0.174623400743
0.175191273338
0.175513050423
0.177049818258
0.168855401525
0.162518119879
0.155653679804
0.14901250361
0.142484885748
0.136054713843
0.129711382014
0.123439385021
0.117224810227
0.111054082677
0.104913829526
0.0987904736078
0.0926714600816
0.0865393654494
0.0803944840813
0.0741673554283
0.0680100936285
0.0615031342814
0.0553168654142
0.0489080438085
0.0478257826031
0.0489687413856
0.0491008906549
0.0492713681092
0.0494407807243
0.0496560277079
0.0498438441026
0.0499469731164
0.0500866615708
0.0503225547278
0.050595472547
0.0508348350824
0.0510482183418
0.0513088535326
0.0517126285446
0.0524007437638
0.0532574963891
0.054114852928
0.0548603289453
0.173722040545
0.173729508328
0.173742243363
0.173753719164
0.173950297748
0.174231025667
0.174609400573
0.174967192537
0.175204419835
0.175237804033
0.175023984448
0.174559238834
0.17387017712
0.173003182531
0.172013359825
0.170957278629
0.169889168763
0.168858600061
0.167908979177
0.167076791858
0.166391399586
0.165875136415
0.165543777156
0.165403635452
0.165457592851
0.165702818983
0.166128456713
0.166717841196
0.167449252957
0.16829608891
0.169227385032
0.170208901542
0.171204951813
0.172181475054
0.173111803333
0.173984292944
0.17485611497
0.175485625534
0.175761772743
0.175903211883
0.176724462038
0.168648324795
0.162495698662
0.155762538484
0.149177830014
0.142674674095
0.136243844824
0.129881473108
0.123577457277
0.117320825988
0.111099597853
0.104900908642
0.098710936749
0.0925155160978
0.0862970955709
0.0800467222839
0.0737080014802
0.0673918686933
0.0605991453138
0.0542079388092
0.0475171567811
0.0474826650443
0.0482722061611
0.0486689816968
0.0489892307174
0.0492608552946
0.04952316435
0.0497613222417
0.0499867871869
0.0502556984592
0.0506026170765
0.0509540669106
0.0511865111552
0.0514123844371
0.0517454326946
0.0522341207283
0.0529499710701
0.0538747062425
0.0548849709616
0.0555908200914
0.173924573148
0.173936908942
0.173964036356
0.174004792276
0.174193055114
0.17452309924
0.174966054306
0.175420862215
0.175787490248
0.175937502287
0.175817220898
0.17541805381
0.174767988522
0.173919075083
0.17293172824
0.171866911755
0.170782801862
0.169732373916
0.168761721111
0.16790927744
0.167205660176
0.16667384411
0.166329418622
0.166179405992
0.16622851424
0.166474017467
0.166903603656
0.16749879662
0.168235899146
0.169085866932
0.170014560657
0.170983567488
0.17195163185
0.172877067146
0.173722004108
0.174459537284
0.17508985873
0.175660208034
0.175990361985
0.17615914395
0.176801272299
0.168536619806
0.162381089921
0.155787361302
0.149261848885
0.14278868003
0.13636631952
0.129995768768
0.123671674502
0.117385813688
0.111127717447
0.104885052559
0.0986437530611
0.0923883368826
0.0861007783032
0.0797664725997
0.07334990504
0.0669133047643
0.0600357316847
0.0538484333155
0.0467476052774
0.0474940540893
0.0479784411366
0.0484316060383
0.0488264224625
0.0491697632617
0.0494845458196
0.04977720007
0.0500615385419
0.0503643114021
0.0507015014444
0.0510550232596
0.05141143446
0.051832822291
0.0523754771435
0.0530376586363
0.0537411374306
0.0546035022113
0.0556808047592
0.0563943179142
0.174078957682
0.174095238646
0.17414252832
0.174219904762
0.174402336272
0.174818611814
0.175300820542
0.175816710702
0.176272822868
0.176492786718
0.17642117554
0.176044397438
0.175398973552
0.174544769441
0.173545406731
0.172464081966
0.171361366246
0.170292286008
0.169304379546
0.168436972745
0.167721138711
0.167180432468
0.166829603164
0.166677023603
0.166728507486
0.166979250567
0.167415159368
0.168016425218
0.168757907035
0.169608726888
0.170532415879
0.171487603531
0.17242919259
0.173310234184
0.174084880601
0.174712882661
0.175168475744
0.175459818954
0.175721305056
0.175945884599
0.176220040202
0.168470501483
0.162257235971
0.155778021328
0.149300187469
0.142850492156
0.136436907885
0.130063551082
0.123728210894
0.117424600317
0.111143325677
0.104872417648
0.0985975208829
0.0923019188907
0.0859658595057
0.0795683372483
0.0730795194835
0.0665173362119
0.0597824431986
0.0542320140784
0.0456690904199
0.0470876942036
0.047640025452
0.0482069089416
0.0486726929397
0.0490716832259
0.0494313480444
0.0497694356911
0.0501017547236
0.0504446995212
0.0508066157175
0.0511849955092
0.0515895834114
0.0520644939598
0.0526657497879
0.0534295378173
0.0543501233736
0.0554373548059
0.0565588730592
0.0571782471598
0.174148200219
0.17416996503
0.174234906555
0.174346010683
0.174558107318
0.174966779501
0.175555563284
0.176142394491
0.176604060713
0.176896916099
0.176883786229
0.176517335783
0.175859742534
0.174985045639
0.173960261315
0.172850775585
0.171719656701
0.170623955733
0.169612537727
0.168725372305
0.167993219276
0.167437010796
0.167068961666
0.166902300233
0.166945141216
0.16718903123
0.16761765845
0.168210227839
0.168940918721
0.169778271808
0.170685372712
0.171620584246
0.172538779374
0.173393290556
0.174138897129
0.174736203897
0.175158192851
0.175398730672
0.175529780259
0.175532124055
0.175545265889
0.168612691735
0.16222414832
0.155773248923
0.14931402493
0.142873633691
0.136463860056
0.130089712496
0.123750138717
0.117439625288
0.11114921583
0.104867083389
0.0985787242985
0.0922668017519
0.0859103556176
0.0794837384062
0.0729501560857
0.0662628917132
0.0592624605841
0.0518567647093
0.0410687590658
0.0458403424614
0.0472048621569
0.0480087401
0.0485625940391
0.049008324525
0.0493987887018
0.0497609215386
0.0501140834045
0.0504743412646
0.0508515548897
0.0512518863029
0.0516909610528
0.0522017561939
0.0528246879807
0.0536030696155
0.0546077187455
0.0559306261557
0.0573704197637
0.0579833003522
)
;

boundaryField
{
    frontAndBack
    {
        type            empty;
    }
    upperWall
    {
        type            zeroGradient;
    }
    lowerWall
    {
        type            zeroGradient;
    }
    inlet
    {
        type            zeroGradient;
    }
    outlet
    {
        type            fixedValue;
        value           uniform 0;
    }
}


// ************************************************************************* //
