/*--------------------------------*- C++ -*----------------------------------*\
| =========                 |                                                 |
| \\      /  F ield         | OpenFOAM: The Open Source CFD Toolbox           |
|  \\    /   O peration     | Version:  v1806                                 |
|   \\  /    A nd           | Web:      www.OpenFOAM.com                      |
|    \\/     M anipulation  |                                                 |
\*---------------------------------------------------------------------------*/
FoamFile
{
    version     2.0;
    format      ascii;
    class       volScalarField;
    location    "500";
    object      pa;
}
// * * * * * * * * * * * * * * * * * * * * * * * * * * * * * * * * * * * * * //

dimensions      [0 2 -2 0 0 0 0];


internalField   nonuniform List<scalar> 
6400
(
0.506891385438
0.443032314536
0.316059921921
0.231825051876
0.230063459086
0.295842157455
0.42595129367
0.566554066478
0.698363357291
0.821014681379
0.932572266233
1.02891177876
1.10751274619
1.16815856191
1.21192203464
1.24037428847
1.25528577689
1.25850694536
1.25185704643
1.2370315802
1.21554546879
1.18871714238
1.15767164909
1.12335861134
1.08657182159
1.04797412821
1.00811897617
0.967473854388
0.926439285008
0.885371206018
0.844605828258
0.804516821478
0.765621377013
0.728739660442
0.694371962916
0.658924194428
0.604678508559
0.523124724507
0.417141932557
0.296503521293
0.168470868083
0.0366689152576
-0.0971840408191
-0.231886255915
-0.36632098049
-0.499455245284
-0.630356520871
-0.758163386307
-0.882045645699
-1.00118373614
-1.1147564277
-1.22193749654
-1.32189234903
-1.41378371343
-1.49678129032
-1.57008393484
-1.63294821541
-1.68472952654
-1.72492769182
-1.75323975492
-1.76960942383
-1.77427279791
-1.76778888931
-1.75105436109
-1.72529312819
-1.6920244693
-1.65300325277
-1.61014547077
-1.56542183915
-1.52076732673
-1.47789698062
-1.43828144423
-1.40262590229
-1.3713979878
-1.34262338217
-1.31658885226
-1.28540143222
-1.26308378373
-1.22603433621
-1.27691504518
0.329104174215
0.209462994557
0.147549578719
0.117679050111
0.192103140045
0.449483662744
0.804100408453
1.23969487784
1.75205067942
2.32919495536
2.95499844268
3.61285141129
4.28796022258
4.96807773628
5.64328722473
6.30563040227
6.94884926852
7.56817307788
8.16008628362
8.72208980958
9.25248350382
9.75018660444
10.2145898907
10.6454397021
11.0427424368
11.4066933222
11.737617813
12.035931467
12.3021066676
12.5366529878
12.7401002867
12.9129748103
13.0558056058
13.1694031379
13.2573658596
13.3339626807
13.4281602513
13.5303070164
13.6148659521
13.6716168402
13.6996142912
13.698699706
13.6679324749
13.6061376797
13.5122587142
13.3853787546
13.2246788998
13.0294397364
12.7990741392
12.533164887
12.2315033591
11.8941303609
11.5213855292
11.113962886
10.672974977
10.2000194471
9.69724651515
9.16741687401
8.6139433391
8.04090275835
7.45300957879
6.85554026966
6.25420523345
5.65496750369
5.06381670067
4.48651037419
3.92830375336
3.39368248221
2.88613154118
2.40792265627
1.96002044901
1.54189006155
1.15181993884
0.786271942202
0.442373142704
0.113488832831
-0.193818312275
-0.492609533976
-0.690903218556
-0.946816239628
0.206632029037
0.141150737638
0.154496630513
0.169639849769
0.231696328797
0.368477910476
0.561047019634
0.802515816529
1.08261761381
1.38651697481
1.70020685538
2.01232842639
2.31382840898
2.59779557631
2.85937312691
3.09546376876
3.30435274111
3.48537735903
3.63865729379
3.76486662785
3.86504697696
3.94046151858
3.99248908554
4.02254824151
4.03204708417
4.02234996776
3.9947599776
3.95050984689
3.89076214041
3.81661048983
3.72908707553
3.62914557952
3.51757318614
3.39423257465
3.25539377566
3.08790055477
2.89412906413
2.6970769466
2.50986096975
2.33069705937
2.15748525804
1.99078831195
1.8320930879
1.68285888024
1.54440412476
1.4179088616
1.30434837034
1.20441554383
1.11846743393
1.04649330343
0.988091314284
0.942453803339
0.908359748742
0.884180004417
0.867894721835
0.857129869346
0.84921363932
0.841260114188
0.830279523347
0.813318082889
0.787620193977
0.750806729492
0.701052942194
0.637250778758
0.559135108209
0.467357828528
0.363498860732
0.250002406975
0.130059662801
0.00738899763092
-0.1139464406
-0.230048500374
-0.337124957685
-0.433322355261
-0.515981036652
-0.590775768475
-0.645029225126
-0.708236086629
-0.628683795113
-0.811345136139
-0.0458521173243
0.102935039819
0.0620442280796
0.0459076231396
0.193376318012
0.406813620811
0.648199857003
0.924846084894
1.23326814353
1.56199796565
1.9022874896
2.24836645305
2.59539877898
2.93919377359
3.27652389357
3.60510639768
3.92336185367
4.23020152414
4.52488894485
4.80694206455
5.07605374096
5.33203298922
5.57476382373
5.80418103213
6.02025452929
6.22298239077
6.41238612106
6.58851077004
6.7514218471
6.90120621098
7.03794954867
7.16173868747
7.27257722577
7.37090839769
7.45846596871
7.54150098145
7.60111157433
7.63183511495
7.64021598762
7.62704614264
7.59013094013
7.52841268179
7.44195993622
7.33112137878
7.19631697118
7.03814812875
6.85747929067
6.65545090484
6.43347553987
6.19323195937
5.93665494262
5.66591153115
5.38336592723
5.09152889755
4.79299491301
4.49036283626
4.1861453183
3.88266710159
3.581963022
3.28568263236
2.99501751396
2.71066160876
2.43281905025
2.16126359196
1.89545286463
1.63468641175
1.3783000952
1.12586766618
0.877423252298
0.633622574311
0.396021920014
0.166990492061
-0.0494801768713
-0.249468734959
-0.424319235932
-0.573624083959
-0.667607557109
-0.745145366177
-0.572045643546
-0.8071023504
-0.442902805226
0.281624607728
0.101819136583
0.105102496107
0.404200491725
0.692242971073
0.935762099321
1.18270331977
1.44155188117
1.70480042617
1.96885569955
2.23240039145
2.49328147845
2.74867131099
2.99590083829
3.23273160655
3.45730627333
3.66808517807
3.863822195
4.04354391578
4.20651950292
4.35222543352
4.48031358002
4.59058230405
4.68295232122
4.75744453558
4.81416217983
4.85327381894
4.87500072778
4.87960066916
4.86736352847
4.83857928118
4.79356530133
4.73238967126
4.65506065087
4.56250611831
4.46735664321
4.37217818016
4.27889883561
4.18856283843
4.10077712238
4.0150732865
3.93132641136
3.84939514614
3.76889140613
3.68919290683
3.60950226361
3.52887987861
3.44627081939
3.36054812358
3.2705695184
3.17524279257
3.07359283232
2.96482916503
2.84840742868
2.72408127882
2.59193587969
2.4523982638
2.30621678104
2.15440830367
1.99817257496
1.83878187457
1.67745720429
1.51524905068
1.35294144106
1.19099552606
1.02954945656
0.868465049088
0.707453745084
0.546185993925
0.384610906998
0.222871621736
0.0624813261999
-0.095619903535
-0.244203441825
-0.386629540517
-0.485279334614
-0.598124827645
-0.389249645607
-0.769780149062
-0.731806737935
0.819194665911
0.331719325501
0.373748103794
0.765567188031
1.04154488008
1.23423429501
1.42659213381
1.62951950653
1.83723184239
2.0494962812
2.26710603595
2.48883787154
2.71229774228
2.93499898817
3.15470475585
3.36944855803
3.57752993208
3.77752098994
3.96826050332
4.14883046243
4.31852569858
4.47682304688
4.62335446451
4.75788333097
4.88028553204
4.99053362617
5.08868534501
5.1748742505
5.24930388328
5.31224521545
5.36404543968
5.40516775459
5.43625472199
5.45774960786
5.46562872923
5.45603922126
5.42870807204
5.384241025
5.32344429069
5.24682422579
5.15489178248
5.04851209579
4.9288582428
4.79724933965
4.65506896683
4.50372993956
4.34462814523
4.17908586272
4.00830023039
3.83330658691
3.65495654168
3.47391313317
3.29066306289
3.10554803346
2.91881250162
2.73066566659
2.54135046821
2.35121241762
2.16075667016
1.97068340686
1.78189088111
1.59544187735
1.41249346734
1.23420088239
1.06160793154
0.895553314839
0.736591125316
0.584990473856
0.440709312036
0.303625627598
0.173257208073
0.0500208701473
-0.0674844541818
-0.174098252905
-0.280035099954
-0.344255625904
-0.454026488608
-0.164507987112
-0.696382028199
-1.03725376116
1.6069144717
0.676020156308
0.761421663644
1.16088464448
1.35630597641
1.47333317905
1.60425078119
1.75151922138
1.90875257364
2.07631732381
2.25435007376
2.44077509975
2.63259721157
2.8268366972
3.02076154099
3.21190431634
3.39807086182
3.57734920276
3.74810285591
3.90895062411
4.0587402629
4.1965221327
4.32152447904
4.43313181545
4.53086578045
4.6143692787
4.68339263027
4.73778263854
4.7774721942
4.80247271131
4.81285777115
4.80874455178
4.79026847182
4.75806610003
4.71637336483
4.66713618138
4.61117574378
4.54939540241
4.48255829548
4.41095715802
4.33449793931
4.25295946896
4.16610645462
4.07368527143
3.97543168281
3.8711120958
3.76056552004
3.64372867435
3.52064741308
3.39147778726
3.25647817929
3.11599266421
2.9704288568
2.82023376198
2.66587281038
2.50781629947
2.34653775042
2.18252647381
2.01631411146
1.84851117852
1.67984528441
1.51119068112
1.34357694152
1.17817056566
1.01622240577
0.859001761639
0.707698813117
0.56337946348
0.426875830303
0.298961594736
0.179888149978
0.0707563386837
-0.0299635012976
-0.116442758999
-0.202825548393
-0.240804433619
-0.34783902149
0.0459655203726
-0.633698743306
-1.34892185229
2.61482790146
1.05752245687
1.18007308846
1.50944189666
1.59418925649
1.64237594102
1.72646262818
1.83512207187
1.96070056079
2.10256786166
2.25916778162
2.4273485959
2.60364260292
2.7848239992
2.96797695798
3.15048408919
3.33002643597
3.50458101338
3.67240755762
3.83202764005
3.98220103774
4.12190211144
4.25029793643
4.36672862097
4.4706904139
4.56182137921
4.63988966661
4.70478443506
4.7565076058
4.7951713957
4.82098608331
4.83428256612
4.83542234754
4.82480857997
4.80154014833
4.76513176582
4.71594698475
4.65473542496
4.58238594581
4.49977381911
4.40774426383
4.30717521912
4.19898856228
4.08409354968
3.96332525371
3.83741162076
3.70696178801
3.57246556429
3.43430286476
3.292764251
3.14807999065
3.00045311802
2.85009155357
2.69723514911
2.54217448487
2.38525982852
2.22690084154
2.06756058944
1.90774787639
1.74801435156
1.58895853487
1.43123899423
1.27558977812
1.12283490629
0.973880535144
0.829707384267
0.691305704106
0.559655469423
0.435595183465
0.320000318671
0.213176935112
0.116385935271
0.0276966878559
-0.0463107401578
-0.123259995908
-0.146323291237
-0.265083629042
0.232801930716
-0.595063375963
-1.65698871383
3.81552696031
1.41976051722
1.59480524109
1.8038373032
1.7822205503
1.78164359002
1.83467002323
1.91818137059
2.02402575632
2.14999368241
2.29280717764
2.44848725918
2.61328599402
2.78386281682
2.95722975968
3.13071493333
3.30194758966
3.46884288588
3.62958280809
3.78259534032
3.92653348545
4.06025508163
4.18280407015
4.29339372451
4.39139197836
4.4763088662
4.54778597171
4.60558751808
4.64959345674
4.6797936462
4.69628677079
4.69928793269
4.68918915696
4.66675500247
4.63315367403
4.58902822527
4.53497371858
4.47163419823
4.39961285736
4.31941876555
4.23148297912
4.13621780096
4.03406422201
3.92550184582
3.81103819687
3.69119563598
3.56649764524
3.43745137707
3.30452882169
3.16815203577
3.02868678372
2.88644660045
2.74170726037
2.59472976033
2.44578813796
2.29519727361
2.1433349978
1.99065664754
1.83769756055
1.68506892123
1.53344644786
1.3835627048
1.23619920645
1.09219307817
0.952421334341
0.817820681643
0.689320751769
0.56785526137
0.454205241279
0.349212899113
0.253020962358
0.166733424527
0.0877116150723
0.0228965513483
-0.0490791882033
-0.0637376345748
-0.204524701378
0.394117754571
-0.575067998327
-1.93250669866
5.17952874231
1.71744142125
1.99085597555
2.05167786513
1.94643331056
1.91609795615
1.9485119976
2.01526816257
2.10841211764
2.22397039259
2.357282017
2.50385349904
2.65981547379
2.82182515699
2.98693888109
3.15255037201
3.31635547454
3.47632367444
3.63067356041
3.77785187806
3.91651495328
4.04551203178
4.16387030727
4.27078179521
4.36559195891
4.44778999693
4.51700073034
4.57297771033
4.61559811655
4.64485935844
4.66087777842
4.66389505996
4.65424404235
4.63231466566
4.59826797124
4.55247250296
4.4955082138
4.42809385502
4.35102213821
4.26510449254
4.17113918878
4.06990329743
3.96215125424
3.84860628054
3.72994789164
3.60680400322
3.47974881642
3.34930265315
3.21593141764
3.0800459682
2.94200302525
2.80210900229
2.66062869824
2.51779916872
2.37384917813
2.22902242614
2.08359978669
1.93792263781
1.79240510946
1.64754347377
1.50391044769
1.36215216166
1.22297269738
1.08714409523
0.955471110568
0.828842385145
0.708131719986
0.594241176432
0.487869088958
0.389843596325
0.300120455435
0.219524965119
0.14474910332
0.0830224217856
0.00994535159946
-0.00473323850009
-0.171787898914
0.524040252013
-0.577102643768
-2.15577059904
6.65944910757
1.91664628335
2.3712241368
2.26886500944
2.108996364
2.06094680344
2.07768032891
2.13194525924
2.21563631896
2.32292503379
2.4480999504
2.58633295602
2.73369326956
2.88688281548
3.04305863553
3.19973766908
3.35473628903
3.506127278
3.65220945667
3.79148566776
3.92264604328
4.04455434803
4.15623664566
4.25687156016
4.34578209669
4.42242828683
4.48640136289
4.53741717711
4.57531369433
4.60004000103
4.61166743378
4.61035291959
4.59649165995
4.57073947517
4.53348018037
4.48516707246
4.42634593127
4.35762948213
4.27967197769
4.19315299066
4.0987701398
3.99723893141
3.88929198885
3.77566979702
3.65710346511
3.53429557497
3.40790357752
3.27852706202
3.14669912563
3.01288263957
2.87747173351
2.74079832197
2.60314403803
2.46475559178
2.3258632245
2.18670162252
2.04752470612
1.90862947744
1.77036246145
1.6331370311
1.49742430917
1.3637599471
1.23271715489
1.1049448545
0.981104839137
0.861926615683
0.748132481509
0.640475094743
0.53932267671
0.445407314705
0.35826655874
0.277969184571
0.200668205456
0.133428606297
0.0520518976214
0.0212269306191
-0.163024332396
0.622001895273
-0.622484908651
-2.31137160251
8.20072000743
2.00205064048
2.7500035691
2.46812818941
2.28065574735
2.21918850743
2.22212340624
2.26622364128
2.34201609172
2.44186448096
2.55925998775
2.68913807133
2.82755333886
2.97130548071
3.11770968319
3.26446082815
3.40954570059
3.55118625534
3.68780375182
3.81799632458
3.94052423231
4.05429973908
4.1583795056
4.25195867126
4.33436586018
4.40505864947
4.46361986611
4.50975232722
4.54327792211
4.56412435217
4.57234450163
4.56806396484
4.55169205795
4.52370197
4.48432225567
4.43398462515
4.37325236092
4.30276882161
4.22322983287
4.13536564029
4.03992689735
3.93767551308
3.82937871896
3.71580188019
3.59769759069
3.47579195237
3.35076999523
3.22326162648
3.09382960547
2.96296147124
2.83106747883
2.69848426667
2.56548766752
2.43230921657
2.2991566453
2.16623871178
2.03377155528
1.90201004281
1.77124112324
1.64181086183
1.51410107547
1.38855994975
1.26563168739
1.14581255998
1.02969430366
0.917717621747
0.810428580907
0.708409093991
0.611145326136
0.519005482604
0.430982761324
0.345543350584
0.259008814062
0.176270809845
0.0786091301599
0.00919154723277
-0.154541656877
0.687582393751
-0.742338963855
-2.39211423715
9.74760752134
1.97494328578
3.14371779088
2.65541307639
2.46432650624
2.38866328283
2.37929476034
2.41497426797
2.48373425651
2.57640432702
2.6858712465
2.80692083644
2.93566419348
3.06906552005
3.20465439373
3.34034751255
3.47433628746
3.6050188084
3.73096087738
3.85087430207
3.96360533491
4.06812831626
4.1635422245
4.24906833337
4.32404852678
4.38794327878
4.4403301881
4.48090012045
4.50945809709
4.52590843474
4.53028132783
4.52266390907
4.50350680868
4.4732831378
4.43220574559
4.38066466239
4.31917858847
4.24833714128
4.16878116333
4.08119837447
3.98631672355
3.8848944266
3.77770923686
3.66554667619
3.54918603634
3.42938459857
3.30686104509
3.18227963707
3.05623593626
2.92924626348
2.80174334213
2.67407550881
2.54651989207
2.41929791931
2.29259564471
2.16659827041
2.04147967819
1.91745243161
1.79473681957
1.67362148554
1.55438966179
1.43740527468
1.32302244949
1.21144857067
1.10354850039
0.99910319734
0.898273559224
0.801787463544
0.707993344034
0.615863103934
0.523203290981
0.426740017931
0.323171495628
0.214653355498
0.0899152661127
-0.0300512003521
-0.119620794331
0.666080852673
-0.916585291339
-2.39698100444
11.2506548596
1.85069918612
3.56563692224
2.83013292045
2.65877948038
2.56540167993
2.54603549041
2.57477129726
2.63705885237
2.72258755201
2.82378415927
2.93539657548
3.05368821086
3.17586272928
3.29971721653
3.42342598667
3.54540858234
3.66425544057
3.77868858579
3.88754305096
3.98975937766
4.08438186283
4.17055911244
4.24754551461
4.31470242667
4.37149893776
4.4175122056
4.45242618835
4.47603329611
4.48822415174
4.48901124769
4.47847206914
4.45704340641
4.42510683801
4.38283351908
4.33058685592
4.26886955741
4.19825195733
4.11934928413
4.03282166909
3.93937190938
3.83973808492
3.73468454367
3.62499153711
3.51144208177
3.39480589274
3.27582104836
3.15517583851
3.03349158025
2.91130886829
2.78908250887
2.66717333729
2.54586390811
2.42537101826
2.3058645066
2.18751798952
2.0704662346
1.95490233258
1.84098021283
1.72895266553
1.61902465424
1.51147402015
1.40679660003
1.30435000549
1.2057489142
1.11068696157
1.01791929357
0.928091751279
0.838316850746
0.745098085002
0.643655675109
0.529423881971
0.400338366075
0.258083836779
0.0979758393938
-0.0600809257186
-0.0655567079235
0.50919101511
-1.10183080077
-2.33028612826
12.6701922335
1.65339688799
4.02214914326
2.98754445541
2.86191599953
2.7456580337
2.71965905017
2.74259598846
2.7988300765
2.877166672
2.96969322012
3.07126031446
3.17838694222
3.28858679932
3.3999688551
3.51098968133
3.62030960849
3.72671715964
3.8290931731
3.92639704583
4.01766469998
4.10201141718
4.17863671686
4.24682919463
4.30597061656
4.35553915127
4.39511143382
4.42436419489
4.4430759944
4.45112533134
4.44851161805
4.43533204513
4.41199985097
4.37880335831
4.33589386697
4.28360588254
4.22240605191
4.15282440701
4.07543580192
3.99086297969
3.89977586275
3.80288496815
3.70093309501
3.59468618923
3.48492118844
3.37241098208
3.25790504381
3.14211027154
3.02567090066
2.90915081217
2.79303088378
2.67768738898
2.56341528487
2.45043417561
2.33890146857
2.22900126516
2.12083655696
2.01460217701
1.91041169416
1.80854339068
1.70922469555
1.61233609541
1.51914196618
1.4289490297
1.34244882678
1.25986906208
1.17903955101
1.09847859295
1.01321019807
0.916986155332
0.802647243201
0.665640356658
0.50695008139
0.330704782564
0.13612012835
-0.0462638188084
-0.0381088930539
0.19750804205
-1.24218700995
-2.19967091506
13.9777944527
1.41078140722
4.51211485654
3.12180381549
3.07238825428
2.92622721247
2.89787263946
2.91569145757
2.96625180392
3.03732513359
3.12081248186
3.2118226156
3.30722305043
3.40489730701
3.50329909906
3.60118205766
3.69745164618
3.79109417685
3.88114677775
3.9666905978
4.0468545166
4.12082299686
4.18784492114
4.24724196416
4.29841506732
4.34085053537
4.37412284221
4.39790100216
4.41194376474
4.41611856145
4.41037577576
4.3948920932
4.37009938869
4.3360913167
4.29303566964
4.24126126805
4.18119808161
4.11332992324
4.03818622075
3.95634645402
3.8684397357
3.77513948166
3.6771568364
3.57523338758
3.47013008571
3.36261429186
3.25343941898
3.14332636863
3.03294111293
2.9228702157
2.81362906186
2.70561472669
2.59914440408
2.49445444218
2.39170826788
2.29110673405
2.19276149359
2.09691896153
2.00373214912
1.91333181936
1.82674174507
1.74376171051
1.66518966453
1.59130025375
1.52187800854
1.4563349468
1.3916835852
1.32343681283
1.24359509062
1.14327464114
1.01477376579
0.8558999632
0.671041498291
0.462838229384
0.224999507606
-0.00943013370109
-0.107523089542
-0.219672315036
-1.27358814047
-2.0146235442
15.1556964057
1.14998897058
5.02794915251
3.22837481603
3.28984103529
3.10423442704
3.07869275077
3.09155017448
3.13686836718
3.20062020456
3.27478496421
3.35487092419
3.43816764412
3.52297445316
3.60811137167
3.69263542915
3.77569667437
3.8564754886
3.93416074765
4.00795080383
4.07706349481
4.14074856375
4.19830096508
4.2490723285
4.29248015256
4.32801642851
4.35525170591
4.3738457021
4.3835356725
4.38417777709
4.37566601843
4.35828065428
4.33245603785
4.29809985408
4.25538715346
4.20465194147
4.14629423134
4.08075274262
4.00851017707
3.93009957771
3.84610366302
3.75715139105
3.66391369944
3.56709948192
3.46744488599
3.36570483993
3.26263053421
3.15895393056
3.05536374024
2.95247016775
2.85083382909
2.75087918338
2.65296626536
2.557340603
2.46424191439
2.37387466281
2.28651736638
2.2022719253
2.12212284928
2.04619757891
1.9751632737
1.90977288659
1.85051719424
1.79796946576
1.75160616658
1.70932898137
1.66582258021
1.61289296369
1.53958562645
1.43557698174
1.29390658099
1.11313129513
0.893684048916
0.627208466996
0.302886256135
-0.0348169602244
-0.292057615526
-0.599622589331
-1.17777089145
-1.78519947272
16.1952972849
0.894759862023
5.55773044979
3.30542932136
3.51436944951
3.27690728845
3.26040062219
3.26787173775
3.30849539441
3.36488705546
3.42956200837
3.49851847833
3.5695211697
3.64131816243
3.71310681992
3.78424879378
3.85413580358
3.92213814938
3.98759147774
4.04980678187
4.10808587181
4.16173884903
4.21010208073
4.25255299102
4.28852196825
4.31750370597
4.33906337796
4.35285001228
4.35858464841
4.35611209321
4.34530348483
4.32651464547
4.30009477065
4.26586733586
4.22398296478
4.17477560458
4.11862682058
4.055940866
3.98716038709
3.91277490835
3.83331970653
3.74937473194
3.66156322581
3.57055362654
3.47704807193
3.38178274222
3.28550056122
3.18894360538
3.09282734866
2.997786086
2.90444680547
2.81325995651
2.72467497437
2.63887955314
2.55648506312
2.47736707797
2.40271431647
2.33275025249
2.26788492829
2.20924762109
2.15753468604
2.11417049079
2.08016745747
2.055977585
2.03977002824
2.02660555037
2.0071748481
1.96887853021
1.89749787616
1.78034750414
1.60779703716
1.3730903899
1.06947473238
0.691121576522
0.257961086717
-0.150744794875
-0.465770279783
-0.751059891446
-0.988291846177
-1.52121983856
17.0952002562
0.6639604858
6.08746861106
3.35420242983
3.7457545377
3.44158042227
3.44156038764
3.44254356332
3.47919135363
3.52819550793
3.58334446619
3.64112412581
3.69981598054
3.75863690184
3.81716493465
3.87506475446
3.93196716294
3.98742866041
4.04092755207
4.09188284211
4.13967460446
4.18366698925
4.22323226468
4.25776833707
4.28671423307
4.30956383006
4.3258753658
4.33528696774
4.33751073232
4.33238216939
4.3197737669
4.30006318648
4.27348753601
4.23984189498
4.19925991541
4.15206845928
4.09862899071
4.03931259936
3.97452365052
3.90471062319
3.83036296525
3.75201193264
3.67022961555
3.5856407474
3.49890524986
3.41073750599
3.32186704221
3.23304471196
3.14502241008
3.0584701238
2.97409874192
2.89236448462
2.8140196803
2.73885767112
2.66851551738
2.60307851385
2.5428477844
2.48902655194
2.44214730531
2.40408925835
2.3765307166
2.36156055954
2.36017076762
2.37137289906
2.38995102665
2.40570810985
2.40287360851
2.3620993288
2.26284377994
2.08637496765
1.81829835495
1.45235833281
0.996611462112
0.485244589163
-0.0063839944529
-0.383824577272
-0.624821316345
-0.787018955361
-0.872200506055
-1.23175706213
17.8592933727
0.471162776618
6.60308754397
3.37859747168
3.98286688714
3.59589974375
3.62099914929
3.61361154745
3.64723252361
3.68881346831
3.73453498837
3.78123219646
3.82774819107
3.87377625404
3.91927293079
3.96420430754
4.00843854295
4.05171575726
4.09365321888
4.13377315988
4.1715263678
4.20632364375
4.23756672849
4.26466810357
4.28707080484
4.30426387887
4.31579627669
4.32129372665
4.32046555818
4.31314438036
4.29925148385
4.27910299553
4.2528180737
4.22019992269
4.18137956436
4.13667357683
4.08642250478
4.03096659667
3.97067255196
3.90594699177
3.83723194183
3.76501013944
3.68979893634
3.61218019847
3.53276620882
3.4522482052
3.37134077653
3.29081341156
3.21144627869
3.13398227877
3.05930127694
2.98773931975
2.92065490263
2.85825284181
2.8014412076
2.75082244935
2.70679916339
2.67120788749
2.64572689062
2.63320621154
2.63614683407
2.65651799273
2.69351358887
2.7418849488
2.78944485189
2.81672628573
2.79757179193
2.70264902264
2.50400354929
2.18160812204
1.73176078886
1.17695178926
0.572539986779
0.0039692705663
-0.435097716207
-0.69541661962
-0.819322445751
-0.873441762424
-0.89939832946
-0.924895617476
18.495020635
0.32492458479
7.09187142493
3.38437563259
4.22339696513
3.73809651313
3.79771840416
3.77926748031
3.81110175541
3.84518455523
3.88171079353
3.91753846285
3.95214218697
3.98568407121
4.01849505374
4.0508416606
4.08282895726
4.11437816686
4.14524223903
4.17504014982
4.20328362843
4.22942176698
4.25287926405
4.27307700356
4.2894580012
4.30150218503
4.30874707596
4.31079942838
4.30736545541
4.2982612722
4.28349820375
4.26337747059
4.23783489227
4.20672131797
4.17016772178
4.12845490217
4.08188792904
4.03077806031
3.97546033099
3.91630490491
3.85370620172
3.78810066204
3.71994735264
3.64978722949
3.57817821197
3.5057994618
3.43334120572
3.36162166946
3.29141898893
3.22373069696
3.15953313496
3.09976033636
3.04540937448
2.9966658986
2.95445138593
2.91976216803
2.89406193134
2.88012492191
2.88084051794
2.89976454515
2.93913824914
2.99863669519
3.07223942493
3.14600075929
3.19611223322
3.19015576107
3.09075503507
2.86323704164
2.48556078261
1.96018043743
1.32417862549
0.651433742258
0.0386762413074
-0.426305856546
-0.704275702331
-0.825645617816
-0.855117637478
-0.816526678548
-0.705758182154
-0.607640532301
19.0119962496
0.229467504811
7.54334874713
3.37822549886
4.46391118114
3.8672024899
3.97075240172
3.93786694469
3.96947696101
3.99591132921
4.02360541939
4.04886946847
4.07193123518
4.0933944093
4.11396091331
4.13419798401
4.15444686626
4.17480715059
4.1951635478
4.21522253189
4.23454429596
4.25260849993
4.2688564572
4.28271209662
4.29361546219
4.30103479164
4.3044960731
4.30358168934
4.29800086165
4.28747824164
4.27222892535
4.25260661083
4.22824573928
4.19908643073
4.16528446499
4.12707029081
4.08469135094
4.03841805333
3.98854938582
3.93542301086
3.87938790392
3.82083983094
3.76017194874
3.69789883683
3.634517787
3.57070225732
3.5071050391
3.44478387707
3.38426165012
3.32747110168
3.27532132372
3.22809487128
3.18708685807
3.15264303384
3.12618602947
3.10955142553
3.10542187894
3.11758007254
3.14966320028
3.20468798612
3.28220246086
3.37583337114
3.46970642504
3.53678873793
3.53941618849
3.4346108662
3.1833640513
2.76386285166
2.18475256806
1.4940223003
0.77629961315
0.133410717119
-0.349808443388
-0.640146303451
-0.768701814921
-0.801019872694
-0.772098771638
-0.66365058451
-0.49024757033
-0.285951094589
19.4209165171
0.185526273421
7.94967488354
3.36691923104
4.70014296935
3.98313514564
4.13902517576
4.08797897303
4.12121239021
4.13974485914
4.15909823224
4.17417116976
4.18614968386
4.19602281549
4.20486511981
4.21354426789
4.22263580239
4.23241385788
4.2428901092
4.25384461932
4.26487251877
4.27547834519
4.28511423473
4.29320288441
4.29917967409
4.30250083253
4.30268167774
4.29929631522
4.29205095582
4.28066478552
4.26545373379
4.24670323762
4.223954762
4.19716181573
4.16651004116
4.13220621769
4.09444565858
4.05344960455
4.00946661121
3.96279549872
3.91372703655
3.86262912505
3.8098287428
3.75580151776
3.70099479541
3.64617432501
3.59181722794
3.53955968309
3.49020530904
3.44503847266
3.40524830904
3.37110715027
3.34405520415
3.32508679802
3.31638284969
3.32081217963
3.34216492251
3.38475348155
3.45161015667
3.54268105199
3.65105847954
3.75990689304
3.8398509171
3.85009752262
3.74392557218
3.47991204708
3.03641183484
2.42587429823
1.70208219868
0.954309275228
0.28508265617
-0.223012616411
-0.53692374371
-0.68191081739
-0.721068749281
-0.710387651046
-0.655410679173
-0.527197689874
-0.365008567533
0.0351852022069
19.7327831198
0.191213882877
8.30564250033
3.35666429657
4.92740501367
4.08664003744
4.30125262962
4.22844915977
4.26530668499
4.2755814636
4.28720630467
4.2925028274
4.29393021944
4.29276684891
4.29047061017
4.28820689456
4.2867809078
4.28663723733
4.28790737888
4.29042600866
4.29381142714
4.29759098574
4.30122158371
4.30412198227
4.30572123802
4.3054631368
4.30286017196
4.29749417515
4.28907905789
4.27736168049
4.26269530255
4.24525750596
4.22457769246
4.20059553004
4.17350243529
4.14349146931
4.1107247502
4.07538587503
4.03766116862
3.99781614068
3.95607552569
3.91275420439
3.86813140558
3.82267138304
3.77679091851
3.73134671479
3.68727969664
3.6458112722
3.60790898137
3.57480921289
3.54768349568
3.52731285567
3.51541974193
3.51377198764
3.52544038266
3.5542801126
3.60463118164
3.67999105105
3.78029018594
3.8988455925
4.01831907268
4.10854729766
4.12708727853
4.02536543648
3.76016764917
3.30918529107
2.68527457637
1.94321820339
1.17244929275
0.474449778513
-0.0690111825465
-0.422453081197
-0.603492920147
-0.665925350606
-0.668848032986
-0.645110610962
-0.584511777029
-0.461700308496
-0.322233409632
0.351599279976
19.9583378393
0.242824331433
8.60844420937
3.35269788554
5.14102151841
4.17912082134
4.45591667979
4.35845031741
4.4008627082
4.40246632095
4.4070763126
4.40303358954
4.39450377277
4.38290804993
4.3701129922
4.35757253597
4.34631461088
4.33695017692
4.32971976468
4.32448902931
4.3208940416
4.31848538712
4.31671773299
4.31500469071
4.31276430845
4.30942783273
4.30451418163
4.29763443407
4.28853257716
4.27702125597
4.2633581489
4.24766242856
4.2294914401
4.20876940379
4.18567122338
4.16035882348
4.13295458566
4.10362573525
4.07250285003
4.03979394741
4.00567219974
3.97038578768
3.93431483546
3.89763244569
3.86131877963
3.82597244953
3.7923399745
3.76189402001
3.7356753701
3.71509262386
3.7014326912
3.69597452963
3.70088035594
3.71879123577
3.75361208338
3.80966315537
3.89050683514
3.99650875679
4.12122745691
4.2478770946
4.34643884267
4.3744517733
4.2825942244
4.02640939782
3.58166999763
2.95893819448
2.21019101589
1.42203796535
0.694143463444
0.109400403713
-0.291432207291
-0.517369088445
-0.613237619433
-0.63386508483
-0.621327295776
-0.591286541057
-0.530004613511
-0.418667931686
-0.298532647297
0.659791042155
20.1077171869
0.335547722835
8.85731288434
3.35910353885
5.33669923206
4.26239618122
4.60130726737
4.47749793593
4.52704826684
4.51960204102
4.51797433811
4.50504179528
4.48719977924
4.46581449498
4.4432040521
4.42109202553
4.40072067175
4.38286396535
4.36785454405
4.35556445125
4.34565164492
4.33768951071
4.33112304955
4.32536072201
4.31979953409
4.31385958966
4.30707585202
4.29911714098
4.28974098574
4.27885353562
4.26669374466
4.25324325247
4.23808099455
4.2210871515
4.20240668301
4.18217964718
4.16049545828
4.13748799353
4.11325002534
4.08793202309
4.06180575901
4.0346724018
4.00753218346
3.98035765002
3.95358363269
3.92833068071
3.90533704285
3.88619349463
3.87219209066
3.86490171547
3.86579972319
3.87667478832
3.90026081239
3.94000520227
4.00016475734
4.08430719222
4.19308625399
4.32084390657
4.45173187301
4.55705858034
4.59533207732
4.51763026728
4.27847498723
3.85101018476
3.24140547105
2.49625646522
1.69708344998
0.94095260699
0.312671718453
-0.139915594056
-0.415812148429
-0.551082081112
-0.596222572901
-0.594882709315
-0.573436653765
-0.538384730458
-0.477097857665
-0.375482668238
-0.269439193524
0.956739101444
20.1902749059
0.46408898703
9.05307975761
3.37877112279
5.51077505527
4.33842991721
4.73561993127
4.58542671837
4.64307403526
4.62635890316
4.61927591054
4.59791638352
4.57144643633
4.54094273605
4.50923431009
4.47828261562
4.44953714542
4.42393063102
4.40186393969
4.38319566696
4.36761955822
4.35472579749
4.34394579296
4.33468162069
4.32629221718
4.31819453462
4.30997140917
4.30137874819
4.29204247887
4.28216034792
4.27204673105
4.26136176143
4.24971937561
4.23693780799
4.22309798389
4.20829871017
4.19262653157
4.17620496415
4.15923065431
4.14139254156
4.12350376761
4.10523808339
4.08690627406
4.0690699456
4.0520080034
4.03693640825
4.02489954002
4.01762793737
4.01661917926
4.02357905057
4.04026974031
4.06903431625
4.11314769485
4.17640370937
4.26233211486
4.37186570818
4.50019724283
4.63302899263
4.74356817552
4.79236057354
4.73161128815
4.51534071497
4.11362688765
3.52707088167
2.79502268124
1.99221224126
1.21198669779
0.54086302776
0.0342267106979
-0.295936405896
-0.475906840573
-0.551517771599
-0.567182084611
-0.553618690042
-0.526402752231
-0.48781528722
-0.427107680573
-0.332794115061
-0.236352521578
1.23986183598
20.2145954305
0.623130057578
9.19762559707
3.41341244279
5.66034794333
4.40910413119
4.85710310039
4.6823404434
4.74819614702
4.7222795502
4.71045549097
4.68115787557
4.64676813396
4.60783794531
4.5677727846
4.52872850908
4.49235762029
4.4597438313
4.43132651434
4.40694288415
4.38634111153
4.3691158795
4.35468989571
4.34244905422
4.33169172314
4.32186356948
4.31266240301
4.30390189508
4.2951881158
4.28681730214
4.27909119202
4.27159248405
4.26388309979
4.25568603756
4.24703024089
4.23798131258
4.22870319168
4.21894860658
4.20943700051
4.1997143653
4.18991741451
4.18034019256
4.17099390406
4.16243978728
4.1552066446
4.15065128995
4.15010597835
4.15542924244
4.16828615313
4.19055151771
4.22434302183
4.27246997377
4.33838044375
4.42525629904
4.53427867022
4.66153712083
4.79448198286
4.90882474017
4.96774059181
4.92540847238
4.73580154152
4.3660690574
3.81062240074
3.10047501445
2.30213207652
1.50395554341
0.793215954126
0.232410385954
-0.155258985578
-0.385150741104
-0.496852144486
-0.53467588241
-0.533052689724
-0.512126658116
-0.480902396402
-0.439948671391
-0.380176606214
-0.291399028146
-0.201532091453
1.50687519046
20.1884514687
0.807534857403
9.29333007881
3.46373272632
5.78341886451
4.47611248452
4.96423861666
4.76854101989
4.84173597594
4.80706762176
4.79107564233
4.75437537692
4.71278012365
4.6661315003
4.61846475891
4.57208020301
4.52883249116
4.48994108762
4.45585376095
4.42639408315
4.40137989072
4.38039768095
4.36287558746
4.3481558004
4.33547059938
4.32438578008
4.31475277761
4.30632342398
4.29864873602
4.2922084708
4.28747532993
4.28360072603
4.28010818782
4.27682783199
4.273608313
4.27037216832
4.26770389953
4.2651823253
4.26297185806
4.2612338266
4.25977090536
4.25882157134
4.25845453559
4.25930150429
4.26217280026
4.26861859809
4.28021746742
4.29893353438
4.32659126839
4.36525849248
4.41734174511
4.48576056314
4.57335282746
4.68129592539
4.80654157774
4.93835462584
5.05519836662
5.12343548617
5.09979191596
4.93889741236
4.6053274187
4.08733543926
3.40700252692
2.62157837865
1.81304850586
1.06805999031
0.45512735643
0.00830384297652
-0.276155710944
-0.429827807964
-0.495007267268
-0.509134668789
-0.496952156994
-0.471104479071
-0.436835306965
-0.39415435339
-0.335278277457
-0.250653737813
-0.165375889572
1.75502445816
20.1182601421
1.01271465639
9.34322059124
3.53005726647
5.87909212637
4.54090877687
5.05586558976
4.84441634541
4.92309506945
4.8805555793
4.86077782068
4.81728125251
4.76918438457
4.71554095581
4.66103265547
4.60805867463
4.55867531864
4.51421404271
4.47510916623
4.44119217904
4.41235230247
4.38816214264
4.36806651926
4.35132657605
4.337163981
4.32538932618
4.31595899162
4.30835747336
4.3021743154
4.29785795039
4.29665135431
4.2969400155
4.29775672085
4.29942438255
4.30189502098
4.30484598284
4.30863473284
4.31332279639
4.31876385169
4.32502218895
4.33188344311
4.33955396151
4.34822058178
4.35869834204
4.37208224317
4.39011731743
4.41459120728
4.44755411247
4.49095932715
4.54698785652
4.61804047408
4.70647173873
4.81336713817
4.9363008601
5.06628767984
5.18460700795
5.26109056602
5.25557469836
5.12398107328
4.82901888744
4.35315914357
3.70951456904
2.94535736791
2.1350183703
1.3628576985
0.701873080997
0.196073496742
-0.146445174745
-0.34783229576
-0.446236729146
-0.480408907892
-0.479519719591
-0.460486644944
-0.431015181396
-0.394247100968
-0.350092561056
-0.291738240353
-0.209936438549
-0.127640985401
1.97849817136
20.008336371
1.23661951416
9.3523239677
3.6130544692
5.94743222741
4.60445268654
5.13114816575
4.91029151274
4.99176743245
4.94266626894
4.91928548147
4.86969030201
4.81577504769
4.75587852439
4.69528719088
4.63646950671
4.58167775702
4.532325691
4.48883190026
4.45106365174
4.41895813451
4.39207253284
4.36986052833
4.35150282157
4.33634144949
4.32440833681
4.31546497295
4.30872575415
4.30477841879
4.30356083121
4.3059579713
4.31040817428
4.31591085432
4.32262324913
4.33069204451
4.33999714035
4.35066892663
4.36266734386
4.37581640577
4.39005606677
4.40519859675
4.42151683288
4.43937535434
4.45982304654
4.48423814534
4.51454345752
4.55268166305
4.60073818532
4.66068281808
4.73455558531
4.82419693094
4.93044569826
5.05131552311
5.17930640833
5.29841994306
5.382052049
5.39353086109
5.29075318636
5.03535209774
4.60477773955
4.00349202722
3.26848678663
2.46531651664
1.67434980015
0.971201565484
0.408507123215
0.00595141542718
-0.248168998981
-0.385951747138
-0.445444635948
-0.459093216456
-0.448437939011
-0.42464534111
-0.392293119721
-0.353334537892
-0.307704854603
-0.249257269113
-0.168848872258
-0.0879412186936
2.16523441217
19.8641995747
1.48304300382
9.32727881104
3.71291112563
5.98853410543
4.666785364
5.18948161516
4.96633024414
5.04737582821
4.99339031865
4.96642256502
4.9115235162
4.85244803502
4.78705864076
4.72113472713
4.6572087455
4.59770972358
4.54410266354
4.49681297848
4.45577053908
4.42091122062
4.39177020641
4.36778321787
4.34812306755
4.33235183947
4.32046864561
4.31171008792
4.30561552172
4.30542899707
4.30872034366
4.3147474596
4.3229913391
4.33314933464
4.34535666049
4.35943435053
4.37529688936
4.39299176532
4.41234023935
4.43314752549
4.45531796322
4.47874276106
4.50381545876
4.53113795616
4.56201526845
4.59808511771
4.64140423745
4.69398017157
4.75781213706
4.83464448522
4.9259211577
5.03214637704
5.15155373183
5.27784727946
5.39746049653
5.4872841964
5.51435795599
5.43914143183
5.22308317225
4.83954804525
4.28504206193
3.58629867092
2.79927992618
1.99871678507
1.26083683778
0.645192374279
0.182344250689
-0.128388143645
-0.311424330366
-0.40213902674
-0.434696392684
-0.434694825854
-0.417448160504
-0.390119679958
-0.355342596421
-0.314358712195
-0.267083256736
-0.207722044447
-0.127059024545
-0.0457258640189
2.29890064903
19.7079957461
1.7546875553
9.26854792852
3.82722520783
6.00199016778
4.72713261945
5.23055746048
5.01254767836
5.0897201055
5.03276708907
5.0021187001
4.94278584991
4.87917784185
4.80906180542
4.73853424105
4.67021119546
4.60666007637
4.54936744924
4.49880053
4.45496083112
4.41776620944
4.3867154253
4.36121100846
4.34052537034
4.32431129742
4.31258359774
4.30474715036
4.30146725079
4.30427819606
4.3111055015
4.32115297696
4.3339575134
4.34928055089
4.36724442723
4.38751647336
4.41003257736
4.4347351361
4.46139433263
4.48980421996
4.51988528851
4.5516659047
4.5857086709
4.62289174107
4.66477056662
4.71318657531
4.77024371571
4.8378663218
4.91774349714
5.01100264339
5.11786370276
5.23660615166
5.36182519925
5.48202931492
5.57734193496
5.61857406897
5.56920824935
5.39137518132
5.05543615912
4.55086868455
3.89453311814
3.13227818781
2.3317653315
1.5677957074
0.904884112015
0.383307226652
0.0135144934985
-0.21995402987
-0.347929711952
-0.404610202702
-0.418669315993
-0.409474019996
-0.387600330325
-0.357508536632
-0.320628997354
-0.277737475244
-0.228573878033
-0.167268991549
-0.0842708192896
-0.000180806437049
2.37779414099
19.5867148946
2.02216733263
9.1680432391
3.95260385603
5.98878481402
4.78452279465
5.25454621961
5.04883264272
5.11879181547
5.06083704739
5.02637103981
4.96349564686
4.89594305943
4.82184523085
4.74740234384
4.67535142459
4.60834519132
4.54787426679
4.49448436351
4.44820262196
4.4090407903
4.37642593828
4.34977129101
4.32862279839
4.3126123596
4.30155289285
4.29540961565
4.29520654008
4.30078558697
4.31127074159
4.32554577265
4.34319842997
4.36393197225
4.38771824594
4.41421934717
4.44338547312
4.4750446813
4.50896085611
4.54494279171
4.58297865201
4.62328382903
4.66663166721
4.71418433696
4.76770522284
4.82914285661
4.90050447612
4.9834044991
5.07888318096
5.18693079143
5.3058264602
5.43077469913
5.55195933489
5.65236853495
5.70645215673
5.68102572381
5.53967981134
5.25089271419
4.79823514519
4.18936171152
3.45983962762
2.66908291058
1.8885357518
1.1855665644
0.608648227399
0.178981098476
-0.109063661575
-0.280091762765
-0.366566515122
-0.399012887165
-0.400390405128
-0.38490841918
-0.359690581777
-0.327388145734
-0.288687596964
-0.244068917379
-0.192886575388
-0.128463374932
-0.0403016676843
0.0499055615267
2.4275106422
19.5056363805
2.23874577732
9.04502689014
4.08226662368
5.95488616024
4.83656834973
5.26264780261
5.07472659949
5.13484182558
5.07755770621
5.03921780096
4.97363303219
4.90270585232
4.82533822061
4.74764003326
4.67250296979
4.60261867789
4.53949409027
4.48382361419
4.43570090671
4.39500693628
4.36122994694
4.33392064618
4.31274193619
4.29746014537
4.28774574465
4.2839458132
4.28687369978
4.29551600578
4.30958268169
4.3280033205
4.35046013542
4.37656907362
4.40614300545
4.43885670042
4.47461845761
4.51317342877
4.55430497324
4.59787289056
4.64398881379
4.69309132567
4.74618465194
4.80468379504
4.87047445163
4.94546503993
5.03135325613
5.12913123268
5.23875478934
5.35849262803
5.48399397107
5.60673186005
5.71212408683
5.77798530721
5.77458069033
5.66760683617
5.42474140034
5.02487995448
4.46739157366
3.77771684491
3.00617062696
2.2190851789
1.48454388437
0.857407694811
0.368806550596
0.0233562135641
-0.195921947945
-0.318003362867
-0.373824928544
-0.389192147721
-0.381872121933
-0.36206229527
-0.334447791092
-0.300446492427
-0.260266617717
-0.21431363808
-0.161446673555
-0.0928796474038
0.00454547446277
0.106371660724
2.47473993452
19.4122363173
2.42433842788
8.91980838491
4.19562984454
5.91022869319
4.87774083572
5.25785364253
5.08901858173
5.13856028757
5.08276989819
5.04082650101
4.97324352901
4.8995726741
4.81964813577
4.73937576194
4.66180478158
4.58964893915
4.52447724742
4.46706754333
4.41762346715
4.37590008283
4.34147590612
4.31399597398
4.29321384422
4.27892214072
4.27095753556
4.26979977044
4.27594455318
4.28786964028
4.3054935753
4.32810044386
4.3553095109
4.38670319038
4.42199360866
4.46085649071
4.50312598729
4.54851224005
4.59684294014
4.64807168925
4.70247949462
4.76074334311
4.82408576919
4.89409930391
4.97265778932
5.061423987
5.16150326314
5.27288295444
5.39395343145
5.52070302496
5.64560921605
5.75606942034
5.83288527401
5.84971426875
5.77481875849
5.57606408944
5.22893580613
4.72563038848
4.08192813722
3.33852958741
2.55515911246
1.79852725253
1.1278893146
0.583085105999
0.178930149407
-0.0928832523527
-0.256204732603
-0.340812873176
-0.374341108868
-0.377762397077
-0.364485075786
-0.341729764499
-0.312520292921
-0.277389949785
-0.236140915886
-0.189429248026
-0.136078827658
-0.0634523896638
0.0488925639129
0.172322117666
2.52482721407
19.2897200078
2.59629727296
8.78690855385
4.29330408942
5.85692929001
4.90557504147
5.24201089782
5.09084818828
5.13059087547
5.0763898888
5.03144808506
4.96245718793
4.88674822435
4.80498793185
4.72286065043
4.64354177139
4.5697580189
4.50313687174
4.44452654735
4.39417289906
4.35187762421
4.31727855885
4.29007942817
4.27006899771
4.25709895365
4.25117103642
4.2527766734
4.2619703872
4.27726937608
4.29857179379
4.32541900791
4.35734230515
4.39393483468
4.43484790215
4.47975476804
4.5284281049
4.58059191577
4.63614598795
4.69517812863
4.75816430759
4.82600729666
4.90009557369
4.98207676262
5.07362662714
5.17589967615
5.28907159596
5.41171343684
5.54019472406
5.66778273769
5.78347784931
5.87063361176
5.90609605796
5.86095863606
5.70410460055
5.40884624904
4.96144621855
4.36876688304
3.66172612839
2.89224575212
2.12371789628
1.4176950259
0.8211830535
0.358702522204
0.0312593668558
-0.178444721461
-0.297415933955
-0.353873394808
-0.37139442773
-0.366529995123
-0.349217076235
-0.324560405049
-0.294547663548
-0.259094798076
-0.217463598533
-0.170802260689
-0.119578699783
-0.0465705261979
0.0866562498113
0.252070601441
2.57747470049
19.1355180677
2.76003342699
8.64483945047
4.37616135322
5.79574418833
4.91959142139
5.21573756613
5.08030524189
5.111379425
5.05874311911
5.01147592882
4.94163137817
4.86457759426
4.7816699248
4.69837591628
4.61796441834
4.54316953039
4.47567213367
4.41637677346
4.36558861062
4.32317573914
4.2888501206
4.2623506443
4.24346650844
4.23209615062
4.22840128755
4.23279410142
4.24484621166
4.26356869437
4.28865062911
4.31970545476
4.35627033427
4.39794884392
4.44436204335
4.49518465647
4.55016339727
4.60907820101
4.67192904479
4.73896588355
4.81085896279
4.88869124889
4.97392114859
5.06808140996
5.17241475095
5.28726171146
5.41151102269
5.5419335472
5.67252177179
5.79356704542
5.89056865499
5.9432476562
5.92561092927
5.80820049202
5.56329402564
5.17252398958
4.63480250965
3.97143404443
3.22567909668
2.45587505304
1.72376365798
1.0817190642
0.563060327364
0.178319856808
-0.0821126191489
-0.240917019189
-0.325487959467
-0.361133913279
-0.367300018758
-0.356762657846
-0.33679332189
-0.31104232866
-0.280980565724
-0.246257283977
-0.205331346033
-0.159316155343
-0.112956914953
-0.0492380178846
0.10344274324
0.348241486999
2.63188248356
18.9503095461
2.91657316348
8.4936657832
4.44504753709
5.72679756636
4.92025107322
5.17921202867
5.0577961657
5.0812556236
5.03022523247
4.98129160935
4.91115239103
4.83343439433
4.75005429849
4.66626557071
4.58540061171
4.51019304057
4.44237008647
4.38288977023
4.33211864401
4.29001249726
4.25636118623
4.23093467619
4.21350789259
4.20400149769
4.2026894906
4.20990713115
4.22480809528
4.24687411809
4.27564857985
4.31080233388
4.35188280643
4.39849908466
4.450267596
4.50687476218
4.56808168109
4.63375627509
4.70402104953
4.77929539377
4.86041313653
4.94855566899
5.04511135332
5.15128567064
5.26761711845
5.3933122819
5.52564219292
5.6592809209
5.78564040143
5.89199800737
5.96060612005
5.96830642682
5.88774317784
5.69115024969
5.35682785683
4.87687817122
4.26347056463
3.55070019805
2.79038126541
2.04240831778
1.36255507447
0.791665082996
0.349578185543
0.0351609006646
-0.168538578415
-0.286614326303
-0.344994196217
-0.365481722632
-0.36370633827
-0.34937701388
-0.32777475927
-0.301559124219
-0.272078295243
-0.239292295534
-0.201030026056
-0.156829015314
-0.116695270571
-0.0788926421028
0.0599152500788
0.421271188813
2.68763154528
18.734750573
3.06617631178
8.33385692809
4.50052461875
5.65030039606
4.9080756275
5.13268256152
5.02376930598
5.04059605826
4.99126897573
4.94131281585
4.87143769073
4.79371934848
4.71052333621
4.62689048922
4.54618977713
4.47114656024
4.40352811859
4.34434426851
4.29402621986
4.25261384855
4.21997664465
4.19592741712
4.1802485845
4.17287541102
4.17411601306
4.18416922922
4.20184611898
4.22710982433
4.25944947607
4.29856166578
4.34400181145
4.39539323708
4.45236771897
4.51464151164
4.58202677962
4.65450091689
4.73231855519
4.81605003917
4.90663010214
5.00522006426
5.11295932324
5.23048293055
5.35734164281
5.49131203285
5.62779317539
5.7591973181
5.87432785379
5.95761664421
5.98856724634
5.94217519085
5.79144582645
5.51257771724
5.09211115753
4.53383123156
3.86251731992
3.12230647296
2.36935833586
1.6607908763
1.04339184166
0.545666998331
0.175361161755
-0.0775754692131
-0.234479689856
-0.32063772288
-0.359423745953
-0.369051879831
-0.361836514396
-0.345080246908
-0.322609971481
-0.296377079691
-0.26776074575
-0.237619631519
-0.204357107897
-0.164832461666
-0.128159914388
-0.118781164809
-0.0679495981849
0.290940113436
2.74447816916
18.4893405101
3.2089012503
8.1658619087
4.54309874699
5.56647925588
4.88361575094
5.07644413928
4.97869370013
4.98980015444
4.94232051785
4.89197055899
4.82291736324
4.74584775652
4.66347663397
4.58063196598
4.50069446511
4.42637308259
4.35946914349
4.30104274907
4.25158809209
4.21121886575
4.17986675729
4.15738335393
4.1435881371
4.13847146035
4.14236415843
4.15528446762
4.17579934523
4.2040971166
4.23990674676
4.28283127768
4.33247858397
4.38848697854
4.45052847355
4.51837121186
4.59190760959
4.67123382545
4.75672778064
4.84906434111
4.94918465214
5.05807860508
5.17642909726
5.30404672209
5.43922977628
5.5780948116
5.71402988188
5.83717135931
5.93384745079
5.98598235536
5.97102447567
5.86337224101
5.63824185635
5.27790262207
4.77872758193
4.15637018306
3.44647959178
2.69981183247
1.97277286473
1.31627994821
0.766470371492
0.339954788248
0.03446457965
-0.166219714576
-0.285391466799
-0.347018316943
-0.371416963116
-0.373433328234
-0.362611768506
-0.344403817978
-0.321577737319
-0.29551082485
-0.267454489762
-0.239216021347
-0.211389745613
-0.179847477231
-0.141151660072
-0.120161119389
-0.206445914316
-0.525881570409
2.80227317336
18.2144154412
3.34473978652
7.99013520147
4.57319442793
5.47560914047
4.8474029469
5.01083627476
4.9230486095
4.92929207726
4.88384052449
4.83371139417
4.76603400834
4.69024636745
4.60932377932
4.52788003684
4.44928454195
4.37622144907
4.31051977144
4.25328899828
4.20508672413
4.16609224945
4.13628238846
4.11553387058
4.10371347059
4.10088676458
4.1073521889
4.12283345901
4.14628029616
4.17770769104
4.21689702071
4.26350792114
4.31721108695
4.3776851841
4.44466593753
4.51799437007
4.59766035559
4.68387282532
4.77710201169
4.87805317122
4.98755109299
5.10623819306
5.23412143829
5.36994723436
5.51055072065
5.65025903844
5.78044484676
5.88909205674
5.96030804922
5.97396826206
5.90631466609
5.73255189185
5.43195893516
4.99463214376
4.4275998309
3.75757043364
3.02850300411
2.29411909729
1.60749686481
1.01102439848
0.529745062042
0.1696982863
-0.0790366317786
-0.236387118455
-0.325771082926
-0.368929804651
-0.38302370793
-0.379903816401
-0.366847439643
-0.347866990085
-0.324894424425
-0.298682674693
-0.269890356469
-0.240438572839
-0.212821607239
-0.183425910996
-0.135312756349
-0.0672584796068
-0.110447382645
-0.538029912617
2.86088476209
17.9101973194
3.47359602203
7.80713831161
4.59118540728
5.37798585355
4.79996143063
4.93621954028
4.85732064723
4.85950943499
4.81629823883
4.76699052017
4.701237392
4.62734854671
4.54848045439
4.46903025771
4.39233461374
4.32104378847
4.25700692028
4.20138047669
4.15478641524
4.11746655435
4.08943348184
4.07058149425
4.06083199192
4.06033728058
4.06934390404
4.08726988883
4.11353094914
4.14795923062
4.1903926535
4.24054115869
4.29813878414
4.36292768444
4.4347230717
4.51345255973
4.59920510036
4.69227871176
4.79318180106
4.90255147299
5.02095184949
5.14849046601
5.28428755893
5.42582873608
5.56835993299
5.70441096411
5.823460824
5.91156198875
5.95092250681
5.91991232867
5.79454479863
5.55232955324
5.1783325237
4.67172670681
4.05018289073
3.34978821948
2.61976827699
1.91332662349
1.27743732769
0.744736426153
0.329706255116
0.029651765761
-0.170674870851
-0.292882394018
-0.359247439689
-0.388842041708
-0.39582097321
-0.389455762695
-0.375168736357
-0.355806246331
-0.332551124149
-0.305372255861
-0.273852758015
-0.239329567499
-0.205761474936
-0.170979611971
-0.107987541349
0.0135587773159
0.0660014484322
-0.318590831314
2.92019356285
17.5767978375
3.59528260129
7.61734918663
4.59740008887
5.27392290019
4.74180556486
4.8529691324
4.78199895764
4.78089920836
4.74016812929
4.69226878672
4.62898120729
4.55759060307
4.48136393542
4.40447850187
4.33021825082
4.26119013094
4.19925441363
4.14560998939
4.10094343784
4.06556129334
4.03951318494
4.02271002271
4.01512539298
4.01699497118
4.02850270081
4.04877315609
4.07764506975
4.11489061689
4.16038993184
4.21389909978
4.27521846255
4.34416518006
4.42064086597
4.50466210914
4.59640206252
4.6962060548
4.80454563745
4.92187262135
5.0483353259
5.18332387057
5.32489313395
5.46914052383
5.60970310942
5.73742537973
5.84010665809
5.90212870362
5.90414381536
5.82362981874
5.63746771529
5.32699859565
4.88453797383
4.31895996557
3.65775039133
2.944054854
2.22918651177
1.56283250536
0.984008173516
0.515360020317
0.162025021344
-0.0853940456441
-0.245394323317
-0.339722808301
-0.388736341792
-0.408730126717
-0.411148036373
-0.403094228564
-0.388478824158
-0.369212931959
-0.345888276272
-0.317722299796
-0.283047886785
-0.242741383603
-0.203700324809
-0.167437750673
-0.0983865142217
0.0576028759255
0.172779756223
-0.169292748687
2.98006820983
17.2142344568
3.70950392207
7.42125950266
4.59213204713
5.16374312432
4.67344294424
4.76146841405
4.69757231843
4.69391291392
4.65592624577
4.61000891923
4.54971972467
4.48140846776
4.40838994833
4.33461779936
4.26330501095
4.19700572882
4.13758127439
4.08626448949
4.04380177656
4.01056653076
3.98665757033
3.97201714114
3.96666805744
3.97090115915
3.98481938201
4.00732514197
4.03860926188
4.07849529732
4.12686906083
4.18355022801
4.24840708237
4.32133802233
4.40233019025
4.49147934581
4.58901239652
4.69526388478
4.81057716357
4.93509181264
5.06838721051
5.2089771597
5.35372646113
5.49730693771
5.63183871868
5.74668930899
5.82822893937
5.8594123634
5.81967974988
5.68631424585
5.4382693832
5.06218650694
4.55870037141
3.94632095868
3.2608106334
2.54967753889
1.86332447183
1.24561336164
0.726662778629
0.31967517815
0.0220526477878
-0.180319865313
-0.307471290727
-0.380206941512
-0.41657014557
-0.430193830832
-0.430174250975
-0.421835353755
-0.407862352669
-0.389451947118
-0.366907937056
-0.339012616877
-0.302655992451
-0.257796934439
-0.216234568972
-0.18830843627
-0.129082636572
0.0498023858215
0.222518829143
-0.0413925214132
3.04035509199
16.8224355097
3.81584403008
7.2193698079
4.57564807502
5.04777519355
4.59537682745
4.66210667133
4.6045275726
4.59900405847
4.56404779119
4.52067303954
4.46390522373
4.39923510012
4.32996984784
4.25983542714
4.1919573449
4.12882858353
4.0723023024
4.02363527465
3.98362223898
3.95269593127
3.93101185452
3.91856938878
3.91545722213
3.92198736298
3.93812334544
3.96283338424
3.99639099863
4.03875138341
4.08980673928
4.149460148
4.21764889653
4.29435566457
4.37964475142
4.47366979041
4.57666750807
4.68889054109
4.81045347229
4.9410571343
5.07957573888
5.22352900467
5.36853950212
5.5079154695
5.63245168484
5.73029716113
5.7866169974
5.78312511593
5.69840668794
5.51036286209
5.20130841765
4.76448791786
4.20941810704
3.5634912297
2.86866912899
2.17403342628
1.52650951602
0.962607281609
0.50342203087
0.153805309674
-0.0948209478979
-0.259516243871
-0.360524442358
-0.417035092799
-0.44467592902
-0.45468008985
-0.454208865068
-0.44721213945
-0.435468453944
-0.419750442686
-0.40061603569
-0.37729951092
-0.345426099172
-0.30236980724
-0.265672536645
-0.266865863014
-0.263079642356
-0.095582819562
0.179208120289
0.0704544861896
3.10086862526
16.4012632619
3.91375185257
7.01218341594
4.54819595534
4.92635050122
4.50810958607
4.55527812549
4.50334943861
4.49662657479
4.46500570505
4.42472089774
4.37198630599
4.31149866414
4.24650885863
4.18051091484
4.1165279581
4.05698451478
4.00371898192
3.95800475433
3.92067379301
3.89220586452
3.8728113405
3.86256525315
3.86164123535
3.87034437119
3.88844269025
3.91528666012
3.95101830509
3.99566651088
4.04919356921
4.1115869526
4.18285972678
4.26307429057
4.35235593114
4.45088390408
4.55884995694
4.67634594348
4.80315609661
4.93842831917
5.08022631289
5.22501479168
5.36720533772
5.49890150968
5.60983206795
5.68717622849
5.71503278767
5.67399644856
5.54221392474
5.29916430004
4.93183943695
4.44110047167
3.84532467964
3.17941612719
2.48914027573
1.82252984519
1.2210622567
0.713140062427
0.311354174544
0.0136128294713
-0.192936543345
-0.326828886725
-0.407597088008
-0.452479246069
-0.474804413629
-0.48377874585
-0.485103374575
-0.481848329679
-0.475345380481
-0.466395867358
-0.456638537586
-0.447539602557
-0.435125793039
-0.411734659241
-0.394801289341
-0.445560754164
-0.552125541119
-0.45077143898
0.0442056827687
0.35626558373
3.16136441447
15.9505218705
4.0025270125
6.80019764998
4.51001358038
4.79980288116
4.41214767636
4.44138357568
4.39452191301
4.38723495308
4.35927035757
4.32260921642
4.27440696614
4.21862157329
4.15840508764
4.09701545998
4.03735956815
3.98178661931
3.93211541811
3.88963238862
3.8551995386
3.82933318489
3.81229383528
3.80424264294
3.80545578315
3.81622735824
3.83612961467
3.86489313857
3.9025740863
3.94927018932
4.00500867666
4.06985693205
4.14390231451
4.22727363802
4.32013260851
4.42264251369
4.53488884749
4.65672248602
4.78750450951
4.92573923401
5.06861832843
5.21155759019
5.34787541045
5.46870867318
5.56299991608
5.61713106809
5.61415265337
5.53362940182
5.35381375076
5.05687849458
4.63574101329
4.09948004288
3.47470490255
2.80198095377
2.12839910865
1.49869798275
0.947606531726
0.495348185562
0.146978604208
-0.105018483614
-0.276249251691
-0.385598943071
-0.451324389189
-0.488664214039
-0.508965061379
-0.51993303551
-0.526475237689
-0.531602760365
-0.537176907037
-0.545078233166
-0.55932078459
-0.585854702874
-0.623278214314
-0.652741570389
-0.666371935545
-0.731642321498
-0.91667691533
-0.956727318615
-0.298828280126
0.71170098721
3.2215397812
15.4699925151
4.08130779896
6.58389523849
4.46133815967
4.6684701693
4.30800765518
4.32083381057
4.27853120367
4.27128571176
4.24731054948
4.21479200818
4.17160668053
4.12102023021
4.06604928306
4.00971185837
3.95478572118
3.90353719601
3.85776100461
3.81875609752
3.78741392653
3.76428298231
3.74966753741
3.74381177128
3.74709386491
3.75980302704
3.78132726828
3.81174586946
3.85110319984
3.89955309759
3.95718541723
4.02413962102
4.10056691495
4.18664202761
4.28253138943
4.38833539117
4.5039709587
4.62897442095
4.762208868
4.90147847615
5.04309391347
5.18150033381
5.3091197661
5.41640895173
5.49176423509
5.52080835476
5.48543909988
5.36431991071
5.13654815728
4.78822860168
4.31925837115
3.74702465007
3.10517652774
2.43779381003
1.79095704399
1.20438294478
0.705413110556
0.306562405449
0.00657739284319
-0.206016403024
-0.348327432138
-0.43882154924
-0.494250952446
-0.528085098776
-0.55024470072
-0.567715580097
-0.585579789817
-0.607941472663
-0.638324988703
-0.680063970789
-0.738008087933
-0.818529701434
-0.915307982127
-0.980060722029
-0.938705038222
-0.830052226466
-0.895254114246
-1.14489117394
-0.732418774023
1.03606829867
3.28098696074
14.9594467434
4.1490580712
6.36373281514
4.40241759371
4.53269920309
4.19622471778
4.19405586412
4.15587060139
4.14924061984
4.12959568409
4.10172201371
4.06402121702
4.01910551187
3.96982496601
3.91895485983
3.86913208359
3.82253123548
3.78091570209
3.74559511932
3.71749365204
3.69719772331
3.68505744727
3.68138975542
3.68665491049
3.70112415722
3.72406561341
3.7558497117
3.79658400245
3.84644879474
3.90560117066
3.97423984435
4.05256534788
4.14077311219
4.23899909047
4.34723326906
4.46516712501
4.59196287469
4.72593749644
4.86417983906
5.00216841415
5.13352593127
5.25003773672
5.34177150862
5.39671360816
5.39959249471
5.33096874984
5.16886995815
4.89421440796
4.49831335323
3.98876413938
3.39079429126
2.74344405752
2.09207195479
1.47973873101
0.9399942884
0.492738843341
0.14362679436
-0.113595805873
-0.293067644265
-0.412466902528
-0.489424283048
-0.539282998416
-0.574254007188
-0.603634917333
-0.634652123212
-0.673495662492
-0.72591789098
-0.796510927711
-0.886760812079
-0.994420046524
-1.11401701961
-1.22344107849
-1.24386038308
-1.04679113732
-0.669568376837
-0.572729321061
-1.08925297738
-1.24837879826
1.42281332221
3.33920349863
14.4186999818
4.20456197311
6.14013050126
4.33352260003
4.39285374297
4.07736320426
4.06150162896
4.02704734206
4.02157149031
4.00659938385
3.98385315389
3.95208444363
3.9132838029
3.87010887212
3.82509094704
3.78071676817
3.7390602735
3.7018433476
3.67037861221
3.64562074592
3.62819995273
3.61852456908
3.61698582668
3.62409523165
3.64007162244
3.66427767135
3.69716212953
3.7389502304
3.78984811521
3.85008333432
3.91990059132
3.9995335029
4.08917154432
4.18888540366
4.29851179558
4.41747105158
4.54451279738
4.67739256179
4.81251475909
4.94463205198
5.06675524789
5.17032940654
5.24527612942
5.27914321133
5.25545162991
5.1532452855
4.95042043639
4.63092015191
4.19243902541
3.6505374746
3.03727197154
2.3951288391
1.76862147031
1.19623492579
0.704782522303
0.307133108555
0.00313834449055
-0.217207289316
-0.36966602242
-0.471892442234
-0.540607205045
-0.590135405528
-0.632160419505
-0.676238672546
-0.730566856078
-0.802519867063
-0.898213513677
-1.01986453499
-1.16093987964
-1.304004386
-1.42721641394
-1.50507481956
-1.46988871666
-1.189850436
-0.687235735812
-0.508677946483
-1.1964709103
-2.00382262037
1.84093923981
3.39552459265
13.8476372968
4.24641749616
5.91345874008
4.25496096013
4.24932669902
3.95203064308
3.9236599493
3.89259191964
3.8887669572
3.87880437147
3.86164412685
3.83623088295
3.80395886155
3.76727174475
3.72845750387
3.68984660415
3.65340564452
3.62080512843
3.59335074948
3.57202071888
3.55748902439
3.55023114512
3.5507194239
3.55949095395
3.57667384421
3.60194040696
3.63565850873
3.67812812578
3.72961832525
3.79041736771
3.86080761752
3.94103736828
4.03126477449
4.13146423049
4.24128518154
4.35984781334
4.48547676486
4.61538782415
4.74537824127
4.8696347085
4.98081509239
5.07032397899
5.12807226068
5.14093019948
5.09075677449
4.95502428599
4.7123195401
4.35096821371
3.87596594154
3.31056217185
2.69217249079
2.06467510268
1.4698966937
0.940703806272
0.497113108286
0.14569131489
-0.11839602978
-0.307822986917
-0.439231424645
-0.529993113321
-0.596146595927
-0.651610532553
-0.708338476694
-0.77681707693
-0.866295935846
-0.984275379434
-1.13472441602
-1.31413332038
-1.50594575002
-1.68074756346
-1.8132970605
-1.89828024435
-1.89981472794
-1.66847473432
-1.13937167473
-0.82746618002
-1.53245039808
-3.05564829165
2.28029524628
3.44914448718
13.2462924838
4.27304354213
5.68402667411
4.16709222514
4.10255607224
3.82089501491
3.781071985
3.7530701043
3.75134115079
3.74670889927
3.73556296886
3.71689923293
3.69153452055
3.66168064262
3.62938419093
3.59681627345
3.56583196942
3.53804201293
3.51473493489
3.49690489008
3.48526924664
3.48037626197
3.48277878159
3.49302919717
3.51116939177
3.537164283
3.571331489
3.61403431621
3.66559200708
3.72634105494
3.7965894333
3.87658126201
3.96642118782
4.06596298999
4.17464811144
4.29128839561
4.41380110782
4.53892184121
4.66196191896
4.77674721351
4.87587257587
4.95096431571
4.99189063579
4.98437415451
4.90809960228
4.73917112284
4.45803190567
4.05876312573
3.55416285036
2.97434696679
2.36030353581
1.75532851917
1.19712108997
0.712396143612
0.314716112957
0.00524866721643
-0.224475009362
-0.388947727171
-0.505256665907
-0.590539585233
-0.660633128467
-0.72980313392
-0.811033441881
-0.916150551412
-1.05517343136
-1.23468819345
-1.45539558707
-1.70865569635
-1.97258605996
-2.21467592698
-2.41150900509
-2.56206707589
-2.62091462762
-2.40558822818
-1.82180561566
-1.33646126246
-2.05453745259
-4.45125821873
2.6926495723
3.49902096244
12.6148881001
4.28268414284
5.45206766455
4.07034410695
3.95304651442
3.68470736944
3.63435146097
3.60909839182
3.60984483203
3.61083454858
3.60609261178
3.59453627726
3.576417785
3.55370159522
3.52819568231
3.50191101077
3.47658990559
3.45377737076
3.43473450572
3.42046033119
3.41170944431
3.40910285713
3.413276159
3.42479420366
3.4436256996
3.46996467619
3.50413289075
3.54654282077
3.5975560147
3.65754388332
3.72682619388
3.80562611775
3.89397786301
3.9916006466
4.09772385687
4.21086714162
4.32858920924
4.44724150485
4.56180856671
4.66599603019
4.75263499839
4.81375174377
4.83891745581
4.81202186479
4.71013083914
4.5085641964
4.19108362283
3.75872790858
3.23206650296
2.64677334394
2.04548341156
1.46917880985
0.950451091462
0.509782094944
0.154898647997
-0.117485796866
-0.318577312427
-0.464107343901
-0.571478616821
-0.657930579348
-0.739811925234
-0.832634777573
-0.951212653781
-1.10913993203
-1.31719898201
-1.58093909974
-1.89816223941
-2.25621857992
-2.6281346484
-2.97146923517
-3.23964276058
-3.39372693154
-3.37220575198
-3.06457406802
-2.46621717506
-1.91811129656
-2.68265576792
-6.15325615632
3.02686294411
3.54389984356
11.9539444258
4.27343593635
5.21773097157
3.9652314841
3.80139720589
3.54433042401
3.48421016771
3.46136347687
3.4648790417
3.47173573178
3.47373724989
3.46960135722
3.4590220068
3.44370241366
3.42521431474
3.40540864503
3.385915654
3.36821277692
3.35352810688
3.34285571798
3.33697460648
3.33656529528
3.34233449003
3.35486172051
3.37405245595
3.40030510942
3.43396749928
3.47548699278
3.52526072635
3.58368254047
3.65107185224
3.72761837477
3.81327704408
3.90763178175
4.00971557163
4.11779768928
4.22915783148
4.3398912244
4.44484525864
4.53786992271
4.61231758751
4.66065717184
4.67164515001
4.62649685597
4.49943758013
4.26604605246
3.91503036425
3.45522028371
2.91434683243
2.33197808772
1.7505152389
1.20725565405
0.729163443881
0.330763962613
0.0147141562898
-0.225846668644
-0.404178437531
-0.536954617149
-0.642061557626
-0.737461413347
-0.840979955336
-0.970450204386
-1.1433739287
-1.37546976137
-1.67797055261
-2.05413668936
-2.49569429518
-2.97863034112
-3.45629020526
-3.85335816661
-4.07833317501
-4.06902957313
-3.84020601972
-3.46074963173
-2.97650776399
-2.47340889965
-3.28774758283
-8.06457958377
3.23360373032
3.582201379
11.2643565095
4.2432883266
4.98108130901
3.85238133781
3.6483384796
3.40077544797
3.33149058122
3.31064666536
3.31711199623
3.33001080598
3.33902962927
3.34257094597
3.33976998789
3.33205539205
3.32076419791
3.30758626801
3.29403897993
3.28153015606
3.27125249404
3.26419132861
3.26114099671
3.26282168438
3.26998918472
3.28323018361
3.30242034267
3.3281049076
3.36070456728
3.40067245875
3.44843802219
3.50440468621
3.56888367413
3.64202537803
3.72370737413
3.81339347821
3.90995687792
4.01148401507
4.11508247659
4.21674505823
4.31139347003
4.39330049561
4.45658356915
4.49400737316
4.49271383071
4.43035144004
4.27846964088
4.01441529772
3.63343338665
3.15244176618
2.60518408883
2.03327670884
1.47721539876
0.969663813014
0.531850165748
0.172864316886
-0.10890884858
-0.323167068291
-0.484784993391
-0.611363947745
-0.721729976035
-0.835466723945
-0.973047283456
-1.15567554294
-1.4038962599
-1.7345574144
-2.15621758164
-2.66343957027
-3.23069029479
-3.80622202099
-4.30646736921
-4.61938698825
-4.6437657433
-4.38242987082
-4.00132360754
-3.6756953249
-3.37453809136
-2.96678445297
-3.7659488876
-10.0459247454
3.27257794414
3.61212566592
10.547600893
4.19022141883
4.74211658254
3.73256103943
3.49477454324
3.25524660846
3.17720566331
3.15785399832
3.16729956566
3.18631538882
3.20253926446
3.21394353426
3.2190962161
3.21913796485
3.21517199493
3.20872530935
3.20119914884
3.19392587366
3.18805627913
3.18456206536
3.18424925286
3.18786551069
3.19618507192
3.2097819236
3.22862421959
3.25326943785
3.28420919292
3.32191174947
3.36683361434
3.41938200504
3.47985751318
3.5483742464
3.62474709026
3.70835168118
3.79795899027
3.89156332588
3.98622965497
4.07802022808
4.16215699852
4.23361915539
4.28746231855
4.31635644382
4.30475966567
4.22595665511
4.0495175081
3.75644483009
3.34982810759
2.85433919894
2.30816548218
1.75313245478
1.22648893064
0.755743962655
0.356607923613
0.0333870007385
-0.219068600947
-0.412745840708
-0.563943490719
-0.691435218701
-0.815688969243
-0.958990749867
-1.14554806531
-1.40024853523
-1.7451713483
-2.19391415558
-2.74428572401
-3.37025208043
-4.01516947292
-4.59001288892
-4.98189216548
-5.0831720786
-4.85839236043
-4.43096491692
-4.05363108708
-3.85162553784
-3.71799670289
-3.40787652095
-4.07002120801
-11.9520637016
3.12475095115
3.63161957774
9.8059136423
4.11231639875
4.50078373399
3.60670013041
3.34182838939
3.1091931285
3.02258801895
3.00405397218
3.01631114783
3.04137869614
3.06488256126
3.08424549428
3.09744964062
3.10533224534
3.10876285698
3.10910369859
3.10763610736
3.10560952342
3.10412307455
3.10412542566
3.10642725363
3.11179433078
3.12099601584
3.13457379893
3.15265643329
3.17574960368
3.20438394185
3.23905353403
3.28023481977
3.32833956265
3.3836609731
3.44628996247
3.51600606462
3.59214508501
3.6734520774
3.75793929186
3.84277449101
3.92427211766
3.99818953727
4.0604957051
4.10725259192
4.1303529338
4.11028296981
4.01543890316
3.81473573474
3.49490812347
3.0676763633
2.56450401729
2.02621115237
1.49317132723
0.99844323548
0.564245611713
0.201214622753
-0.0904455810679
-0.318804248623
-0.497793425959
-0.645166467283
-0.781310234575
-0.929170454851
-1.11474525413
-1.36638182505
-1.71113801186
-2.16792745464
-2.73872698739
-3.39954164721
-4.09332048179
-4.7290053851
-5.19330881536
-5.38121302413
-5.24619314366
-4.85799510828
-4.41529013553
-4.1273171897
-4.02816331878
-4.03294119549
-3.83481277823
-4.212347259
-13.6544414638
2.79564991909
3.63845833245
9.04247029737
4.00785505114
4.25698050022
3.47589796578
3.19088526852
2.96436998144
2.86915139769
2.85052658186
2.8651635587
2.89602491038
2.92673564311
2.95403893954
2.97529836195
2.99102750858
3.00186010721
3.00899068144
3.01357609139
3.01677499787
3.01962484848
3.02304023873
3.0278240842
3.0347425481
3.04454236007
3.05773477069
3.07457274945
3.09553303194
3.12116830876
3.15198891156
3.18848640353
3.23108001097
3.28006556806
3.33553332334
3.39726709572
3.46462566981
3.53642010437
3.61080452333
3.68520398419
3.75637206469
3.82084501515
3.8758626537
3.9184180754
3.93861460116
3.91154886246
3.80066741128
3.57619804064
3.23259542581
2.79029887302
2.286078938
1.76153591546
1.25424057447
0.792528370697
0.393501725709
0.063289706306
-0.201370175706
-0.411003026803
-0.581326617389
-0.731738387546
-0.884765823787
-1.06661243193
-1.30753870531
-1.63901256271
-2.08606406557
-2.65656536766
-3.33094374083
-4.05542735763
-4.74192288361
-5.27921945763
-5.56098187889
-5.53058280264
-5.22806980399
-4.80260303482
-4.44282884272
-4.24557426694
-4.20706556141
-4.31959976289
-4.27798273552
-4.24973047977
-15.0611453114
2.31214474254
3.62968632686
8.26122162845
3.8753385615
4.01055812212
3.34143687187
3.04364499911
2.82291595183
2.71877403085
2.69883107653
2.71506828963
2.75120226313
2.78885147526
2.82393184365
2.85313617211
2.87662487364
2.89478940171
2.90865105935
2.91923549076
2.92760070797
2.93471084117
2.94143329357
2.94854643582
2.95679673371
2.96689121886
2.97931767569
2.99440743436
3.01262873068
3.03454202951
3.06066966703
3.09151659542
3.12751646164
3.16898448917
3.2160417723
3.26852669143
3.32589558984
3.38712829877
3.45065236502
3.51430629477
3.5754699107
3.6317147154
3.68183157789
3.72348269015
3.74361984488
3.71052679653
3.58328905566
3.33596597374
2.97230655505
2.52079347581
2.02168282759
1.51565144047
1.03650351357
0.607692877583
0.24159610693
-0.0595616340893
-0.301967515198
-0.49828772596
-0.666003173084
-0.826411486976
-1.00465060069
-1.230680151
-1.53870170342
-1.96028978206
-2.51159671363
-3.18038564246
-3.91870464931
-4.64403973539
-5.25047083628
-5.63207982538
-5.71961559774
-5.52218803868
-5.14825198647
-4.76819159165
-4.51041007094
-4.38027153811
-4.37470282106
-4.55895614322
-4.73810030311
-4.25480725358
-16.1274822794
1.71590078863
3.60117543313
7.46686581898
3.7136329181
3.76141757781
3.20484668799
2.90220489155
2.68746180516
2.57381353998
2.55089954067
2.56749633315
2.60802272137
2.65208274145
2.69459180647
2.73149163616
2.76254418967
2.78788461599
2.80835131431
2.82482890223
2.83826212142
2.84952731699
2.85942842351
2.86869965592
2.87804354983
2.888114945
2.89938532752
2.91222250172
2.92709204192
2.94455356953
2.96514016994
2.98937270578
3.01771108418
3.05051328066
3.08797020083
3.13003334785
3.17633869024
3.22614283281
3.27827846858
3.33114848809
3.3829445561
3.43255447034
3.48060543452
3.52493462081
3.54762695253
3.5088739681
3.36480185031
3.09615014966
2.71681430725
2.26194844927
1.77336388346
1.28940772726
0.839561652997
0.442543272962
0.106517514788
-0.169620311105
-0.394550414786
-0.582885603157
-0.753915581987
-0.931053943447
-1.14231621442
-1.42144319576
-1.80508822163
-2.31980587392
-2.96457678425
-3.700160379
-4.45074791808
-5.11657204629
-5.5947477606
-5.80758691737
-5.73601938869
-5.44470074391
-5.071774708
-4.76399900232
-4.58865086635
-4.50861359011
-4.52171938195
-4.73293549469
-5.18892030429
-4.29155601319
-16.8510243894
1.0530978701
3.54848195029
6.66581976649
3.52248726922
3.50972605419
3.06805618606
2.76919932136
2.56127165164
2.43725046308
2.40915486948
2.42426247198
2.46781501472
2.51741346991
2.56676564887
2.61094198203
2.64923521363
2.68149786206
2.70836909363
2.73057834587
2.74894104548
2.76422822906
2.77716075582
2.78840558992
2.79859881741
2.80832614572
2.81805030956
2.82813854383
2.83905406652
2.85134935894
2.86556886959
2.8822555976
2.90191219824
2.92496798005
2.95172811273
2.98232037423
3.01664505975
3.0543420375
3.09477305599
3.13704408588
3.18034506482
3.22520662948
3.27439239745
3.32514498359
3.35262441855
3.30796053913
3.14665191986
2.85894670194
2.46880082467
2.01616423078
1.54258688433
1.08306953095
0.662592094738
0.295497159672
-0.0137049855655
-0.268942106254
-0.481058480758
-0.666494061267
-0.846386612112
-1.04634286165
-1.29721452057
-1.6359806465
-2.09899801585
-2.70100594895
-3.41619479072
-4.17687757952
-4.88858980825
-5.45215160309
-5.78651015509
-5.85250319763
-5.67560009348
-5.35257095428
-5.02000127858
-4.78597904647
-4.6722252718
-4.63279155833
-4.65820940575
-4.84261318492
-5.5909412083
-4.39924777731
-17.2589838141
0.366485821546
3.47137236951
5.86908230787
3.30361240572
3.25620475189
2.93358198065
2.64793880695
2.44834843811
2.31281503489
2.27663814756
2.28763070873
2.33219827493
2.38600565336
2.44130959194
2.49213493665
2.5371956513
2.57601574271
2.60900887113
2.63672907175
2.65984172822
2.67899114312
2.69479244995
2.70782089723
2.7186198174
2.72769343139
2.73549683207
2.74236376763
2.74875351185
2.75520748823
2.76228381335
2.77055716096
2.78059270926
2.79292313088
2.80801459487
2.82623480407
2.84783013684
2.8729218211
2.90150803872
2.93351679593
2.96932760923
3.01151900128
3.0653270691
3.1263133223
3.16031887484
3.10893478726
2.93033609289
2.62663762805
2.23077789078
1.78539578796
1.33025749225
0.896419268152
0.504489179073
0.164920951264
-0.120889314224
-0.359267003337
-0.562969373849
-0.750169107777
-0.943819605017
-1.17159169205
-1.46678390974
-1.86853044492
-2.40899970991
-3.0835613987
-3.83705729904
-4.57911993711
-5.2121819356
-5.65485200555
-5.85736230016
-5.81588129687
-5.58513514343
-5.2723126915
-4.99629741019
-4.82798703865
-4.75853631275
-4.75377921361
-4.79604628746
-4.90901570871
-5.90910245789
-4.58847151849
-17.3940899572
-0.308172320862
3.37569137446
5.09426859619
3.06246139524
3.00248177676
2.80437491195
2.54224138428
2.35334303629
2.20504262643
2.15714636809
2.16046024186
2.20319496323
2.25927395699
2.31923770301
2.37582373708
2.42700009689
2.47188551914
2.51062668861
2.54357376973
2.5712156259
2.59404349644
2.61253967895
2.62716004505
2.63833292045
2.64646413165
2.6520017209
2.65521723041
2.65656283493
2.65656639167
2.65580367328
2.65489266392
2.65448264103
2.65524227776
2.65784425506
2.66295572013
2.67124276532
2.68339114584
2.700116999
2.72225933639
2.7515889164
2.79326180944
2.85539958794
2.93043971342
2.97215183471
2.91281762792
2.7174863215
2.4015506071
2.00500238558
1.57112273756
1.13677786852
0.728874076526
0.363997132222
0.0492443882949
-0.216614850867
-0.441954134719
-0.64123880076
-0.834261012093
-1.04564237614
-1.30475810706
-1.64664764674
-2.11110580925
-2.72133299734
-3.44618796309
-4.20163675525
-4.88715310113
-5.41918629342
-5.74462711763
-5.843543739
-5.73642732071
-5.4917036078
-5.21221799041
-4.99333786144
-4.8774363142
-4.83877743266
-4.8620557203
-4.93390340864
-4.96131308823
-6.12580408397
-4.85032192105
-17.301147191
-0.939528854725
3.25708249986
4.3614919191
2.81043474256
2.75086654038
2.68238048709
2.45557141454
2.28124655523
2.1193120268
2.05542905079
2.04642761008
2.08340836805
2.13900402754
2.20179750426
2.26292041568
2.31934399576
2.36965520616
2.41366803311
2.4514886264
2.48339643678
2.50969893109
2.53071470805
2.54674917403
2.55808722426
2.56502447866
2.56799091924
2.56718513659
2.56304434731
2.5560812828
2.54689339584
2.53615442814
2.52461865883
2.51312110178
2.50258134393
2.49401724991
2.48857603592
2.48757137381
2.49248392452
2.50510724804
2.52881167743
2.57204998272
2.64640895092
2.73934678599
2.78935219301
2.72062655974
2.50992660611
2.18599365068
1.79341010885
1.37435790378
0.962132956602
0.579609814678
0.239828765583
-0.0529500308467
-0.302164323503
-0.517946271568
-0.71628029285
-0.9184162993
-1.15036671495
-1.44263964036
-1.83107621914
-2.35441028773
-3.02150854151
-3.76921351
-4.49118290238
-5.09349733681
-5.52006221169
-5.74712602511
-5.77550718948
-5.63787853374
-5.40521499986
-5.1678861504
-4.99867391331
-4.92363825433
-4.90775337235
-4.94845694583
-5.05574195054
-5.02095147214
-6.24269381985
-5.17354507296
-17.0231756749
-1.48878967783
3.07068069902
3.67665023387
2.5588296386
2.50129402627
2.56620581399
2.39018216044
2.23730235699
2.06201769267
1.97746799306
1.95032897903
1.97627393429
2.0275251323
2.09058004422
2.15457199184
2.21510639385
2.27003218043
2.31872468085
2.36098692362
2.39684627762
2.4263895328
2.44973637712
2.46700782561
2.47832288503
2.48386319024
2.48402263411
2.47891586965
2.46895437156
2.45463356941
2.4365766544
2.4155243004
2.39235388097
2.36809155604
2.34393555144
2.32129411799
2.3018427112
2.28756496082
2.28071007288
2.28400155969
2.30260766824
2.34925078386
2.43990680163
2.55472487732
2.61298896446
2.53348878738
2.30966572259
1.98215668289
1.59755886933
1.19567524432
0.805980842618
0.447667595305
0.130752028094
-0.142873332797
-0.378500102494
-0.58776954234
-0.787989517596
-1.0016452888
-1.25574498268
-1.58119747572
-2.01357641343
-2.58878722935
-3.29567934975
-4.03633479457
-4.69471003341
-5.20069116959
-5.53156845402
-5.68581667057
-5.67362082521
-5.53060054618
-5.32445549899
-5.13064839998
-5.00145883705
-4.95634612887
-4.95835553944
-5.00901421423
-5.14191697375
-5.09188099547
-6.27206168207
-5.5466842416
-16.6226063849
-1.89660198087
2.77172104861
2.98815685006
2.28847605088
2.24920252796
2.45322209549
2.34802837057
2.22732990991
2.04072334344
1.93068011185
1.87837619111
1.88636115408
1.92794071489
1.98767228781
2.05226457544
2.11543471025
2.17396396758
2.22661826834
2.27280996984
2.31226062054
2.34479637815
2.37030299576
2.3886816899
2.3998488875
2.40385363981
2.4010468671
2.39146077677
2.3754601151
2.35352638754
2.32630922907
2.29462501063
2.25948649186
2.22212708155
2.18404294747
2.14705832712
2.11341061171
2.08577802954
2.06713797145
2.06102222728
2.074533243
2.12595198394
2.23720142411
2.37827840492
2.44409412315
2.35279580533
2.118891153
1.79206006471
1.41864358274
1.03529985889
0.667778018038
0.332069081359
0.0356704075339
-0.221488549963
-0.446256457602
-0.651556733056
-0.855807147179
-1.08244923104
-1.35900885503
-1.71596978931
-2.18753226665
-2.80509639093
-3.53169338554
-4.2356426943
-4.80873103488
-5.21819471401
-5.47184798273
-5.57895501584
-5.54990063817
-5.41811921803
-5.24587492078
-5.09437962946
-4.99659993572
-4.9730079076
-4.98650319353
-5.04525933923
-5.184266342
-5.1595378958
-6.23928211291
-5.90561256235
-16.203065756
-2.11327447587
2.48968001382
2.15862411777
1.94691991549
1.99939893199
2.34760658492
2.3321054337
2.25732593668
2.06371816858
1.9237229884
1.83832449334
1.81968434125
1.84443311309
1.89587703443
1.95797152102
2.0218578316
2.08273967432
2.13849730908
2.1880154976
2.23063202434
2.26585628595
2.29329649385
2.31260572958
2.32349334207
2.32588221755
2.32005822809
2.3059494808
2.28385493099
2.25423404036
2.21775990099
2.17532660052
2.12808625398
2.07748289541
2.02531348911
1.97382788947
1.92585027701
1.88477282632
1.85422418454
1.83829754681
1.84603042718
1.90285000477
2.03922725928
2.21176981343
2.28366730522
2.18018826145
1.93979996517
1.61740549985
1.25744276349
0.893125257429
0.546820469264
0.231841853132
-0.0463803657962
-0.289541164806
-0.50579089807
-0.709120418689
-0.918823255831
-1.15898012157
-1.45711721495
-1.84244609166
-2.34669891832
-2.99526036627
-3.71956034366
-4.35980929467
-4.83601381564
-5.15914418609
-5.35719713559
-5.43905802637
-5.41103770632
-5.30156351265
-5.16363309397
-5.05223375454
-4.98355227389
-4.97806527655
-5.00377107627
-5.06158694855
-5.19147178989
-5.191651964
-6.18356416154
-6.1846262202
-15.708231734
-2.24146582883
2.17351552781
1.62607074363
1.60269011502
1.76731787865
2.25797123987
2.34511831778
2.33161410415
2.13848936258
1.9655113148
1.8391797144
1.78395610173
1.78269355402
1.8190792667
1.87440585658
1.93646448512
1.99813734577
2.05598025186
2.10814454257
2.15349468081
2.19117957568
2.22049272938
2.2407833171
2.25147052092
2.25227927764
2.24343845093
2.22482891682
2.19667661814
2.15940641036
2.11370331305
2.06053190255
2.00117614887
1.93727805055
1.87091702682
1.80475997308
1.74224243609
1.68750869421
1.64475061421
1.6182331638
1.61868413728
1.68049783725
1.84672651279
2.05742489185
2.13305369593
2.01785114091
1.77473746386
1.45976137768
1.11455644876
0.768970893951
0.442468169625
0.146191119982
-0.116118770866
-0.347494022255
-0.557165278941
-0.759979511188
-0.975865250909
-1.22920505445
-1.54703201239
-1.9564646425
-2.48572488999
-3.1527974076
-3.85194034297
-4.4063799257
-4.78462728344
-5.03834074049
-5.20161895422
-5.27566198384
-5.26120420151
-5.18205812629
-5.08039597089
-5.00597525053
-4.96873715241
-4.9701773695
-4.99652896404
-5.04775755762
-5.16196550412
-5.17962481435
-6.09483595167
-6.39206716338
-15.0753797305
-2.33426316922
1.88959977044
1.29506698979
1.36115130056
1.57451238879
2.1969262563
2.38886903386
2.44957572906
2.26844702792
2.06282639936
1.88995790406
1.78848981378
1.75042948498
1.76283489506
1.80547129641
1.86221830582
1.92266142194
1.98133557277
2.03528833397
2.08272146027
2.12231084687
2.15298034963
2.17380233385
2.1840280791
2.18330687571
2.17173897584
2.14899435999
2.1151688361
2.07062912647
2.01605126533
1.95245211581
1.88122762727
1.80418690381
1.72364563777
1.64265279799
1.56528628368
1.49653580884
1.4411053234
1.4029066319
1.39378866509
1.45894627389
1.6596357628
1.91737967383
1.99338944346
1.86779759631
1.62550445524
1.32000515942
0.989996561227
0.66223574255
0.353837999091
0.0741999318292
-0.174297796164
-0.395792245487
-0.600381909418
-0.803577335739
-1.02568817045
-1.29109555478
-1.62587899283
-2.05437486058
-2.60018498271
-3.27264609643
-3.92358661793
-4.37684959645
-4.66565897434
-4.86986474829
-5.01621623422
-5.09475090261
-5.10273193242
-5.06083627262
-5.00040635509
-4.95545977476
-4.93681646467
-4.94069455432
-4.96290581719
-5.00008800372
-5.09209508929
-5.11899678216
-5.9684047797
-6.52281537667
-14.2884180267
-2.40184707635
1.65590572477
1.08704487979
1.39856543555
1.51015369223
2.17371878668
2.4558828973
2.59964581798
2.44778376309
2.21608549472
1.99661520446
1.84285445858
1.75737581428
1.73491794846
1.75680404672
1.80334774276
1.85984902864
1.91785520046
1.97279825938
2.02205869109
2.06382671243
2.09660290299
2.11895299078
2.12954196668
2.12759664409
2.11326024894
2.08636565809
2.04692344856
1.99520625954
1.93184019615
1.85785709852
1.77472880251
1.68437932446
1.58927688883
1.49277116541
1.39961756856
1.31585658048
1.24679415977
1.19537822208
1.17359215274
1.23908872829
1.47845586429
1.79553260951
1.86742820772
1.73356710132
1.49483306277
1.19980447432
0.884487895058
0.573069879266
0.280769385481
0.0156465770775
-0.221054811259
-0.434335833886
-0.635004344529
-0.839012089261
-1.06686923844
-1.34262747319
-1.69117469359
-2.13335129057
-2.68725219178
-3.35184436038
-3.93238885501
-4.27769338945
-4.49351930251
-4.66749968493
-4.81006783257
-4.90262291005
-4.94228772413
-4.94283467193
-4.92410023639
-4.90449160901
-4.89533375008
-4.896257899
-4.90625253218
-4.92036867811
-4.98146181949
-5.00845614716
-5.80106919523
-6.56750812054
-13.3496866319
-2.44296894837
1.5578475403
0.955973745426
1.50950991679
1.59200685431
2.18022113095
2.52026308814
2.75459781953
2.65693511645
2.41442815741
2.157177305
1.95363714962
1.81411439685
1.7453380839
1.73609098287
1.76556897351
1.81431512547
1.86951782614
1.92387782708
1.9732613118
2.01501495275
2.04722868101
2.0684831251
2.07783064429
2.07483979829
2.05917814464
2.02979299069
1.9863395588
1.92894247688
1.85812978713
1.77490275157
1.68076732441
1.57770686837
1.46822408768
1.35580834284
1.24588320411
1.14589693283
1.06215005814
0.996074670026
0.958365755106
1.02017095279
1.30062806705
1.69284509724
1.75503291043
1.61547734819
1.38245696794
1.097989583
0.79643537917
0.499598541491
0.221451577718
-0.0311316193859
-0.257716855474
-0.464063534839
-0.661418980091
-0.866089162145
-1.09846179641
-1.38224739367
-1.74072944627
-2.19119644144
-2.7444672912
-3.38790489361
-3.87631423444
-4.11572041913
-4.27865060255
-4.43721577481
-4.58719670932
-4.7043922155
-4.78170337751
-4.8261466207
-4.84752479715
-4.8527148853
-4.84947025888
-4.84119054655
-4.82957613649
-4.81169936745
-4.83237770866
-4.85010200566
-5.59517020392
-6.52279924723
-12.2724953112
-2.46206841705
1.49575495561
0.954824907986
1.67283959997
1.73675581953
2.18395797465
2.53767709505
2.87126579785
2.86273378758
2.63443934074
2.35863410303
2.1220180984
1.93206503234
1.80799342939
1.75486355446
1.7572297022
1.79261704459
1.84295765063
1.8971866477
1.94936797852
1.99609778219
2.03463943294
2.06199186597
2.07498318072
2.07166959647
2.05263334724
2.0184781162
1.96900135383
1.90411105104
1.82413618648
1.72994843585
1.6230073052
1.50527027498
1.37909363513
1.24777611908
1.1172068225
0.996740560087
0.894750960432
0.811171940951
0.753519283986
0.806483005372
1.1296247918
1.61977956608
1.66462544356
1.52251973591
1.29509253423
1.02007280074
0.729850616935
0.445136757474
0.178450345273
-0.0638814586966
-0.282386049327
-0.483122746652
-0.677898643895
-0.882861429854
-1.11855765779
-1.40766040515
-1.77292365576
-2.22652861702
-2.77249393014
-3.38136492887
-3.7587664299
-3.90222794078
-4.03290564155
-4.19268678053
-4.36534946164
-4.51805976782
-4.6389117524
-4.727861408
-4.78649940986
-4.81376065612
-4.8125565104
-4.78645339095
-4.74174485661
-4.68238260298
-4.65519207186
-4.66028859039
-5.37097042955
-6.39671728782
-11.0668019917
-2.44551055026
1.48175664985
0.994981671972
1.8727657158
1.84099119788
2.14180791037
2.46999874387
2.89901203228
3.02251085565
2.84308824266
2.57568206259
2.34205662056
2.12684841947
1.94943165535
1.83923379961
1.79830652209
1.80798174364
1.84511637135
1.89161116963
1.93614997946
1.97279039772
1.99913200564
2.01501768952
2.02139640395
2.01881406264
2.0048682911
1.9752626242
1.9283623166
1.8637273318
1.78141166488
1.68209448149
1.56714611118
1.4385087889
1.29832551326
1.14930945427
0.997264047799
0.853832597743
0.731499843438
0.630239434749
0.552388145635
0.592835140528
0.951594069635
1.56254314406
1.58362645825
1.44150495326
1.22147044248
0.954132858973
0.674417256857
0.399759882957
0.143312622205
-0.0903220351517
-0.301426336917
-0.497070187188
-0.688488940628
-0.89252798046
-1.12826145823
-1.41932022123
-1.78569455755
-2.23908715143
-2.7679018663
-3.32809599352
-3.57471345069
-3.63313604353
-3.7528681159
-3.93476230121
-4.14082866724
-4.33228200909
-4.49496993734
-4.62313236884
-4.71144242023
-4.75442792536
-4.75229991321
-4.71316214699
-4.64469131902
-4.54924325304
-4.4765312624
-4.47669541312
-5.16117502335
-6.17898553144
-9.69181207561
-2.30549760856
1.50589064808
1.04270148053
2.04074007375
1.90421412201
2.04998080145
2.3130108617
2.79328223752
3.08057816874
2.99029514082
2.75135065351
2.57043862717
2.39294882921
2.19931802488
2.03609101463
1.93644736467
1.9030806791
1.91949236851
1.96599882817
2.02750166061
2.09403544706
2.15708089857
2.20667190364
2.23185743128
2.22699990917
2.19800642841
2.15130529317
2.08707694088
2.00432154098
1.90267827143
1.78246004071
1.64479628587
1.49150454991
1.32432179643
1.14450812931
0.955940702439
0.77147414308
0.610722343112
0.479798999156
0.376907117743
0.400923369398
0.795289366028
1.569863964
1.5539807226
1.41678944301
1.1960683045
0.932388727376
0.656082739999
0.387206609361
0.135621058691
-0.0927954481
-0.300363916464
-0.492915533981
-0.683160341093
-0.8857683908
-1.1216682481
-1.41027255306
-1.77752727518
-2.22672447968
-2.74064753229
-3.22857008997
-3.33387696799
-3.33298216663
-3.48126558922
-3.72611896578
-3.99042782497
-4.23503542641
-4.44925847257
-4.62356099236
-4.74555765344
-4.80467236351
-4.79776680688
-4.72451158608
-4.59569950718
-4.43713565473
-4.30918508692
-4.29602325627
-4.9145527684
-5.7512462352
-8.0380999946
-1.91856044243
1.61478612489
1.04130438479
2.1313684414
1.94427236051
1.97012671403
2.11753294679
2.54737744006
2.96461790375
2.99525716478
2.77316858815
2.6625752783
2.60317119644
2.48391500824
2.32561112253
2.18208823804
2.08704191945
2.04070772629
2.02227011176
2.00689323191
1.9808209391
1.94607823599
1.91608052806
1.90519840768
1.91705251183
1.93467671658
1.93608043385
1.91349464774
1.86580088953
1.79251642419
1.69367600721
1.57001133358
1.42321128207
1.25483160074
1.06452473246
0.852526646439
0.630848192701
0.430069466651
0.275725952019
0.171226671176
0.199120858658
0.578602153881
1.51790810573
1.48546634517
1.34693665178
1.13946624537
0.873577177808
0.609338790972
0.345066371833
0.104290462821
-0.118568536837
-0.317502268655
-0.50609188499
-0.688175005456
-0.887759001343
-1.11097695091
-1.39484350192
-1.73997278706
-2.19563024247
-2.67283738195
-3.0561644697
-2.99317365215
-2.96372245347
-3.17155991026
-3.48982788058
-3.79164592262
-4.05172944681
-4.27424430224
-4.44908868843
-4.55858273589
-4.59182942026
-4.55734073213
-4.4925422393
-4.40827924047
-4.24517269598
-4.01986693909
-3.91493784445
-4.38782355867
-4.92307800391
-6.13761706616
-1.41764818279
1.96958992758
0.894113016767
2.07931245343
1.99337468335
1.9478836485
1.96862351202
2.2396914334
2.64385921839
2.79991747732
2.5946149607
2.51494659095
2.58162966276
2.60915590359
2.54396922426
2.42495615237
2.3261421226
2.30978490967
2.4047531661
2.5969874993
2.84039790829
3.07560861296
3.24973119047
3.32693386986
3.30153001552
3.21571624368
3.10052807016
2.96568994626
2.81086465294
2.63504470515
2.43742637628
2.21803468464
1.97820423219
1.71972221954
1.44096837675
1.13478895505
0.800058426517
0.46584554671
0.192506897273
0.0390681003416
0.10072351381
0.507667432891
1.74969700474
1.63597708977
1.51479450286
1.2592150159
0.988395605507
0.700928681785
0.433511866318
0.179790272804
-0.0460546740008
-0.254679282841
-0.445641463146
-0.636266536917
-0.833174701224
-1.06224003659
-1.32780200466
-1.67286077952
-2.10723020577
-2.63174215572
-2.81606252054
-2.59654681015
-2.67329595984
-3.12747125624
-3.65619538509
-4.09797391905
-4.47585274591
-4.81856974843
-5.1101312804
-5.32293159705
-5.43765140603
-5.42366200408
-5.2016533618
-4.66154057881
-3.9054873769
-3.30860863822
-3.22775475627
-3.77423044913
-4.13126815463
-4.61629849783
-1.35080586649
2.48943221557
0.927103715598
1.75375775572
1.92277665652
1.89892755808
1.87969500253
2.00479329858
2.27140508054
2.48129315763
2.40769719343
2.46988456953
2.74312378926
3.03864159644
3.19296375149
3.11570235953
2.80145967375
2.30417784354
1.7201558154
1.15347886623
0.692062994276
0.393645041009
0.289498479769
0.388531806901
0.631608224457
0.877911575488
1.09965195215
1.28087900248
1.41756595678
1.5072818593
1.5479738042
1.53710963717
1.47348342297
1.35768567839
1.18544768673
0.934204885011
0.567819500296
0.102070378651
-0.286888372111
-0.319675156048
-0.0539456117286
0.101944705382
1.55844567663
1.37347375568
1.281294085
1.01557928923
0.774595216292
0.507027741767
0.269851486169
0.0399435324631
-0.162487449899
-0.349282902793
-0.523595869168
-0.689343902101
-0.869611376046
-1.05661457872
-1.2939855664
-1.55323149097
-1.94931397666
-2.49345517886
-2.38648401687
-1.91062030207
-2.22004150064
-2.9335919902
-3.46077884834
-3.71413483116
-3.83440980625
-3.87275832296
-3.79560233261
-3.56988575773
-3.19079828762
-2.7040412896
-2.19352584409
-2.0451362386
-2.55501903024
-3.68752886205
-4.97325980951
-5.7263032492
-5.2331069354
-4.30470651493
-1.64828287568
2.92046696258
1.41603307436
1.46620313369
1.62469034257
1.64956857118
1.70381087832
1.9089046
2.15037968584
2.28057621618
2.24463329449
2.51727845077
3.31556004499
4.46804369952
5.85321249276
7.32176441327
8.73816220885
9.97225300119
10.9309174493
11.5666625452
11.8800382773
11.9088485987
11.7143192846
11.3786808303
11.022145184
10.6973121471
10.318804859
9.86672662406
9.34050629221
8.74517720278
8.08489259701
7.36376174117
6.58897754369
5.77346129928
4.92570609663
4.02160988429
3.00169441519
1.88789205945
0.982420579359
0.662808048303
0.414380257449
0.923239315094
3.93311117691
2.07399508723
2.67091895594
1.64212660941
1.73879444019
1.09196264783
0.997690754041
0.550463795433
0.415495595882
0.0658479607557
-0.0421500417641
-0.390449400232
-0.430265236944
-0.900446323673
-0.800891639559
-1.54844100429
-1.1793114968
-2.67425459028
-1.7012162658
-1.23034499675
-3.19273582827
-5.5229195571
-7.33640467377
-8.85103611281
-10.3356429673
-11.7915948528
-13.12582471
-14.2741271039
-15.2203072398
-16.0223652403
-16.9788201492
-17.9147821484
-18.2807771711
-17.5200189896
-15.2449058767
-11.553805438
-7.07082447122
-3.21446756247
-0.247564727431
2.91184988106
2.13517851768
1.91459519612
2.06506556369
2.21682108371
2.3920067811
2.58286334679
2.62748656055
2.48362497053
2.00171099581
1.42334745137
1.05781632144
0.711337406635
0.45577241492
0.318949499107
0.348621937066
0.552713579561
0.917366395705
1.40509305607
1.96599554852
2.54403296758
3.07953941631
3.50592827481
3.76224995235
3.88418948451
3.95170964767
3.99262103387
4.01256492608
4.01009849117
3.98076393562
3.91813845041
3.81730016669
3.67859273225
3.4966537472
3.22232122229
2.74436782754
2.00882308208
1.23086908058
0.697353400382
0.232618669216
0.134758518913
2.86228352488
-0.391308508074
1.57715217303
-0.0715158813533
0.823866193457
-0.0150100537157
0.380324490485
-0.107884079528
0.101160971155
-0.283600270536
-0.0656333252865
-0.537138760014
-0.114660726866
-0.911101981514
0.011384420088
-1.46914502429
0.435971954278
-2.00725849311
0.626852985008
0.366755776771
-2.39116651109
-4.06630389643
-4.48006208509
-4.5756918167
-4.75263356081
-4.9638480013
-5.11753568629
-5.19062729376
-5.16349336909
-4.91257784069
-4.07280605768
-2.51363349448
-0.450723943313
1.76543902814
3.68097529623
4.85524800996
5.03511885041
4.45101211628
3.63215313559
)
;

boundaryField
{
    frontAndBack
    {
        type            empty;
    }
    upperWall
    {
        type            zeroGradient;
    }
    lowerWall
    {
        type            zeroGradient;
    }
    inlet
    {
        type            zeroGradient;
    }
    outlet
    {
        type            adjointOutletPressure;
        value           nonuniform List<scalar> 
20
(
-0.70572872265
-0.490227796575
-0.364994404335
-0.322219992605
-0.298517964466
-0.269423676755
-0.236336644156
-0.201516236802
-0.165360438173
-0.127626365757
-0.0879279254223
-0.0457144711874
-0.000171991474267
0.0499109782955
0.106372633291
0.172317247838
0.252057592621
0.34821652664
0.421223089197
0.290849842492
)
;
    }
}


// ************************************************************************* //
