/*--------------------------------*- C++ -*----------------------------------*\
| =========                 |                                                 |
| \\      /  F ield         | OpenFOAM: The Open Source CFD Toolbox           |
|  \\    /   O peration     | Version:  v1806                                 |
|   \\  /    A nd           | Web:      www.OpenFOAM.com                      |
|    \\/     M anipulation  |                                                 |
\*---------------------------------------------------------------------------*/
FoamFile
{
    version     2.0;
    format      ascii;
    class       volScalarField;
    location    "100";
    object      p;
}
// * * * * * * * * * * * * * * * * * * * * * * * * * * * * * * * * * * * * * //

dimensions      [0 2 -2 0 0 0 0];


internalField   nonuniform List<scalar> 
6400
(
0.257061053697
0.256940073014
0.256861364005
0.256884776888
0.256889989922
0.256692987247
0.256113417636
0.255115578056
0.253710575656
0.251896833988
0.249803967818
0.247630545101
0.245467411123
0.243366429592
0.241376766087
0.239536531115
0.237872144737
0.236398424365
0.235119947594
0.234032448011
0.233124455488
0.232379166471
0.231776748345
0.231296962
0.230921615206
0.230636097355
0.230429457269
0.230293092915
0.23021892151
0.230198291761
0.230222632617
0.230285848541
0.230387348261
0.23053384196
0.230738535727
0.231018241648
0.231390828106
0.231875446015
0.232495072914
0.23328121014
0.23427644722
0.235533478718
0.237113160832
0.239081086746
0.24150444578
0.244446767283
0.2479578116
0.252058610446
0.256726113274
0.261883274376
0.267394893982
0.273071275237
0.278679743541
0.283966947819
0.288701511157
0.292701275568
0.295819463118
0.297928632941
0.299069868638
0.299722922531
0.299980243728
0.299563024964
0.2986509053
0.297517761914
0.296349830452
0.295284619503
0.29443293106
0.293867448567
0.29363238758
0.293744345813
0.294166901981
0.294831123707
0.295652341552
0.296537389567
0.297391453719
0.298127601699
0.29867839861
0.298996525808
0.299124840961
0.299194327337
0.257053358421
0.256925167409
0.256876644297
0.256875983978
0.256798547014
0.256522612285
0.255870632268
0.254788428928
0.253330208156
0.251527979173
0.249481002958
0.24732740001
0.245164006204
0.243060312431
0.241071992248
0.239239158395
0.237588111946
0.236132693815
0.234876131969
0.233812768131
0.232929850937
0.232209527588
0.231631159985
0.231173875199
0.230818851826
0.230550761389
0.230357914107
0.230231196171
0.230162506812
0.23014375981
0.230167307207
0.23022780083
0.23032463001
0.230463349561
0.230654984538
0.230914008855
0.2312575842
0.231707288365
0.232288381449
0.233029510683
0.233969105258
0.235157624059
0.23665450438
0.23852565248
0.240840282082
0.243665155135
0.247054168469
0.251033820781
0.25558791721
0.260645149785
0.266073474754
0.271683676272
0.277245320447
0.282512956722
0.287255405151
0.291266769996
0.294363827305
0.29648163516
0.297882803301
0.298776988117
0.299048626468
0.298682604478
0.297878382825
0.296849459808
0.295768646045
0.29477436963
0.293977473915
0.29345621598
0.293255302148
0.293396710824
0.293852986637
0.294557350193
0.295424374018
0.296358888081
0.297262778984
0.298044376316
0.298632173849
0.298978503248
0.299148488271
0.299296922959
0.257189823091
0.256991870331
0.2568703169
0.256728385004
0.256434996801
0.255905731956
0.255053718353
0.253827427025
0.252270832053
0.250434936108
0.248402045905
0.246275910247
0.24414831398
0.242091703602
0.240161253111
0.238395547258
0.236818430319
0.235440933279
0.23426344391
0.233277726058
0.232468950526
0.231817805299
0.231302767973
0.23090239185
0.230597294113
0.230371419982
0.230212298499
0.230110365375
0.230057818847
0.230047792541
0.230074410962
0.230133920902
0.230226189549
0.230355470602
0.230530324166
0.230764020911
0.231076046898
0.231485832016
0.232012104382
0.232682475014
0.233535054966
0.234617427536
0.235987122722
0.237710762333
0.239861479934
0.242512762634
0.245727661324
0.249543646638
0.253955103895
0.258898033946
0.264241314954
0.269791377039
0.275316668303
0.280571579025
0.285309442955
0.289288160796
0.292332844568
0.294551580856
0.296215337919
0.297287916773
0.297639595999
0.297396923305
0.296724875177
0.295805086668
0.29480770457
0.293876554615
0.293125719065
0.292635091185
0.292453672471
0.292614119761
0.293095770481
0.293834304773
0.294746702206
0.29574087116
0.296722173455
0.297603421525
0.298321193305
0.298844697235
0.299210407077
0.299501399489
0.257463246589
0.257187420237
0.25689483187
0.256479934608
0.255886461713
0.255065984241
0.253967908254
0.252559665207
0.250877758065
0.248983397313
0.246950704044
0.244861964909
0.242795404587
0.240817992058
0.238980819007
0.237318179728
0.235849650019
0.234582323085
0.233513069346
0.232630712407
0.231918202891
0.231354804095
0.23091824164
0.230586725631
0.230340624364
0.23016350228
0.230042425023
0.229967592278
0.229931604846
0.22992877817
0.229955009062
0.230008167784
0.230088529107
0.2301993945
0.230348357992
0.230549438879
0.230818066194
0.231167122248
0.231614797372
0.232188054048
0.232921304612
0.233858391682
0.235054169567
0.236575328521
0.238499052469
0.240907771819
0.243878407671
0.247465264105
0.251678817305
0.256465395344
0.261696963996
0.267174210131
0.27266315945
0.27790624005
0.282622778945
0.286561940809
0.289659809106
0.29215539763
0.294066136439
0.29521481379
0.295666623683
0.295538698058
0.294980746054
0.294162773679
0.293250956889
0.292390377233
0.291697405796
0.291254319069
0.29111480072
0.291319875769
0.291852296913
0.292650290273
0.293634873119
0.29471917691
0.295814943199
0.296842734663
0.297745886763
0.298497927333
0.299096591829
0.299616308027
0.257743400002
0.257325084437
0.256781399708
0.256062293658
0.255152493189
0.254030306125
0.252683298831
0.251092110999
0.2492850435
0.247323326543
0.245281078076
0.243231747129
0.241241325078
0.239365432986
0.237646299154
0.236111522256
0.234775257013
0.233640050611
0.232698956786
0.231937689579
0.231336843509
0.230874107135
0.230526378913
0.230271612153
0.230090215802
0.229965897379
0.229885894703
0.229840732968
0.229823609553
0.229829877577
0.229856841394
0.229903567591
0.229971012807
0.230063414888
0.230189899643
0.230361429243
0.230584823049
0.230870292144
0.2312364282
0.231706447687
0.23231044416
0.233087677826
0.234089185989
0.235380117798
0.237040470728
0.239161988176
0.241837720482
0.245142894309
0.249108182796
0.253692969294
0.258775328652
0.264147041236
0.269565529231
0.274748892907
0.279392030354
0.283315464101
0.286630412157
0.289365631073
0.291353101129
0.292586037458
0.293133636389
0.293106665751
0.292649703506
0.291925626418
0.291096306991
0.290307030635
0.289676784486
0.289291182859
0.289208098279
0.289475334195
0.290077958408
0.290957960075
0.292041076959
0.293245149679
0.294486476028
0.295689091087
0.296793818109
0.297764694788
0.298551578639
0.299244238221
0.257691331119
0.257078346031
0.256288072305
0.25530510488
0.25413827708
0.252773697753
0.251209610453
0.249456654174
0.247552921399
0.245553354553
0.243523802171
0.24153054309
0.239631344315
0.237871847549
0.236284872903
0.234890609756
0.233697504473
0.232703593235
0.231898226495
0.231264055894
0.230779236138
0.230419732415
0.230161499385
0.229982266333
0.229862803841
0.229787510171
0.229744450391
0.229725032818
0.229723350848
0.229735678093
0.229760261577
0.229797664003
0.229850849721
0.229926861787
0.230032765693
0.230170725139
0.230346364594
0.230571434822
0.230860276025
0.231231489722
0.231709836531
0.232328776703
0.233133799094
0.234186293668
0.235567016488
0.237375922676
0.239723067106
0.24270693468
0.246383083867
0.250725652834
0.255623665069
0.26085216539
0.266147623048
0.271209389925
0.275771660698
0.279805775817
0.283297950591
0.286092668267
0.288127004972
0.289415849358
0.290025444159
0.290065532821
0.289677763101
0.289020706439
0.288253797631
0.287523151055
0.286950968744
0.286627278867
0.286613552866
0.286963130503
0.287660928797
0.288651564415
0.289863831368
0.291217428673
0.292629179594
0.29402131486
0.295325995841
0.296494817099
0.297429040996
0.298246137835
0.256955253709
0.256237641512
0.255322453187
0.254176770284
0.252833660368
0.2512974443
0.249579496039
0.247714106804
0.245752995247
0.243750409546
0.241763575792
0.239849322236
0.238057030988
0.236424526351
0.234977388904
0.233729596482
0.232684470545
0.231835757333
0.231169068605
0.230663757042
0.230295230338
0.230037498384
0.229865520324
0.229756993145
0.229693497202
0.229660749174
0.229648231704
0.229648976637
0.229658626659
0.229674656001
0.229696931375
0.229729027615
0.229775465582
0.229837851472
0.229918436387
0.230022610008
0.230157327534
0.230330960937
0.230554026287
0.230840317719
0.231208648148
0.231685484997
0.232308807783
0.233133493959
0.2342374654
0.235726033673
0.237725214809
0.240357157801
0.243708845508
0.24776908262
0.252441399167
0.257470305593
0.262565783219
0.267459325833
0.272006305399
0.276111285504
0.279607355204
0.282391807639
0.284422630111
0.285714738756
0.286335284844
0.28639388306
0.286030550081
0.285401879839
0.284666929348
0.283973945547
0.283449350179
0.283188663967
0.28325431923
0.283701949105
0.284514932406
0.285640074535
0.287007214394
0.288534574789
0.290135493569
0.29172637713
0.293227751739
0.294581442853
0.295646495536
0.296576388878
0.255529412462
0.254823632979
0.253918923439
0.252718681773
0.251285157144
0.249648720264
0.247846291107
0.245928588522
0.243954827976
0.241981734491
0.240062888818
0.238247275878
0.236575856029
0.235079249837
0.233777104404
0.23267842201
0.231782179441
0.231078115869
0.230548000256
0.230167589283
0.229909259141
0.229745064647
0.229649314986
0.229600237682
0.229581087644
0.229579805481
0.22958817067
0.22960189037
0.229619103114
0.229638935632
0.229661927773
0.229688639719
0.229721684065
0.22976577329
0.2298250613
0.229904097341
0.230008208642
0.230143582798
0.230317626705
0.230539798828
0.230823101778
0.231186569952
0.231659292052
0.232286680394
0.233139044199
0.234322034596
0.235975693988
0.238244163335
0.241252375885
0.244999522497
0.249395480977
0.25414986064
0.258975125827
0.263703688869
0.268187528041
0.272205231357
0.275615209422
0.278318993557
0.280275942314
0.281503172651
0.282069166929
0.28208369313
0.28168624326
0.281033141188
0.280285138401
0.279594856056
0.279095533526
0.278890705066
0.279040124945
0.279595871795
0.280540184695
0.281821741049
0.28336792576
0.28509124448
0.28689801205
0.288696416215
0.290394162624
0.291926606594
0.293116258775
0.294157233583
0.253625087175
0.253017588061
0.252196678367
0.251010035455
0.249557159415
0.247888842674
0.246065589042
0.244150892461
0.242208512085
0.240297147392
0.238468911226
0.236767577017
0.235227405599
0.233872838884
0.232718504302
0.231769261118
0.231020265903
0.230457305258
0.230058045664
0.229794384438
0.229635678848
0.229552342226
0.229519003642
0.229515901279
0.229529486959
0.229551308615
0.22957507823
0.22959600551
0.229612673695
0.229626951639
0.229641562456
0.229658955226
0.229681832611
0.22971359102
0.229758009795
0.229819321708
0.22990212271
0.230011257939
0.230151960365
0.230330400043
0.230554828477
0.230837544285
0.231198398813
0.231671516164
0.232314714509
0.233228187295
0.234565452902
0.236486796562
0.23915197371
0.242555580057
0.246595483618
0.250988566747
0.255519300777
0.260031345551
0.264315484356
0.268154142237
0.271391601635
0.273930106709
0.275731558124
0.27681520567
0.277250799887
0.27714844355
0.276647706485
0.275905424562
0.275085382749
0.274346646323
0.27383377266
0.273667466055
0.27390021248
0.274568726472
0.275655202445
0.277109962188
0.278854295471
0.280791069211
0.28281656915
0.28482909804
0.286723015724
0.288429703514
0.289737376669
0.290885576253
0.251562989234
0.25105985621
0.250312075376
0.249159598274
0.247731311156
0.246083167295
0.244289824539
0.242422948815
0.240549559588
0.238728977414
0.237011512202
0.235437041387
0.23403500548
0.232825217672
0.2318183241
0.231015617263
0.230408618356
0.229979193014
0.229700610558
0.22954052475
0.229465866841
0.22944713819
0.22946120643
0.22949174561
0.229525775661
0.229554473553
0.229575897029
0.229591524869
0.229603072033
0.229612492551
0.229621726269
0.229632751741
0.229648005155
0.229670573129
0.229704119332
0.229752748968
0.229820731501
0.229912240935
0.230031302114
0.230182083464
0.230369624834
0.230601182884
0.230888475755
0.231255205494
0.23174480989
0.232447634896
0.233527545938
0.235145979491
0.237467080022
0.240480934677
0.244055100996
0.24806134483
0.252250273265
0.256468320192
0.260465362703
0.264028334465
0.267000201768
0.269284264194
0.270844528365
0.271702011164
0.271927485458
0.271631049503
0.270952243054
0.27004831536
0.269086644006
0.268233731532
0.26765060274
0.267481325999
0.26777135798
0.268541276706
0.269776903054
0.271423076816
0.273385026615
0.275550545575
0.277803822055
0.280032978935
0.282119618875
0.283994054301
0.285411940607
0.286661261467
0.249572589035
0.249114471446
0.248393570121
0.247273802663
0.24589164792
0.244296150146
0.242568086237
0.24078193309
0.239005839617
0.237298218354
0.235706755818
0.234267809842
0.233007176431
0.231941285946
0.23107768599
0.230414637654
0.229940228823
0.229631968568
0.229458667975
0.229384947829
0.229376488723
0.229405470951
0.229450983692
0.229496263776
0.229532330418
0.229558079828
0.229575560742
0.229587148377
0.229594797101
0.229600187175
0.229604865564
0.229610538115
0.229619353959
0.229634150199
0.229658505973
0.229696553528
0.229752610894
0.229830757244
0.229934572692
0.23006718891
0.230231741734
0.230432510778
0.230675227342
0.230977321308
0.231371282336
0.231933609771
0.232819797448
0.234176169496
0.236111287532
0.238690920792
0.241812048027
0.245396931903
0.249222975414
0.253063771753
0.256685410508
0.259882225487
0.262500025002
0.264444668414
0.265682603361
0.266236456924
0.266177375707
0.26561377481
0.264683115273
0.263540459083
0.262355588678
0.261305279582
0.260590910888
0.26038488453
0.260698122912
0.261527923506
0.262890083492
0.264726374034
0.266914000678
0.269315374382
0.271797348442
0.274237063761
0.276505079312
0.278534902964
0.280051791186
0.281395716933
0.247684092619
0.247232379612
0.246515248624
0.245429032418
0.244104696786
0.2425814752
0.240941724512
0.239258430098
0.237598463341
0.236017875989
0.234561130959
0.233261192927
0.232140785896
0.23121364175
0.230484853628
0.229950036564
0.229593849023
0.229389820955
0.22930325768
0.229296446103
0.229336090823
0.229395957516
0.229455254114
0.229503034607
0.229537381277
0.22956003472
0.229574085822
0.229582284962
0.229586726818
0.229588981095
0.229590297094
0.229591956193
0.229595659829
0.229603908975
0.229620170541
0.22964873457
0.229694259708
0.229761086479
0.229852730646
0.22997178996
0.230120210566
0.23030119221
0.230516702545
0.230781067476
0.231121017401
0.231592723406
0.232303899117
0.233407988063
0.234993800464
0.237159856531
0.239887299522
0.243048108665
0.246438939632
0.249832845149
0.253004816828
0.255758384628
0.2579461765
0.259479200587
0.260327783292
0.260516760098
0.260117052799
0.259232799884
0.257996178594
0.256555362161
0.255075686667
0.253712346313
0.25271616103
0.252359964919
0.252641879343
0.2535182829
0.255013540133
0.257043228058
0.259454120066
0.262083344023
0.264777847521
0.26740394452
0.269824566229
0.27198282178
0.27357854844
0.275006737956
0.245853932349
0.245412181642
0.244709473525
0.243668594221
0.242413341454
0.240976452265
0.239440154909
0.237873508289
0.236340434289
0.234893570848
0.233573851387
0.232410974211
0.231424910532
0.230627141752
0.230020799838
0.229599274972
0.229344247395
0.229225845468
0.229206135378
0.229247164509
0.229317657446
0.229392214048
0.2294556147
0.229503398592
0.229536432597
0.229557434048
0.229569880607
0.229576560446
0.229579558825
0.229580350623
0.229579910786
0.229579158436
0.2295793549
0.229582599443
0.22959218871
0.229612555184
0.229648762435
0.229705487425
0.229786246715
0.229893316419
0.230027561401
0.230191712853
0.230386537112
0.230619935074
0.230914571584
0.231309754651
0.2318763695
0.232761168664
0.234080277786
0.2359132586
0.238244630791
0.240960596198
0.243875126896
0.246771918951
0.249438049538
0.251689731808
0.253390415983
0.254459680994
0.254874560744
0.25466396668
0.253899486774
0.252683656636
0.251152571997
0.249461373712
0.247790594165
0.246256568141
0.244964336534
0.244142973412
0.243957254168
0.2446772637
0.246251678484
0.24846701254
0.251087179477
0.253916192177
0.256780884946
0.259539171835
0.262052709969
0.264284093925
0.265916819878
0.267409808862
0.244076951473
0.243662919686
0.242996357646
0.242017129082
0.240842972913
0.239503708429
0.238080795688
0.236638376664
0.235236628342
0.233924222298
0.232738487432
0.231706038449
0.23084438565
0.230163159553
0.229664011241
0.22933862795
0.229166297797
0.22911373587
0.229140616188
0.229211836369
0.229300018347
0.229380753616
0.229444733906
0.229492281978
0.229525595954
0.229547278102
0.229560704102
0.229568447403
0.229572391578
0.2295738023
0.229573453649
0.22957209861
0.229570730392
0.229571090961
0.229576142669
0.229590176182
0.229618473053
0.229665865497
0.229735692304
0.229830006222
0.22994893279
0.230093274102
0.230265666349
0.23046693
0.230713715124
0.231039706213
0.231510204902
0.232236572991
0.233329881443
0.234858927395
0.236809510907
0.23907851162
0.2414969328
0.243865937727
0.245990060214
0.247702422161
0.248881430896
0.249459358441
0.249423608071
0.248809403307
0.247693872022
0.246195404478
0.244482372245
0.24273412176
0.241025990933
0.239389389692
0.238020937105
0.236996671662
0.236382721717
0.23650492038
0.237683856998
0.239741360235
0.242327144642
0.245158582563
0.248020882523
0.250756132099
0.253222313913
0.255406345363
0.256986958885
0.258502410259
0.242389595387
0.242014444491
0.241398719806
0.240493262612
0.239409622698
0.238175880024
0.236871845138
0.235556321144
0.234285447323
0.233103710938
0.232044907729
0.231132766153
0.230382592521
0.229802449062
0.229392852203
0.22914430868
0.229034291043
0.229027115034
0.229085231392
0.229178278179
0.229277282746
0.229360169675
0.229423727829
0.229471784269
0.229507080392
0.229531563185
0.229547870897
0.22955810691
0.229564040518
0.229566936099
0.229567689794
0.229567067226
0.22956586602
0.229565467093
0.229568360168
0.22957831651
0.229600266202
0.22963880614
0.229696912419
0.229776238245
0.229877551572
0.230000040181
0.230146212879
0.23031782232
0.230524679672
0.230794660842
0.231184602001
0.231782969268
0.232681634902
0.233934036973
0.235521831139
0.237350146966
0.239267292473
0.241095498858
0.242661139602
0.243818346733
0.244464626368
0.244549210493
0.244072784605
0.243079686646
0.241666592968
0.239988643934
0.238210700306
0.23641000698
0.234604409129
0.233025722385
0.23182031824
0.230904867854
0.230266802888
0.230020057141
0.230458175045
0.23176386731
0.233841359034
0.236310818116
0.238844827182
0.241262781579
0.243417846223
0.24532483165
0.246676085387
0.248126945094
0.240833356867
0.240499215494
0.23993906715
0.239112468379
0.238123894628
0.236999188816
0.235815252015
0.234625218812
0.233481045439
0.232422968406
0.231481371118
0.230677271687
0.230023944547
0.229528061082
0.229189319934
0.228997911529
0.228930982755
0.228952339137
0.229032671898
0.229145230585
0.22925256374
0.229335435445
0.229398018259
0.22944718004
0.229485429673
0.229513686906
0.229533267458
0.229546051121
0.229554007598
0.229558612615
0.229560925168
0.229561720522
0.229561657044
0.229561745817
0.229563895799
0.2295711978
0.229587630553
0.229617164425
0.229663001692
0.229727081103
0.229810518451
0.229913223828
0.230035197449
0.230177342399
0.230346920722
0.230567700292
0.230887516763
0.231374919522
0.232098572487
0.233093391776
0.234334075473
0.235732215702
0.237153226989
0.23844230407
0.239450732946
0.240057110179
0.240181831603
0.239794065203
0.23890897085
0.237589937555
0.235975200377
0.2342196036
0.232360940487
0.230500060174
0.228782804013
0.227382897371
0.226293354655
0.225428036404
0.224762185126
0.224333776982
0.22422127827
0.224775927052
0.225917648835
0.227679870887
0.229527333508
0.231252006963
0.232712707355
0.233969833146
0.234773582371
0.235985179664
0.23943471523
0.239138803947
0.238632993004
0.237884988614
0.236991427183
0.235975066089
0.234908705429
0.233839537399
0.232815235771
0.231871776435
0.231036269035
0.230327166898
0.229755832566
0.229327645646
0.22904185613
0.228889463682
0.228849316893
0.228888290493
0.228984701238
0.229112696637
0.229227056078
0.229310782535
0.229373734528
0.229424269348
0.22946470626
0.229495535969
0.229517399429
0.229532209053
0.229542088392
0.229548580084
0.229552740634
0.229555257113
0.229556614358
0.229557593202
0.229559585228
0.229564884754
0.229576645904
0.229598522086
0.229633720599
0.229684375916
0.229751358181
0.229834357116
0.229932515266
0.23004587533
0.230180306992
0.230356269193
0.230611847434
0.230996399669
0.231555375249
0.232304583375
0.233210841697
0.234191455351
0.235128893707
0.235892350648
0.236359971131
0.236437531826
0.236070967271
0.235249576259
0.234005574443
0.232440634936
0.230721363928
0.228846210545
0.226993080871
0.225186090214
0.223635418836
0.222377369312
0.221341222078
0.22046305648
0.219732198437
0.219139705286
0.218677324392
0.218483943792
0.218832347583
0.219502481563
0.220257200884
0.220861663752
0.221126559977
0.221167303588
0.220863973786
0.221469686098
0.2382034619
0.237941674401
0.237486860374
0.236814406383
0.236012693906
0.235100858858
0.234146788523
0.233191633499
0.232278757677
0.231439930741
0.230699155923
0.230072491309
0.229569537354
0.229194489661
0.228946390972
0.228817985292
0.228791024441
0.228838934676
0.228944364177
0.229083037347
0.229202109323
0.229289623646
0.229354218469
0.229405151668
0.229446151298
0.229478044814
0.229501585395
0.229518252174
0.229529943302
0.229538186581
0.229543988977
0.229547957586
0.229550506292
0.229552214375
0.229554124878
0.229558047
0.229566533303
0.229582579437
0.229608945528
0.229647501642
0.229698952719
0.22976284272
0.229837923867
0.229923583374
0.230024715688
0.230158509247
0.23035229761
0.230636518477
0.231034748314
0.231544995305
0.232127032611
0.232704251508
0.233176452915
0.233437362082
0.233393151506
0.23297873545
0.232165928338
0.230963079951
0.229432217909
0.227715704007
0.225868833735
0.224013802019
0.222182320523
0.22052514019
0.219138608012
0.217979960974
0.216963974788
0.216036575101
0.215194175895
0.21439758038
0.213605655233
0.212825094861
0.212320951862
0.211730600977
0.211085365704
0.210162502879
0.20861685202
0.206594043909
0.20417576783
0.20331878612
0.237138049461
0.236906558749
0.236499222613
0.23589820276
0.235183501899
0.234370491205
0.233521760848
0.232672539497
0.231861969628
0.231117749357
0.230461000595
0.229905619999
0.229459733071
0.229126589729
0.228905124258
0.228789613338
0.228763017423
0.228812024602
0.228916016706
0.229060821308
0.229185774328
0.22927499468
0.229338457163
0.229388030849
0.229428790447
0.229461700361
0.229487093412
0.229505607208
0.229518827831
0.229528382772
0.229535396221
0.229540475616
0.229543961884
0.229546274313
0.229548233101
0.229551226568
0.229557246118
0.22956858482
0.229587388327
0.229615110845
0.229652206847
0.229698024425
0.229751041054
0.229810193835
0.229879663191
0.229972759648
0.230104679719
0.230287367083
0.230524606728
0.230799140249
0.231065822126
0.231255408632
0.231285609383
0.231074926589
0.230558230514
0.22970012825
0.228495852943
0.226976805611
0.225254926632
0.223482017418
0.221542685334
0.21974118282
0.218025425566
0.21654161112
0.215279879106
0.214173575334
0.213144660137
0.212142012481
0.211146569701
0.21010161997
0.208942801927
0.207601408621
0.206099891043
0.204493408336
0.202085223972
0.199261589463
0.195164015127
0.189801167873
0.183357774241
0.178698977801
0.236230827363
0.236026409059
0.235663361764
0.235129348378
0.234496074733
0.233775282755
0.233024203289
0.232272451278
0.231555141408
0.230896110966
0.230313869733
0.229820421482
0.229422897268
0.229124121479
0.228923396613
0.228818464362
0.228783559547
0.228811649124
0.228914086511
0.22906391128
0.229185793546
0.229268174199
0.229326285933
0.229372604109
0.229411938575
0.229445186537
0.229472628894
0.229493623882
0.229508721385
0.229519410842
0.229527216646
0.229533037259
0.229537265654
0.229540193483
0.229542338652
0.229544628575
0.229548538916
0.229555827768
0.229568070464
0.229586191894
0.229610218259
0.22963918665
0.22967132088
0.229705254945
0.229744539767
0.229797385417
0.229865379173
0.22994286368
0.230016422952
0.230056801696
0.23001686552
0.229836589001
0.229452371177
0.22880770609
0.227866420316
0.226620783225
0.225086677781
0.223333163001
0.22150107066
0.219557451225
0.217793451398
0.216068208895
0.214515273342
0.213186320103
0.212015026418
0.210927526787
0.209855194298
0.208751084571
0.207574696582
0.206253226759
0.204700111143
0.202809101322
0.200460574165
0.197547697407
0.193468185581
0.188455205284
0.180984236694
0.170496374836
0.156542276016
0.141704044595
0.235470950236
0.235291003228
0.234969393822
0.234497905104
0.233940225082
0.233304771642
0.232643564409
0.231981034182
0.231348529639
0.230766266767
0.230250434583
0.229811215853
0.229455389567
0.229185931427
0.228999947274
0.228894918568
0.228853679644
0.228865264257
0.228970646414
0.229108587131
0.229216273926
0.229288296345
0.229338846542
0.229378057832
0.229410220425
0.229436976205
0.229460335751
0.229481608183
0.229499011847
0.229511204365
0.229519621635
0.229525869375
0.229530646223
0.229534166495
0.22953658689
0.229538361247
0.229540437072
0.229544130666
0.229550537183
0.229560072877
0.229572252434
0.22958568142
0.229598247279
0.229608339501
0.229618720598
0.229630719369
0.229631149367
0.229598234683
0.229504306138
0.229311782502
0.228974840243
0.228444749751
0.22767747985
0.22664189378
0.225330137781
0.223758047015
0.22196586802
0.220076647013
0.218220762751
0.216251327466
0.214553092281
0.21298264066
0.211612639888
0.210409270068
0.209297330284
0.208202537715
0.207063602003
0.205836669254
0.204461971415
0.202852425472
0.200900344274
0.198466298933
0.195349993161
0.191166594684
0.185851964413
0.178342146011
0.16684360412
0.148960995646
0.119619759426
0.0592651020798
0.234846432843
0.234688676095
0.234405763522
0.233992279444
0.23350432832
0.232947400256
0.232368577741
0.231787607139
0.231232363879
0.230719610538
0.230263753156
0.229872310858
0.229550876767
0.229303091315
0.22912804713
0.229024839452
0.228987174849
0.229002567843
0.229097092817
0.229207600014
0.229293390294
0.229352063823
0.229391846623
0.229419072547
0.229437803226
0.229450676272
0.229460774981
0.229473344763
0.229489741627
0.229503659567
0.22951290138
0.229519455016
0.229524628668
0.229528623906
0.22953132788
0.229532732664
0.229533282823
0.22953375754
0.229534824442
0.229536518916
0.229537893997
0.229537058612
0.229531424233
0.22951911959
0.229501596289
0.229471068145
0.229399089745
0.229249816795
0.228984520389
0.228561104859
0.227938360314
0.22708083432
0.225965064813
0.224585663402
0.222960237482
0.221125482156
0.219160507157
0.217205966422
0.21518469039
0.213498955617
0.211901768511
0.210485123372
0.20925986228
0.208145867528
0.207065098495
0.205943547566
0.204722905967
0.20336020047
0.201780953648
0.199887309165
0.197555188415
0.194619183724
0.190853626413
0.185776440118
0.179350278356
0.1696221135
0.155173353355
0.132499051966
0.0975125860401
0.0431214525603
0.234344626971
0.234207077286
0.233960125113
0.233600067819
0.233176023095
0.232691010418
0.232187537619
0.231681218501
0.231196827468
0.23074697687
0.230342874892
0.229991971706
0.229699849657
0.229471873727
0.229312192058
0.229221933315
0.229193741451
0.229207051405
0.229278331511
0.229356901657
0.229416740747
0.229455991017
0.229478634413
0.22948851499
0.229489500764
0.229485171581
0.229479052183
0.229475761094
0.229482790113
0.22949666306
0.229507293757
0.229514431714
0.229519959702
0.229524264343
0.229527067942
0.229528143485
0.229527443098
0.229525102323
0.229521289242
0.229515719486
0.229507110586
0.229493131383
0.229470612846
0.229437380007
0.229392540852
0.229316736456
0.229166701065
0.228895018893
0.228455246624
0.227804522266
0.226909237918
0.225748872352
0.22432165177
0.222647733157
0.220765580313
0.218736569163
0.216690504889
0.214745910096
0.212746510592
0.211158237545
0.209725799547
0.208480286807
0.207371436353
0.206317735123
0.205245527112
0.204083642146
0.202772705604
0.201267748524
0.199487195288
0.197325892072
0.194647789428
0.191269639341
0.186950571164
0.181222044739
0.173659531078
0.162770027042
0.147382311629
0.123932274444
0.0894406555156
0.042893593683
0.233953204629
0.233833888065
0.233619982292
0.233308644109
0.232942698646
0.232523175309
0.232088445594
0.2316505333
0.231229490417
0.230834272411
0.230474365481
0.230159263255
0.22989669244
0.229692935636
0.22955368358
0.229480179846
0.229454825125
0.229457932682
0.229499011028
0.229543106857
0.229574125685
0.229589632299
0.229590785168
0.229579868821
0.229560470457
0.229536701628
0.229512475463
0.229492335041
0.229483382051
0.229490899072
0.229502887257
0.229511375645
0.229517339525
0.229521782179
0.229524457862
0.229525045506
0.229523202198
0.229518465083
0.229510338243
0.229498090633
0.229480175811
0.229453973775
0.22941574548
0.229363001543
0.229290854497
0.229166063024
0.228931961268
0.228532328494
0.227916432558
0.227044160322
0.225891994933
0.224455624134
0.222755754898
0.220835704246
0.218752968599
0.216610838832
0.21453813988
0.212447984011
0.210804722323
0.209322704509
0.208026782707
0.206907238006
0.205875796008
0.20485232303
0.203767753522
0.202556022667
0.201155803343
0.199506615322
0.197531795001
0.195124199437
0.192138654519
0.188379519803
0.183585635354
0.177321384025
0.168891353389
0.157790962653
0.142348613383
0.119341607301
0.0855409913238
0.0427657639074
0.233659935158
0.233556982641
0.23337303179
0.233105547178
0.232791837001
0.232431417994
0.232058951359
0.231681698767
0.231315397964
0.23096728749
0.230648209955
0.230368461094
0.230136592309
0.229958893428
0.229840082543
0.229781593764
0.229751846416
0.22973772563
0.229746380011
0.229755786709
0.229756541773
0.229745850454
0.229722962457
0.229689360843
0.229648328582
0.229603933632
0.229560299684
0.229522030865
0.229495414037
0.229489624888
0.229500163646
0.229510651605
0.229517381707
0.229521808717
0.229524204335
0.229524076066
0.229520957837
0.229514078072
0.229502247542
0.229484023139
0.22945748349
0.22941983864
0.229366912635
0.229295938971
0.229195731414
0.229017487352
0.228693394807
0.228161302844
0.2273696089
0.226284092408
0.224893305542
0.223210308396
0.221278141174
0.219157888491
0.216929927465
0.214760079665
0.212736807626
0.210681719238
0.209174435842
0.207850009189
0.206702537069
0.205678392817
0.204693403064
0.203675011102
0.202559715719
0.201286995496
0.199795993984
0.198016042092
0.195861253262
0.193230304903
0.189977594556
0.185901375594
0.180730209018
0.174074538058
0.165213322853
0.154084837256
0.138612913464
0.116418958349
0.0835324584361
0.0432245028207
0.233453424037
0.233364880408
0.233207515418
0.232978808018
0.232711314734
0.23240351013
0.232085663338
0.23176043061
0.231441920108
0.231136925872
0.230856634768
0.230611812523
0.230410075989
0.230257391329
0.230156452744
0.230108874373
0.230070716539
0.2300358217
0.230011398391
0.22998647979
0.229956746613
0.229918836522
0.229870942698
0.229814163954
0.229751284752
0.229685999428
0.229622364527
0.229565182618
0.229520565854
0.229496888408
0.229499602978
0.229512226125
0.229520541402
0.229524977651
0.229527041016
0.229526097483
0.229521432473
0.229512332255
0.229497216007
0.229473754245
0.229439368988
0.229391037473
0.229324333566
0.22923619933
0.229106284653
0.228869650131
0.228450135576
0.22778252433
0.226817645518
0.225529814247
0.223921235855
0.22202337392
0.219899789995
0.217626248315
0.215319964787
0.21315816355
0.211020182089
0.209360735964
0.207953776709
0.206740961719
0.205697587585
0.20473171812
0.203763258877
0.20272661205
0.201563496318
0.200217794555
0.198631945229
0.196741428479
0.194435433923
0.191603653794
0.188115865648
0.183778757302
0.178319497221
0.171378883433
0.162365941156
0.150795354949
0.135311568508
0.114409541489
0.0829511528922
0.0444508704596
0.233322705498
0.233246831719
0.233112429185
0.232917215818
0.232689672843
0.232427519459
0.232156213063
0.231875954637
0.231599987227
0.23133506092
0.23109152905
0.230879658261
0.230706065485
0.230575617728
0.230490061917
0.230447615764
0.230398370279
0.230342075719
0.230285635075
0.230228046766
0.230168756267
0.230103932518
0.230031388297
0.229951901366
0.229867651278
0.229781832775
0.229698179715
0.229621644038
0.229558469305
0.229516502347
0.229505145804
0.229516972969
0.229527706792
0.229532304187
0.229533841986
0.229532096891
0.229525678725
0.229513988441
0.229495601768
0.229467464743
0.229426072205
0.229367872321
0.22928833962
0.229183831785
0.229021635693
0.228721523089
0.228201983408
0.227397532769
0.226264461764
0.224787729234
0.22298465099
0.22090529502
0.218628539242
0.216248058486
0.213944749709
0.211873540882
0.209734350619
0.208255738509
0.206997498841
0.205911202957
0.204943424739
0.204007666104
0.203032707491
0.201959662388
0.200735244514
0.199307116179
0.197620346589
0.195617487625
0.193198190203
0.190218737864
0.186526661884
0.181959746786
0.176259489669
0.169068658744
0.159863406491
0.147819401856
0.132758638745
0.113173748587
0.0832405122172
0.0458666375892
0.233258133803
0.233193087242
0.233077781511
0.232910651475
0.232716673031
0.232492695601
0.232261004085
0.232019919939
0.231782104049
0.231553792237
0.231344376255
0.231162444742
0.231014072695
0.230902430544
0.23082932295
0.230787256698
0.23072602183
0.230649322797
0.230563089422
0.230475407244
0.23038827096
0.230297769326
0.230201723857
0.230100592603
0.229995872683
0.229890205751
0.229786967976
0.229691001586
0.229608931336
0.229548891647
0.229520222036
0.229526097859
0.22953968755
0.22954489725
0.229545523896
0.229542956375
0.229534833254
0.22952017664
0.229498155801
0.229465539372
0.229417886705
0.229350685243
0.229259400238
0.22913892299
0.228941040367
0.228572536672
0.227949461188
0.227008758255
0.225714755822
0.224064671778
0.222092423555
0.219865601399
0.217473528745
0.215035429897
0.212754543644
0.210648598954
0.208868665414
0.207476890949
0.206313707965
0.205319686731
0.204397172164
0.203466572714
0.202465866644
0.201342206704
0.20004633256
0.198528351517
0.196734196607
0.194602399103
0.192060745562
0.188982892419
0.185189742562
0.180469878777
0.17457251253
0.167162859624
0.15777762445
0.145530469569
0.130893450412
0.112323960672
0.0837744689845
0.0469164491284
0.233251045896
0.233195006472
0.23309474874
0.232950252228
0.232783523379
0.232590616511
0.232392148285
0.232185058316
0.231981332029
0.231785702712
0.231607127825
0.231451738253
0.231325401333
0.23122948747
0.231166565006
0.231122583667
0.231049565572
0.23095345026
0.230840246492
0.230725351073
0.230612558523
0.230498197749
0.230380183248
0.230258677982
0.230134652636
0.230009981721
0.229887840489
0.22977275441
0.229671560547
0.229592900273
0.229546293171
0.229541479595
0.229556968868
0.229563480808
0.229562894136
0.229559374701
0.229549903396
0.229532242627
0.229506109336
0.229468822102
0.229415399197
0.229340000748
0.229238181944
0.229101604818
0.228864013688
0.228422677934
0.227693856007
0.226619471458
0.225173874708
0.223367813228
0.221252526471
0.218909221697
0.216441229753
0.214020743328
0.211802191361
0.209575973164
0.208132529571
0.206900976653
0.205849010351
0.204920219349
0.204019239146
0.203075982264
0.202036455702
0.200853268964
0.199480523906
0.197870024509
0.195967822621
0.193710548555
0.19102029477
0.187799000291
0.183905636657
0.179124905016
0.173188280946
0.165755046874
0.156360826846
0.144198018973
0.129969366376
0.112182407018
0.0848899622255
0.0480972093075
0.233294028158
0.233245576525
0.233155873402
0.233028537697
0.232882797419
0.232714569374
0.232543200939
0.232364976012
0.232191069095
0.232023988215
0.231872578375
0.23174048645
0.231633046451
0.231550751701
0.231496819005
0.231450722907
0.231366958805
0.231252344768
0.231115243814
0.230976124824
0.230840173575
0.230704042466
0.230565761282
0.230425276678
0.230283090309
0.230140383019
0.229999982988
0.229866320601
0.229746218041
0.229648682973
0.229583864147
0.229564379868
0.229579116467
0.229588126183
0.229586659162
0.229582056706
0.22957178119
0.229551572637
0.229521063175
0.229478689872
0.229419655145
0.229336666251
0.229225590853
0.229072051429
0.228790409745
0.228272530435
0.2274372271
0.226233706764
0.224647747281
0.222704890362
0.220472863792
0.218040078482
0.215533144228
0.213179682553
0.211033999531
0.208989406908
0.207651177647
0.206537743186
0.205577165225
0.204686314208
0.203785547482
0.202815553682
0.201728660132
0.200481645797
0.199031157604
0.197330177391
0.195324672156
0.192949811767
0.190124977019
0.186746765861
0.182678586502
0.177757108338
0.171736210116
0.164289634791
0.154963163369
0.143121013957
0.129257893476
0.111844095539
0.0853735144494
0.0487899893799
0.233381296046
0.23333924586
0.233255115441
0.2331394668
0.233008468146
0.232858853077
0.232708713524
0.232554079868
0.232405336193
0.232262712904
0.232134322454
0.232022644849
0.231931445306
0.23186113724
0.231815990018
0.231768982515
0.231676392286
0.231544853938
0.231387096058
0.231226876902
0.231070407582
0.230914748228
0.230757973418
0.230599911567
0.230440641568
0.230280966367
0.230123012928
0.229971254099
0.229832683797
0.229716646952
0.229634242425
0.229598437848
0.229608392564
0.229620355544
0.229618326866
0.229612180714
0.229601403872
0.229579434
0.229544709448
0.22949687944
0.229432119096
0.229341879358
0.229222743953
0.229050474197
0.228720440487
0.228123246675
0.22718234951
0.22585616286
0.22414281049
0.222083610968
0.219759672033
0.217266028062
0.214772579433
0.21248555975
0.210239825874
0.208666772455
0.207421785833
0.206376444512
0.205466633305
0.204590211323
0.203675356286
0.202670445007
0.201532732441
0.200222223257
0.198697564699
0.196912722163
0.194813752618
0.192335092871
0.189394786479
0.18588808235
0.181678624106
0.176588643384
0.170374865669
0.162725548068
0.153131553926
0.141526843244
0.127719978883
0.109550992051
0.0825226627551
0.0465216837609
0.233509372117
0.233471699218
0.233387998785
0.233278392703
0.233155768808
0.233018742634
0.232884037898
0.232747671734
0.232618789614
0.232496668562
0.232387149474
0.232292741199
0.232215896374
0.232156092818
0.232120088918
0.232073753587
0.231974991074
0.231829226571
0.231654380354
0.23147653401
0.231302521571
0.231129767769
0.230956442362
0.230782285024
0.230607103866
0.230431364855
0.230256796859
0.230087492024
0.229930756497
0.229796536302
0.229696529544
0.229644396106
0.229647360587
0.229662148522
0.229659684985
0.229651111503
0.22963960504
0.229616739435
0.229578463367
0.22952513021
0.229454436502
0.229357073103
0.229230840469
0.22903710006
0.228654638895
0.227976453646
0.226932544667
0.225492031797
0.223666192014
0.221511797546
0.219116097614
0.216588604685
0.214170821818
0.212000364449
0.209788186479
0.208439773847
0.207328068706
0.206365768524
0.20548897527
0.204612495005
0.203675274051
0.202632028563
0.201444106863
0.200074202821
0.198482687701
0.196624530191
0.194446212401
0.191882140049
0.188850064963
0.185245011567
0.180930935539
0.175729610592
0.169404769595
0.161615410539
0.151766489182
0.14016419071
0.126080457137
0.106522700019
0.0781109647727
0.0427634842587
0.23367620743
0.233640262422
0.233552344889
0.233442211064
0.233321155092
0.233190415377
0.233065190533
0.232941737109
0.232827257439
0.232721301262
0.232627046069
0.232546397881
0.232481755224
0.232431400497
0.232404364439
0.232360618204
0.232259272945
0.232102815505
0.231914884583
0.23172319197
0.23153501461
0.23134812994
0.231160612374
0.230972109968
0.230782406295
0.230591615148
0.230401231868
0.230215198495
0.230040671831
0.229888208254
0.229770314177
0.22970072393
0.229694968687
0.229713104077
0.229711384254
0.22969984886
0.229686991588
0.229663957576
0.229623204968
0.22956481832
0.229488096869
0.229383707254
0.229250987093
0.229032177509
0.228593811619
0.227834136861
0.226691400879
0.225146532883
0.22322509528
0.220997607871
0.218550628658
0.216019607731
0.21367612261
0.211508457236
0.209687748225
0.208428465056
0.207386960707
0.206483622755
0.205625204852
0.204739667722
0.203776140654
0.20269487384
0.201460680616
0.200038606438
0.19839066929
0.196473016954
0.194232999104
0.19160570583
0.18850955957
0.18484037412
0.180462694473
0.175199372084
0.168814974824
0.160920985727
0.151285752291
0.139475497002
0.124579634436
0.10394424021
0.0747894257077
0.0402611692462
0.233880400701
0.233843941498
0.23374774126
0.233630771937
0.233502881231
0.233371053619
0.233248976171
0.23313299061
0.233028008857
0.232933120286
0.232850526477
0.232780421555
0.232725147216
0.232682800269
0.232664139725
0.232623422975
0.232524435113
0.232363255702
0.232166690149
0.231964832537
0.231766101859
0.231568465553
0.231369711894
0.231169108979
0.230966535523
0.230761927233
0.230556551095
0.230354401134
0.230162730625
0.229992138455
0.229855891156
0.229767645934
0.229750034656
0.229771564701
0.229773074543
0.229759073966
0.229744108621
0.229721246414
0.229679224547
0.229616732845
0.229534177965
0.229423085571
0.229284041642
0.22903601358
0.228539026336
0.227698582123
0.226462634502
0.224824679139
0.222825309459
0.220544480693
0.218071380083
0.215597501082
0.213343132635
0.211072875485
0.209642729965
0.208528361625
0.207569368814
0.206708859097
0.205859490703
0.204961094795
0.203971227215
0.202855290719
0.201581371684
0.200116784715
0.198425287267
0.196464506328
0.194183176343
0.191517805574
0.188388409165
0.184692415357
0.180295492027
0.175021825361
0.168592044731
0.160512840995
0.151042357651
0.139373949043
0.123469580915
0.101802681339
0.0720296904533
0.0378218984338
0.234122391789
0.234083311559
0.233974282917
0.233844949804
0.233702699699
0.233561082365
0.233433745126
0.233319589499
0.233219324433
0.233130346234
0.233055025635
0.23299230123
0.232943580788
0.232906935816
0.232895127115
0.232856720896
0.232764921587
0.232606622007
0.232407541352
0.232199458938
0.231993973311
0.231789563956
0.231583008323
0.231373032471
0.231159551563
0.230942481793
0.2307231977
0.23050555577
0.230297086448
0.230108767433
0.229953964672
0.229846652542
0.229812878687
0.229836052851
0.229843971154
0.229829249931
0.229811525368
0.229788621784
0.229746354714
0.229681087171
0.229593274529
0.229476297257
0.229330580166
0.229049074167
0.22849164443
0.227572347705
0.226250078482
0.224531758114
0.22247237636
0.22015257856
0.217674298476
0.215307750849
0.213178073014
0.211011050773
0.209753264104
0.208745811408
0.207862096329
0.207030819803
0.206182636098
0.205269369235
0.204255276263
0.203110076478
0.201804842774
0.200309147364
0.198588685942
0.196602971951
0.194302736952
0.19162670774
0.188497343882
0.184814111195
0.180445668499
0.175219146834
0.168816987673
0.161089978823
0.1513756036
0.139308311062
0.122707855554
0.100359941178
0.0701322181749
0.0357128896021
0.234403937916
0.234360480935
0.23423360216
0.234085592948
0.233922754115
0.233763724735
0.233622895944
0.233501806313
0.23340028452
0.233312734982
0.233240047653
0.233180605362
0.23313513356
0.233101865748
0.23309387121
0.233056815641
0.232975740192
0.232828441985
0.232634411132
0.232425554026
0.23221779343
0.232010637449
0.23179978643
0.231583597737
0.231361555381
0.231133608309
0.230901441126
0.230669296328
0.23044456206
0.230238819825
0.230065665788
0.229939747479
0.22988599689
0.229906333879
0.22992321894
0.229910395355
0.229889631551
0.229866061778
0.229824270904
0.229757803316
0.229665690762
0.229544295576
0.22939095848
0.229072089906
0.228453405579
0.227458287791
0.226057564836
0.224272974604
0.222172070114
0.219828164492
0.217368035804
0.215096239521
0.212985786321
0.211215204887
0.210041623565
0.209086126299
0.208249236334
0.207435533286
0.206584617786
0.205657150729
0.204622932595
0.203455442808
0.202128572353
0.200614254724
0.198880443222
0.19688908089
0.194593685133
0.191936294668
0.188843000883
0.185216161797
0.180925752243
0.175757803063
0.169304288174
0.161900468123
0.152622116301
0.140090858644
0.123012299399
0.100243241155
0.0696456708601
0.034287071801
0.234728975219
0.2346794673
0.234529876955
0.234356252582
0.234165276188
0.233981735197
0.233820799471
0.233684371917
0.233573385106
0.233481085887
0.233407030811
0.23334671119
0.2332999107
0.233266541794
0.233258028662
0.233221629381
0.233152600355
0.233024571492
0.232845288747
0.232642627153
0.232437449763
0.232231324692
0.232019778003
0.231800551603
0.231572580022
0.231335646801
0.231091785653
0.230845898183
0.230605848306
0.230383253531
0.230192106315
0.230048102692
0.229972837798
0.229983479912
0.230009790081
0.230001774791
0.229978483364
0.229953726924
0.229912960755
0.229846964958
0.229751752715
0.229628041302
0.229465432492
0.229106084952
0.228426457212
0.227359702308
0.225889213585
0.224052659139
0.221926210091
0.219578052018
0.217186157438
0.215004203847
0.212790971214
0.211442014584
0.210407012008
0.20951905251
0.208715724993
0.207912119665
0.207057032818
0.206117708033
0.205068593263
0.203886567017
0.202548264938
0.201028153479
0.199296842195
0.197319361891
0.195052983499
0.192444523484
0.189425861897
0.185907323456
0.181767420488
0.176770427854
0.170751832451
0.163300476976
0.154273788856
0.141816129704
0.124797086781
0.101965313342
0.0712205962542
0.0340910555835
0.235101952497
0.23504536238
0.234869046976
0.234663224654
0.234436136443
0.234219419642
0.234030509464
0.233872570534
0.23374499851
0.233641030336
0.23355932535
0.233493557723
0.233441399173
0.233403277073
0.233389470474
0.233351475948
0.233295578125
0.233190905393
0.233037101594
0.232850092088
0.232653051468
0.232451579495
0.232242622538
0.232023503819
0.231792533428
0.231548864058
0.231294774198
0.231036149834
0.23078145841
0.23054277927
0.230334274955
0.230171783463
0.230074870134
0.230069186907
0.230102831085
0.23010246011
0.230078312456
0.230052449522
0.230013215609
0.229949234493
0.229852104551
0.229728560636
0.229554200917
0.229152207941
0.228413085672
0.227280202015
0.225750109671
0.223875862558
0.221733546454
0.219397659457
0.217129188785
0.215080476433
0.212909178204
0.21176938048
0.210845886314
0.210026609446
0.209249505883
0.208451371085
0.207591938142
0.20664393657
0.205585636342
0.204396974004
0.203057307248
0.20154385422
0.199830336135
0.197885615169
0.195671785468
0.193142014343
0.190236004689
0.18687439478
0.182932403766
0.178189164909
0.172786766113
0.165954616948
0.157256405109
0.145318714556
0.128886265712
0.106268525708
0.0752739222395
0.0348602853349
0.235528736255
0.23546424077
0.235258164091
0.235014502919
0.234743942411
0.234485093088
0.234258951284
0.234071436525
0.23392134272
0.233800322129
0.233705059341
0.233628828916
0.233566668303
0.23351893872
0.233492928461
0.233450676947
0.233408073921
0.233328413168
0.233208428356
0.233046844105
0.232864356396
0.232671857698
0.232468432998
0.232251991753
0.23202075183
0.23177331071
0.231510826627
0.231240689733
0.230972481804
0.230718579597
0.230493461427
0.230312255133
0.2301938596
0.230166873659
0.230203826242
0.230213294912
0.230190643941
0.230164219723
0.230126840633
0.230065946646
0.229967777431
0.229846916476
0.229657447737
0.229211485041
0.228415122384
0.227222671195
0.225645243241
0.22374914055
0.221598202583
0.219283979195
0.21713551488
0.215169945438
0.213332137868
0.212249952527
0.21137300339
0.210597565835
0.209838627228
0.209043742023
0.208181014518
0.207227919781
0.20616605784
0.204978191732
0.203646422595
0.202150969313
0.200469150874
0.198574472902
0.196435050912
0.194012511804
0.191257411482
0.188101515415
0.184421663966
0.180175510127
0.175297993704
0.169514692447
0.161800321138
0.151280953404
0.136596879639
0.115409855703
0.0840266282434
0.0359692957113
0.236014043027
0.235941743869
0.23570439701
0.235418782388
0.235098812048
0.234789814928
0.234517196382
0.234290805836
0.234110331586
0.233966457472
0.233853644071
0.233763411363
0.2336882135
0.233628148134
0.233582079697
0.233533144163
0.23349770749
0.233442741508
0.233360757981
0.233233352451
0.233072884627
0.232893549925
0.232698366083
0.232486550696
0.23225714702
0.232008708667
0.231740775972
0.231460426092
0.231179588225
0.230911639144
0.230671247578
0.230472227652
0.230333296401
0.230283333844
0.230318091436
0.230338048967
0.230318727036
0.230292055766
0.230256351759
0.230198878751
0.230100088954
0.229984073677
0.229775424522
0.229284817512
0.228433718578
0.227188243312
0.225576437975
0.223675146083
0.221529463269
0.219262037008
0.217193014256
0.21516344867
0.213778126474
0.212791483728
0.211963055442
0.21121796241
0.210471818596
0.209679573255
0.208815302935
0.20786061761
0.206800192377
0.205619495977
0.204303422519
0.202835435447
0.201196926783
0.199366845785
0.197320502434
0.195030344483
0.192459953473
0.189556569799
0.186273824093
0.182730323488
0.178634844222
0.174036784001
0.168008108681
0.16001167314
0.149071853946
0.133368094091
0.107673180692
0.053603046279
0.236562493293
0.236482821442
0.236214194444
0.235884442219
0.235511218738
0.235145970895
0.234818923994
0.234544622678
0.234325060587
0.23415117738
0.23401558153
0.233908251004
0.233819540388
0.233747433323
0.233676744935
0.233617135581
0.233580747593
0.233547527298
0.233504063187
0.233415524422
0.233282690252
0.233120060239
0.232935051289
0.232729343289
0.232503312505
0.232255680737
0.231985446377
0.231697081198
0.231404432376
0.231123021892
0.230867990681
0.230652789999
0.230494994169
0.230423409038
0.230451699654
0.230481412373
0.23046623809
0.23043907299
0.230404304531
0.230349797165
0.230250434833
0.230140807498
0.229908623115
0.229373323243
0.22847006431
0.227177264717
0.225541764775
0.223646583506
0.221524880821
0.219359144938
0.217379449043
0.215249201474
0.214215341223
0.213358774934
0.212595803431
0.211876773563
0.211139752426
0.210349568358
0.209485217149
0.208531747288
0.207476595848
0.206307816341
0.20501311589
0.203579393302
0.20199251342
0.200237621873
0.198298334688
0.196159603816
0.193794883149
0.191182009985
0.188423434658
0.185621703495
0.182686871535
0.179415824155
0.175403277225
0.17044591202
0.164217705992
0.156575495448
0.146751519826
0.138632704388
0.237175482574
0.237089941914
0.236791954314
0.236418257386
0.235990622978
0.23556579142
0.235178813101
0.234849276923
0.234582632089
0.234371450891
0.234207281627
0.234078987667
0.233975923409
0.233890263242
0.233796227308
0.233725186473
0.233684554136
0.233666756966
0.233655603029
0.233604645245
0.233501393676
0.23335720575
0.233182955559
0.2329839444
0.232762028336
0.232516036104
0.232245455225
0.23195201772
0.231648499091
0.231354140209
0.231084907069
0.230853980686
0.230678564916
0.230586940749
0.23060702825
0.230645812655
0.230635417744
0.230607417043
0.230572672848
0.230520143696
0.230420126037
0.230317550455
0.230057779575
0.229478554289
0.228526343036
0.227192019904
0.225540691326
0.223652525646
0.221563906061
0.219544551289
0.2176973736
0.215683472743
0.214757991295
0.213975492861
0.21326314184
0.212563793053
0.211832822593
0.211043911572
0.210180226728
0.209229640081
0.20818199288
0.20702775215
0.205757384976
0.204361286648
0.202830016322
0.201155565845
0.199330904641
0.19735421723
0.195209883634
0.192977257904
0.190837847337
0.188800049785
0.187041539086
0.185198604097
0.183194351326
0.181021224975
0.17863305666
0.176304713875
0.173753513186
0.174282181399
0.237852530072
0.237762882016
0.237439039967
0.237024063272
0.236543909145
0.236059586872
0.235610637862
0.235221615454
0.23490218659
0.234647882663
0.234450285216
0.234298061754
0.23418048445
0.234076785751
0.233965366332
0.233885101966
0.233838167327
0.233826158152
0.233836500771
0.233816041496
0.233739590979
0.233612688752
0.233448096542
0.23325500503
0.233036816701
0.232792487743
0.232521884998
0.232226232372
0.231913385681
0.231605760671
0.231322506292
0.231076054614
0.230883571478
0.230772669595
0.230783848708
0.230831355145
0.230826682197
0.230797917853
0.230762604909
0.230710851561
0.230610301092
0.230514307648
0.230223599489
0.229601982517
0.228605246662
0.227237501786
0.225579198608
0.223694423746
0.221634927514
0.219741137239
0.217968402509
0.216331350384
0.215404526907
0.214642092256
0.213955666727
0.21326822463
0.21254065283
0.211751989646
0.210888752251
0.209941212094
0.208901289355
0.2077616502
0.206515366237
0.20515621477
0.203679375299
0.202083948908
0.200371732016
0.19855325151
0.196647668853
0.194864112806
0.19336741577
0.192227132276
0.191491990278
0.190988977516
0.190745725252
0.190809872207
0.191187066968
0.192104492885
0.193113014114
0.196208805732
0.238588230656
0.23849709336
0.238152565345
0.237701413134
0.237173744099
0.236633760514
0.236124932541
0.235676343763
0.235302190258
0.235002037809
0.234768760655
0.234592949592
0.234460393068
0.234333060296
0.234208415663
0.234120733737
0.234066038653
0.234050579045
0.234068814064
0.234066788204
0.234009489381
0.233895313471
0.233737167613
0.233547636307
0.233331501651
0.233087783742
0.232816387351
0.232519497152
0.232200502803
0.231879355223
0.231581114383
0.231319307085
0.23110969575
0.230979845224
0.230981248481
0.231036922342
0.2310391573
0.231010315146
0.230974508431
0.230922424465
0.230821886087
0.230730553751
0.230406329648
0.229743992365
0.228707871376
0.227317760051
0.225666027229
0.223790840387
0.221768900471
0.219939394527
0.218095554074
0.216920594822
0.216059105382
0.215329311878
0.214660445467
0.213979625838
0.213252754435
0.212462544468
0.211598174911
0.21065195044
0.209617546068
0.208489563687
0.207263440272
0.205936105465
0.204507208449
0.202982722782
0.201368757678
0.19968907845
0.198059900213
0.19677634494
0.195871337082
0.195578987262
0.195744159238
0.196389843508
0.197561925153
0.199278247059
0.201493442543
0.204257468385
0.20692201722
0.210646813944
0.23937421491
0.239284064425
0.238924934424
0.238444653296
0.237877228828
0.237288955743
0.236726556634
0.236222973722
0.235796855589
0.235452444053
0.23518547182
0.234990946449
0.234837634144
0.234684098594
0.234547601513
0.234452399283
0.234388068657
0.234360587016
0.234371829706
0.234372680225
0.23432275778
0.234213510858
0.234056445422
0.233866540577
0.233649591885
0.233404496583
0.233130947219
0.232831537583
0.232508852438
0.232175804843
0.231861602284
0.231583889778
0.231357303811
0.231208544901
0.23119856466
0.23126108684
0.231271387566
0.231243714024
0.231208233868
0.23115494474
0.231055609507
0.230965362736
0.230605632999
0.229903457367
0.22883218134
0.227430960952
0.22580090474
0.223956498528
0.222017579195
0.220237257093
0.2182578185
0.217446899144
0.216700779602
0.21602113765
0.215367252119
0.214688412707
0.213958563539
0.213163648702
0.212294806614
0.211345890828
0.210311901061
0.209189030018
0.20797472758
0.206668835213
0.205275611865
0.203807656526
0.202272234566
0.200738125616
0.199364305559
0.19847290085
0.19824179795
0.198593861219
0.199515583077
0.201076919152
0.20330080008
0.20615354347
0.209517400936
0.21327697523
0.216695149283
0.220492581312
0.240196923572
0.240110523157
0.239743517067
0.239242492491
0.23864513949
0.238018806564
0.237412755076
0.236863002522
0.236392292581
0.236009630416
0.2357159232
0.235508483915
0.235326733529
0.235147907498
0.23499853509
0.23489296083
0.234815278068
0.234767569568
0.234757489908
0.234744668659
0.234688085978
0.234573693688
0.234410703281
0.234215258664
0.233993719252
0.233744577619
0.233466957891
0.233163328239
0.232837045126
0.232494339793
0.232164330375
0.231870263514
0.231626771689
0.231459299819
0.231435686124
0.231502767139
0.231521901177
0.231496889744
0.231463172868
0.231408121094
0.231311916545
0.231217613653
0.230820997614
0.230078762351
0.228974491086
0.227569322578
0.225967567747
0.224174187354
0.222377590529
0.220697131166
0.218742309859
0.218031139515
0.217353972418
0.216711674186
0.216066311348
0.215384338319
0.214646875916
0.213842599708
0.212963942576
0.212005723023
0.210963656996
0.209834996697
0.208618559923
0.207316627013
0.205937831656
0.204498967591
0.203016511425
0.201682214636
0.20063220674
0.199986040306
0.200201627278
0.201047879093
0.202559431353
0.204791514891
0.207733209799
0.211303897711
0.215328180591
0.219575278248
0.223333759092
0.227061416113
0.241040329817
0.240959728274
0.240591268945
0.240078342343
0.239462036267
0.238809709014
0.238172392357
0.237588332789
0.237083775591
0.236671945546
0.236361320461
0.236142040032
0.235931331909
0.235729146496
0.23556389842
0.23544243021
0.235346026812
0.235270790942
0.235227451739
0.235186126872
0.235109161794
0.234979076375
0.234802479545
0.234595687885
0.234365261879
0.234109052966
0.233825243983
0.233515819573
0.233184680892
0.232834301298
0.232488732348
0.232178156479
0.231918052913
0.231732583597
0.231692976983
0.231761491573
0.231789566145
0.231768512605
0.23173825328
0.231681181992
0.23159096117
0.231486346556
0.231052403535
0.230269604991
0.229133287988
0.227725656429
0.226142927151
0.22439699807
0.222751856955
0.221173875059
0.219482679485
0.218697634974
0.218021150208
0.217391195871
0.21674608668
0.216055999911
0.215305726463
0.214485993997
0.213590035719
0.212613069397
0.211550714381
0.210400470998
0.209161246595
0.207836503061
0.206436900327
0.20498031778
0.2035295599
0.202349958738
0.201496128108
0.201229240887
0.201645980496
0.202784750077
0.204683768346
0.207345024197
0.21071665405
0.214677420129
0.21901348205
0.223429829797
0.227330214771
0.230956840263
0.241884860623
0.241811707321
0.241447506126
0.24093124325
0.240307233924
0.239641753668
0.238986721299
0.23838170798
0.237855651938
0.237424967588
0.237106626684
0.236874760473
0.236640708585
0.236416859561
0.236231539149
0.236087273597
0.235966240241
0.235858165967
0.235773137037
0.235692210848
0.235583769413
0.23542893602
0.235231660938
0.235007833975
0.234764169164
0.234497830702
0.234205728107
0.23388895412
0.233551401507
0.233194672687
0.232835068913
0.232507842886
0.232231400256
0.232028950407
0.231971444212
0.232037609329
0.232073862273
0.232057381804
0.232032140011
0.231973029042
0.23189253477
0.231770926211
0.23130060243
0.23047785211
0.229311767438
0.227900980223
0.226318376765
0.224595707068
0.22304139621
0.221472958239
0.220190835871
0.219360377554
0.218676669505
0.218046786335
0.217395401264
0.216692069272
0.215922866427
0.215079899221
0.21415678369
0.213148624784
0.212049997248
0.21085766187
0.20956857335
0.208185247305
0.206716694343
0.205188276887
0.20369206608
0.202510741714
0.201839927752
0.2017442836
0.202303209571
0.203622580793
0.205737938453
0.208621585056
0.212190572755
0.216292060521
0.220685819157
0.22504696484
0.228911832272
0.232209082839
0.242710541178
0.242645152775
0.242289276053
0.24177730716
0.241156458395
0.240490610187
0.239831474173
0.239218983918
0.2386838511
0.238244769081
0.237926711455
0.237683953235
0.237432954813
0.23718821833
0.236978385956
0.236805307646
0.236653748282
0.236508905207
0.236377805522
0.236251166926
0.236104434371
0.235918783251
0.235695552435
0.235449891601
0.235189046385
0.234909752357
0.23460747824
0.234281963314
0.233936468163
0.233573081737
0.233201839632
0.232858827104
0.23256703153
0.232349010922
0.232272787097
0.23233242414
0.232375118733
0.232362836166
0.232343585781
0.232282479352
0.232216200686
0.232071012157
0.231566537878
0.230706190495
0.229516004078
0.228105301507
0.226512292492
0.224801775863
0.223262801184
0.221579456403
0.220747565823
0.219973542243
0.219304026658
0.218670070411
0.218005690738
0.217282267548
0.216486116703
0.215609848493
0.214646838114
0.213591574812
0.212436696424
0.211177440426
0.209806324619
0.208323698276
0.206744141835
0.205134832436
0.203567421472
0.202195920229
0.201562531979
0.201501299457
0.202105414492
0.203482189575
0.205658352345
0.208591500881
0.212177892504
0.216241825545
0.220526390333
0.224699762175
0.228333648547
0.230838659279
0.243496659042
0.243437889755
0.24309235359
0.24259125619
0.241983840504
0.241329937011
0.240679684906
0.240072342264
0.239539394413
0.239101266383
0.238787134153
0.238537084839
0.238277749532
0.238013740052
0.237776315385
0.237570316553
0.237383203557
0.237199243912
0.237021897593
0.236848307736
0.23666071351
0.236441531845
0.236189442727
0.235918611158
0.23563739285
0.23534276392
0.23502885191
0.23469368202
0.234339442829
0.233968463188
0.233586918813
0.233229536894
0.232923596542
0.232691545237
0.232596949623
0.232646985374
0.232694173078
0.232684988277
0.232671960278
0.232608656098
0.232561240095
0.232386174996
0.231850161016
0.230955331263
0.229749649623
0.22834946598
0.226758044704
0.225091577654
0.223552089286
0.221730339877
0.221209299647
0.220541537508
0.219899112539
0.219256162601
0.218570024981
0.217817098331
0.21698340103
0.216060839472
0.215041456125
0.213918360968
0.212681368552
0.211324014171
0.209832267601
0.208213913259
0.206510449855
0.204707130401
0.202881943045
0.201470401082
0.200655867232
0.200477710922
0.201014587064
0.202332869003
0.204443228098
0.207294232734
0.210771093059
0.214685424247
0.218775716484
0.22270937494
0.226026810414
0.228428241377
0.244225616882
0.244167781161
0.24383205149
0.243347924958
0.242763978253
0.242133918105
0.241504678852
0.240913772587
0.240392361143
0.239961804873
0.239650976755
0.239400011528
0.239142056387
0.238862484011
0.238596893573
0.23835597867
0.238131032616
0.237908021072
0.237687154284
0.237468667619
0.237240912853
0.236988474635
0.236707223007
0.236409682722
0.236105954235
0.235794183995
0.235467613857
0.235122408488
0.234759310127
0.23438059836
0.233989252617
0.233618511385
0.233299534448
0.233054534471
0.232942083231
0.232981259773
0.233031923182
0.233024711526
0.233017296866
0.232951044615
0.232926610826
0.232715446682
0.232149484311
0.231221999177
0.230009289026
0.228633458694
0.227073238436
0.225515069687
0.224021630227
0.222195048867
0.221703804731
0.221090799293
0.220461288809
0.219799556937
0.219081027576
0.218287098861
0.21740283467
0.216417976544
0.215321413964
0.214103035283
0.212747713372
0.211246371758
0.209578590241
0.207786998218
0.205852978383
0.203663431812
0.201614389774
0.200005285287
0.198990989097
0.198649420819
0.199041757997
0.200211196222
0.202159508688
0.204833831309
0.208119507598
0.211827016181
0.215701913389
0.219395175594
0.222560521339
0.225206558399
0.244885840206
0.244811179647
0.244483716066
0.244023840443
0.243474036485
0.24287968561
0.242282822279
0.241718352809
0.241216240317
0.24079805033
0.240490109556
0.240247860005
0.239996690959
0.239707130341
0.239415591535
0.239140312573
0.238877838507
0.238618008135
0.238357791572
0.238098251771
0.237833271596
0.237550132024
0.237241905802
0.236918212977
0.236591092384
0.23626100561
0.235921146394
0.235565951431
0.235194436552
0.234808448554
0.23440836519
0.234024840678
0.233693518002
0.233436158459
0.233306119364
0.233334239268
0.233388718224
0.23338288399
0.233379854744
0.233309108486
0.233310574489
0.233057031998
0.232460764052
0.231499688811
0.230284561765
0.22894083148
0.227435509717
0.22603104292
0.224607447536
0.222924962099
0.222265204245
0.221628589833
0.220984716715
0.220291881233
0.219529821045
0.218682342691
0.217732821192
0.216667499519
0.215469781095
0.214122554501
0.212600798387
0.210887768871
0.208956524725
0.206870871025
0.204458375082
0.20196274899
0.199690345281
0.197866774603
0.196639071364
0.196090230943
0.196273805012
0.197222649823
0.198936280315
0.20136783504
0.204412709639
0.207895560727
0.211594959118
0.215097009986
0.218080494882
0.220129760292
0.24543703696
0.245331202694
0.245022298186
0.244599186819
0.244096071514
0.243549484321
0.242995599695
0.242466423733
0.241990345815
0.241588958664
0.241287183204
0.241055751495
0.240811466932
0.240523207053
0.240212585941
0.239906219663
0.239608829695
0.239314921862
0.239019337058
0.238724249306
0.238426851738
0.238117223544
0.23778615845
0.237438993232
0.237089063616
0.23674016162
0.236386662746
0.236021763897
0.235642597197
0.235250076506
0.234843032726
0.234447824001
0.234104021905
0.233834330797
0.23368664306
0.233703470458
0.23376296531
0.233758835108
0.2337587994
0.233681634336
0.233710630006
0.233408536618
0.232779834853
0.231781835818
0.230563379338
0.229245728428
0.227791659031
0.226526229303
0.2251316033
0.223685102082
0.222836604772
0.22213809187
0.221458481259
0.220723146004
0.219906650657
0.218992424342
0.217961553226
0.21679609736
0.215472324592
0.213962231547
0.212226095691
0.210236800759
0.207932590965
0.205290162072
0.202414114764
0.199684519338
0.197200887569
0.195156975695
0.1937016678
0.192915837368
0.192847690113
0.193526274319
0.1949555676
0.19710174013
0.199875891108
0.203124196891
0.20664527688
0.209910650692
0.212207071924
0.213798519709
0.245803430905
0.245687766366
0.245428669715
0.245062237459
0.244620116693
0.244132612673
0.243630911981
0.243144432549
0.242699898017
0.242318582729
0.242024614755
0.241797917861
0.241566487299
0.241292118285
0.24097227809
0.240640712117
0.240312542485
0.239987608752
0.239661890292
0.23933736025
0.239012822378
0.238681466534
0.238332861527
0.237966830534
0.237596269709
0.237228866177
0.236861575532
0.236487289828
0.236101302183
0.23570293074
0.235290309335
0.234885351219
0.234528950463
0.23424627931
0.234080115917
0.234083794103
0.234149500839
0.234148793534
0.234151387195
0.234066342878
0.234123735976
0.23376768464
0.233103837235
0.232065127877
0.230838342478
0.229527768822
0.228093424904
0.226894431677
0.22544097119
0.224321821617
0.223364547068
0.222600737855
0.221872573569
0.221084558576
0.220202478746
0.219207120192
0.218076379371
0.216787590377
0.215309774908
0.213605417054
0.211632486443
0.209354011156
0.206541133854
0.203185227821
0.200005673071
0.196996495186
0.194275295934
0.192011348836
0.190327520907
0.18929366279
0.188952014099
0.189331694929
0.190448076129
0.192289329682
0.194795984118
0.197844648121
0.201102004908
0.203974438983
0.205800057698
0.207118694065
0.245983853143
0.245899100076
0.245711539058
0.245417584186
0.245047331238
0.244626680418
0.244183594699
0.24374513599
0.243336265487
0.242977694805
0.24269207884
0.242466875239
0.242255563404
0.241999551267
0.24168281621
0.241335022152
0.240981640341
0.240629931652
0.240279409468
0.239930443696
0.239583867166
0.239235498735
0.238874985021
0.23849632281
0.23810914761
0.237724700069
0.237343780674
0.236960358424
0.236568421225
0.23616544006
0.235748651003
0.23533593969
0.234967094827
0.234670150744
0.234483778216
0.234469227713
0.234540954813
0.234546840443
0.234553460174
0.234460549507
0.234547185461
0.234133115494
0.233432194908
0.232350707264
0.231109958708
0.22978396708
0.228332206345
0.227115913781
0.225517401916
0.22476211396
0.223810151639
0.223002052625
0.222220375369
0.221370282824
0.220410586864
0.219318067956
0.218065507046
0.216622885733
0.214952018612
0.213014897507
0.210791213094
0.208062257719
0.204561490438
0.200847939941
0.197293863084
0.193992535145
0.191051234781
0.188590524336
0.186699838223
0.185431581205
0.184818815421
0.184892013698
0.185682986935
0.187214517737
0.189488010473
0.192360539435
0.195326421798
0.197533867427
0.199146466331
0.200381108177
0.246060044404
0.246033939201
0.245904562742
0.245684633394
0.245388265602
0.245036399063
0.244654564544
0.244266941872
0.24389641287
0.243562811319
0.243286504256
0.243065328051
0.242868999912
0.2426322774
0.242333732619
0.241982237468
0.241611224062
0.241237987552
0.24086689087
0.240498167435
0.240134598925
0.239773630653
0.23940620677
0.239021771462
0.238623956635
0.238225512309
0.237831770239
0.237439395288
0.237042172464
0.236635854059
0.236216502519
0.23579841334
0.235418388187
0.235106337159
0.234898028778
0.234857355207
0.234932227584
0.234948455149
0.234961965432
0.234862356343
0.234979246018
0.234504623272
0.233766327063
0.232642910626
0.231385404064
0.230029794309
0.228545137464
0.227276423382
0.225524657129
0.225040034336
0.224165876371
0.223336887566
0.222499770191
0.221577818193
0.220527125742
0.219320001563
0.217921266518
0.216288786505
0.214376528552
0.21214925428
0.209514567924
0.206047226093
0.202129555161
0.198133866758
0.194307202996
0.190790537094
0.187686004893
0.185080193992
0.183031811178
0.181571143699
0.18071818425
0.180502560733
0.180970378954
0.182190112696
0.184229873442
0.186837048965
0.189307950868
0.191256716005
0.192800083367
0.193946819648
0.246096480876
0.24611938555
0.246028063934
0.245880644219
0.245655164738
0.245370034484
0.245048761837
0.244712428181
0.244381531518
0.244074548676
0.243809082066
0.243592828141
0.243402392412
0.243191323223
0.242917749291
0.24257679704
0.242198352988
0.241809732447
0.241422163523
0.241038625285
0.240661983639
0.240291944967
0.239921387405
0.239537412873
0.239136515848
0.238729102181
0.238324545459
0.237923596896
0.237521450643
0.237112833982
0.2366924281
0.236270944254
0.235881750485
0.235555312276
0.235325739255
0.235252904921
0.235324797206
0.235353999669
0.235376788903
0.235271555154
0.23541915653
0.234882511807
0.234108259868
0.23294657861
0.231674105653
0.230289188907
0.228786819853
0.227491921555
0.225683212189
0.225262007513
0.224456132615
0.223610453963
0.222712600838
0.221707192956
0.220550309269
0.219209409558
0.21763838623
0.215783869871
0.213603173614
0.211006161127
0.207606909947
0.203561132184
0.199399167249
0.195204795223
0.191194327637
0.187543401878
0.184352037581
0.181679028818
0.179550574695
0.177969673711
0.176939578548
0.176484001946
0.176664909558
0.177633173482
0.17941759456
0.181621766012
0.183627384895
0.185554160705
0.187107001869
0.188149353256
0.246129158858
0.24616823465
0.246111990556
0.246023568797
0.245860849861
0.245637538675
0.245373455639
0.245086904757
0.244795740347
0.244516652595
0.244264951959
0.244053274662
0.243867110187
0.24367540852
0.243428556958
0.243113033094
0.242740607378
0.242344524848
0.241945289495
0.241550867955
0.241164183053
0.240787947452
0.240417147311
0.240038249574
0.239641681378
0.239232502405
0.238821118278
0.238412830434
0.238006005144
0.237595679247
0.237175647227
0.236752961558
0.23635686012
0.236017811974
0.235769608759
0.235664925943
0.235724957695
0.235767177151
0.235799892268
0.235688726725
0.235866208837
0.235266599544
0.234459114925
0.233264435658
0.231982511051
0.230580620322
0.229092615178
0.227810283907
0.226033912293
0.225500793079
0.224709589566
0.223832326929
0.22286269042
0.221759764749
0.220479407213
0.218982381988
0.217209925707
0.215114930863
0.212680073801
0.209496979225
0.205317174894
0.20096988144
0.196553583852
0.192190914411
0.188083026368
0.184395375379
0.181217999599
0.178582656343
0.176479574492
0.174879190237
0.173759511322
0.173120921114
0.173071661524
0.173905207383
0.175373116625
0.177068243328
0.1789771683
0.180910026022
0.182387259707
0.183213853348
0.246170553208
0.246200000676
0.24618400534
0.246128809637
0.24601772616
0.245849045138
0.245636887035
0.245397185702
0.245144855651
0.244894382671
0.244659105338
0.244451297442
0.244268954159
0.244087659638
0.243869988372
0.24358426678
0.243233667263
0.242841181379
0.242436322659
0.242034448593
0.24164144444
0.241260970912
0.240891605921
0.24052065156
0.240134056329
0.239731392989
0.239319643415
0.238907092649
0.238496447675
0.23808478434
0.23766581081
0.237243843901
0.23684330504
0.236493551274
0.236227924067
0.236094149614
0.236134422223
0.236188276942
0.23623127813
0.236113702062
0.236319170886
0.235655791578
0.234818382318
0.233595883807
0.232311265186
0.230909906814
0.22946801236
0.228218656602
0.226492737844
0.225772194092
0.224943417007
0.224011072568
0.222954053381
0.221737416468
0.220314256404
0.218634541443
0.216630427417
0.214279890516
0.211425167311
0.207434847571
0.202952582073
0.198311961416
0.193671289461
0.189203248866
0.185091356218
0.181478751143
0.17843611979
0.175964929667
0.174016480149
0.172525142143
0.171423470183
0.170669394028
0.170500937027
0.17111053021
0.172392866198
0.173956289684
0.175803443612
0.177586766461
0.178843788463
0.179261346703
0.246210877814
0.246221555436
0.246235638626
0.24619762512
0.246132396592
0.246012408783
0.245847085406
0.245650666554
0.24543555304
0.245213907211
0.244997206968
0.244795847515
0.244616153193
0.244441432102
0.244243842996
0.24399250569
0.243675042568
0.243298930884
0.242896361017
0.242491308128
0.242094952712
0.241711816409
0.241344494676
0.240982394233
0.240609341076
0.24021995108
0.239816305807
0.239405257761
0.238993409455
0.238581375525
0.238164235157
0.237744300156
0.237341096563
0.2369820053
0.236699056513
0.23653562173
0.236547314117
0.236611578868
0.236667919844
0.236545301017
0.236776833924
0.236048569796
0.23518420608
0.233937398783
0.232655521982
0.231270407986
0.22989442326
0.228679849231
0.227005519945
0.226076278183
0.225166092366
0.224152352372
0.222989808136
0.221642008294
0.220055295471
0.218167973806
0.215917543699
0.213243436078
0.209561214249
0.205112555712
0.200429621953
0.195599299772
0.190825975917
0.186337596172
0.182321944071
0.178901840349
0.176121155157
0.173946197614
0.172290247513
0.171054101578
0.170108388289
0.169429918767
0.169488310665
0.169962161757
0.170805629182
0.172348066716
0.174020960577
0.175509887682
0.176477517722
0.17651785807
0.246243724344
0.246243901088
0.246267783431
0.246249055745
0.246215788794
0.246136288647
0.246012315221
0.24585499921
0.245674851237
0.245481772634
0.245285380288
0.245094378158
0.244916128538
0.244746854977
0.244564200878
0.244342358618
0.244057925865
0.243713307212
0.243325283576
0.24292312717
0.242525913937
0.242142350377
0.241776975853
0.241423665666
0.241066256255
0.24069384093
0.24030536348
0.239903852811
0.239495946863
0.239085901001
0.238671829796
0.238255339834
0.23785126874
0.237484016425
0.237184008038
0.236990338333
0.236962970724
0.23703339905
0.237107633694
0.236983443129
0.237239099178
0.236443523203
0.235554007096
0.234283768221
0.233006920054
0.231646569344
0.230338226022
0.22914616927
0.227527570058
0.226397637108
0.22537630066
0.224257668194
0.222971673011
0.221474549787
0.219701621542
0.217595867944
0.215125275177
0.211904086343
0.207435616071
0.202776695942
0.197892333463
0.192912123043
0.188084923047
0.183666936818
0.179850566164
0.176734921314
0.174328679344
0.172556957831
0.171300668663
0.170438794035
0.169814187071
0.169491277869
0.169462778827
0.169953445881
0.170782833191
0.172007050441
0.173290749321
0.174392460443
0.175028209131
0.174987906299
0.246273821731
0.246273743738
0.246290984371
0.246293039692
0.246274526173
0.246227824689
0.246139858037
0.246017378228
0.245869550389
0.245704308959
0.245529399709
0.245352019422
0.245178321812
0.245011678948
0.244838322855
0.244637228603
0.244387114629
0.244078640296
0.243719833403
0.243330463811
0.242936788968
0.242554680711
0.242190482333
0.241845422627
0.241504590486
0.241151433625
0.240782081841
0.240397213293
0.240000502778
0.239597127001
0.239188604809
0.238776982718
0.238373928416
0.238000272469
0.23768488846
0.237464056595
0.237393486714
0.237458151056
0.237552174081
0.237429749918
0.237706583809
0.23683914305
0.235924952239
0.234629461376
0.233356185406
0.232019627339
0.230762892119
0.2295716011
0.228017504154
0.226713016391
0.225566437703
0.224325490488
0.222900328268
0.221235846605
0.219256631029
0.216929375563
0.214108478495
0.21004086318
0.205359699451
0.200481824003
0.195397816565
0.190308552474
0.185499514705
0.181243695834
0.177725232392
0.175007297639
0.173050927108
0.171732746212
0.170909290619
0.170436730187
0.170102913303
0.169876884401
0.17010600384
0.170584856194
0.171287079077
0.172202307475
0.173142251471
0.173913095402
0.174256375279
0.174338625207
0.246302443949
0.246303712409
0.246309048305
0.246325027164
0.246316250082
0.246293612478
0.246236082186
0.246144458492
0.24602605971
0.245887448625
0.24573466629
0.245573463006
0.245408698752
0.245244023639
0.245077865078
0.244892802718
0.244668972316
0.244397372487
0.244076337646
0.243712529363
0.24332960983
0.242951333219
0.242590097942
0.242251168615
0.241924621779
0.241592416567
0.24124484712
0.240880578963
0.240501414706
0.240110870658
0.239712184473
0.239308303235
0.238908438373
0.238530754424
0.238202405208
0.237958060956
0.237848201558
0.237892041819
0.238003464737
0.237885757922
0.238179730101
0.23723371616
0.236294372826
0.234969700082
0.233695472191
0.232373713162
0.231141553468
0.229926590849
0.228445420616
0.227001503241
0.225728527797
0.224354275903
0.222776338763
0.220926802911
0.218736155915
0.216185719516
0.212704120929
0.20803253484
0.203210774054
0.198197694872
0.192969286065
0.187827189747
0.183110135952
0.179104111275
0.175969400102
0.173712687824
0.172233723984
0.171357602054
0.170914987134
0.170664527562
0.170431155033
0.170391944484
0.17068245965
0.171157917266
0.17177675039
0.172513061649
0.173239346544
0.173809379193
0.174010165505
0.174202845768
0.246328521994
0.246329609855
0.246331217156
0.246349080473
0.246351579169
0.246339943293
0.246306648906
0.246242058776
0.246150134814
0.246036542945
0.245906007786
0.245762902679
0.245611052647
0.245453312461
0.24529140473
0.245118579187
0.244917900504
0.24467572053
0.244391046208
0.244065343261
0.243705296962
0.243336288383
0.242979480039
0.242643970152
0.242329198446
0.242018292977
0.241694865598
0.241353996775
0.240996185219
0.240623828948
0.24023966016
0.239847055184
0.239453553741
0.239074725611
0.238736035792
0.238470360612
0.23832382909
0.238332874597
0.238458258066
0.238350803327
0.238659127212
0.237626201022
0.236660337903
0.235301024713
0.234019665771
0.232699754964
0.23146474314
0.230208920914
0.228802884359
0.227252768137
0.225859381775
0.224345096561
0.222601792811
0.220557612481
0.218170475746
0.215227344799
0.210911718872
0.206127645432
0.201132068338
0.195986355058
0.190638776806
0.185497450709
0.180947569301
0.177271338831
0.174586332332
0.172818685436
0.171794800332
0.171299920883
0.171104736651
0.170940899435
0.170763993351
0.170828656252
0.17118006198
0.171644109976
0.172206198155
0.172832059291
0.173425879343
0.173887877318
0.174060616173
0.174289967961
0.246352506355
0.246353888623
0.246356725735
0.246365538617
0.246376855558
0.246371950277
0.246356266062
0.246315088801
0.246246958383
0.246156442797
0.246047671569
0.245923860443
0.24578786201
0.245641768219
0.245486765987
0.24532244224
0.24513927109
0.244924004527
0.244670384664
0.244381799518
0.24405905055
0.243710510152
0.24336144809
0.243030299456
0.242724039326
0.242431556595
0.242133447413
0.241818903279
0.241485862913
0.241135606415
0.240770424188
0.240393118661
0.240009304721
0.239632426595
0.239286095221
0.239001082952
0.238819161765
0.238781526584
0.238913092242
0.238823375769
0.239146142785
0.238016649187
0.237021919185
0.235621517106
0.234326597804
0.232995236818
0.231737348065
0.230435826538
0.229100056035
0.227467156136
0.225961245913
0.224302656905
0.222383105806
0.220143643729
0.217524154277
0.213885138686
0.209097875079
0.204210833881
0.199105643864
0.193869235573
0.188424658749
0.183342237866
0.179037004781
0.175762935942
0.173569480159
0.172265710315
0.171629442603
0.171420882862
0.171347314502
0.171182236633
0.171062170266
0.171201845171
0.171593286449
0.172051503606
0.172573665453
0.173123958025
0.17362993861
0.174030691558
0.174225109455
0.174459803811
0.246374338698
0.246375751092
0.246378447595
0.246382453436
0.246395559178
0.246398189103
0.246389442439
0.246367699591
0.24632085559
0.2462513391
0.246163301636
0.246059233641
0.245941085561
0.245810276242
0.245667245999
0.245511600441
0.245341899225
0.245149192812
0.244924313846
0.244666961051
0.244382756514
0.244070274276
0.243739610322
0.243416015013
0.24311411198
0.242835547632
0.242562686034
0.242276950121
0.241971946748
0.241647405797
0.241304858852
0.24094653963
0.240576433349
0.240204842176
0.239853922545
0.23955279116
0.239340078509
0.23925369821
0.239370510291
0.23930201017
0.239641439416
0.238405120329
0.237378947186
0.235931025135
0.234617211649
0.233262666102
0.231970019989
0.230624462353
0.229352875459
0.227649895795
0.226037884632
0.224232354862
0.222141628362
0.219736792228
0.216686445868
0.212231939183
0.207385614493
0.202377788494
0.197170123195
0.191869000674
0.186342603778
0.181382001554
0.177400869409
0.174595521009
0.172904772233
0.171961110021
0.171644984072
0.171637339955
0.171526394152
0.171397369385
0.171332444505
0.171524627706
0.171928731754
0.172379036487
0.172870404456
0.173367954578
0.173816040051
0.174181434888
0.174412733867
0.174639193614
0.246394161605
0.24639553623
0.246398099837
0.246401931153
0.246408412929
0.246416599477
0.246411103169
0.246403657293
0.246375253934
0.24632478794
0.246256060655
0.246171470137
0.246072311874
0.245959391742
0.245832666473
0.245691121785
0.245533538428
0.245358920988
0.245160472648
0.244932342654
0.244679143865
0.244406130504
0.244109930093
0.243802268697
0.243507486567
0.243238101782
0.242985991747
0.242730232775
0.242456327233
0.242160879824
0.241844556706
0.241508747682
0.241156112635
0.240793738993
0.240441429152
0.240127922422
0.239889005874
0.239759369394
0.239835592367
0.239784429221
0.240142883153
0.238790411972
0.237731484741
0.236230817813
0.234894899649
0.23350866338
0.232178187062
0.230794426239
0.229580633883
0.227810147308
0.226092558552
0.224136629541
0.221889244755
0.219287735822
0.215544081398
0.210639795243
0.205703513672
0.200619171224
0.195336104884
0.189993245168
0.184399642621
0.179631557506
0.176054105344
0.173765826826
0.172538070211
0.171845908554
0.171866053949
0.1717947688
0.171707158198
0.171601413127
0.171574837006
0.171790103693
0.172193757677
0.172635187994
0.173101470605
0.173561699521
0.173973065531
0.174320323655
0.174590293279
0.17481189374
0.246412190008
0.246413506812
0.246415754613
0.246418783963
0.246421777639
0.246428648851
0.246430416899
0.246428037918
0.246413727902
0.246379871869
0.246328651127
0.246262648091
0.246182813433
0.246089424317
0.245982042254
0.245859306058
0.245719278649
0.245560697245
0.245383597928
0.24518443313
0.24496004645
0.24471771823
0.244461402833
0.244187315753
0.243908385594
0.243645457701
0.243408900708
0.243181992758
0.242941366028
0.242678186101
0.24239117723
0.242081279042
0.241750503041
0.241402172544
0.241052211148
0.240729594415
0.240468611696
0.24030019964
0.240317957722
0.240272299773
0.240649358995
0.23917143376
0.238079283069
0.236521656801
0.235161589247
0.233739994778
0.232385432739
0.230983825439
0.229813493795
0.227961665583
0.226131502926
0.224028161043
0.221645155178
0.218639221425
0.214088254982
0.209145490825
0.204100720254
0.198948854061
0.193612555476
0.188249750798
0.182603452807
0.178111978912
0.175012026923
0.173208370306
0.172318807938
0.172150506306
0.172051259811
0.171969766583
0.171886159118
0.171796105632
0.171789661327
0.172005512462
0.172400919339
0.172834275914
0.173280490093
0.173714596565
0.174104200783
0.174444980265
0.174749071
0.174986856954
0.246428722243
0.246429960471
0.246431867321
0.246434242043
0.246436551813
0.246438944205
0.246446303581
0.246443916469
0.246439028603
0.246418933138
0.24638334901
0.246334600901
0.246273706354
0.246200581723
0.246114381611
0.246013459927
0.245895514445
0.245758281529
0.245600861047
0.245424334289
0.245229525205
0.245015737001
0.244790542496
0.244556765797
0.244310915597
0.244065656255
0.243839502323
0.24363341869
0.243427122443
0.243199704118
0.242945121499
0.242663412226
0.242357310305
0.242028604641
0.241686516364
0.24135899596
0.241080911273
0.240882048673
0.24084323566
0.240781410851
0.241170504967
0.239550118664
0.23842110511
0.236801227587
0.235412624478
0.233954906077
0.232601694252
0.231202688162
0.230073118719
0.228118515926
0.226164226021
0.223934189268
0.221330683397
0.217498206947
0.212608211481
0.207649991684
0.202554258052
0.19736545187
0.191998526802
0.186638484641
0.180958229496
0.17685423141
0.174301140029
0.172896950861
0.172348774425
0.172417589083
0.172240183636
0.172137529786
0.172054866766
0.171977615251
0.171979935959
0.172182909694
0.172564628357
0.172991166882
0.173422286198
0.173839284165
0.174217841824
0.174558786408
0.174884756354
0.175158141025
0.246444000688
0.246445084128
0.246446623867
0.246448258021
0.246449587983
0.246450313332
0.246453586749
0.246456139329
0.246454467433
0.246444571949
0.246422380072
0.246389162528
0.246346205262
0.246293248759
0.246229014134
0.246151482333
0.246058067051
0.24594602696
0.24581325888
0.245659387466
0.245486496359
0.245301264151
0.245105753527
0.24490431142
0.244698912097
0.244488040472
0.244280524969
0.244093318747
0.243917408932
0.243727585153
0.243507363713
0.24325495162
0.242973500046
0.242666531747
0.242337774808
0.242010774511
0.241721357839
0.241499729303
0.241417287555
0.241327273496
0.241718940175
0.239928370037
0.238753157166
0.237063135222
0.235636978307
0.234141902162
0.232797766039
0.231372361223
0.230341440001
0.228290358306
0.226208466177
0.223877616601
0.220870854679
0.216089405119
0.211203559121
0.20620662126
0.201073806029
0.195871698596
0.190494507681
0.185154122996
0.179465455479
0.175881792183
0.173874118152
0.172739452626
0.172716974209
0.172541834832
0.172394683606
0.172288188085
0.172210616874
0.172146197454
0.172150438591
0.172332494142
0.172696677382
0.173118451525
0.173539905398
0.17394768633
0.174322893361
0.174666370381
0.174997762931
0.175324229874
0.246458147196
0.246458985925
0.246460182009
0.246460982771
0.246461242856
0.246460560761
0.24645994651
0.246463779682
0.246462590337
0.246459001362
0.246447755322
0.246428325227
0.246401888305
0.246368297261
0.246325895759
0.246272170236
0.246204144829
0.246118758404
0.246013403043
0.245886641353
0.245738951966
0.245573802015
0.245404178276
0.245234213047
0.245061336775
0.244891989857
0.244723714374
0.244559000743
0.244409474778
0.2442585994
0.24407568929
0.243852894144
0.243594432763
0.243307562214
0.242995047506
0.242673950156
0.242379337699
0.242141679752
0.24202345859
0.241905866078
0.242291951966
0.240302039087
0.23906748049
0.237295986807
0.235816688423
0.234280771751
0.232934709561
0.231472420078
0.230621228087
0.228506863855
0.226290129949
0.223673865193
0.219686406894
0.214733155588
0.20983075527
0.204802938334
0.19965458892
0.194461942174
0.189094633732
0.183784677569
0.178132429141
0.175182323097
0.173576829859
0.173002852205
0.172953142596
0.17271373036
0.172544267606
0.172429629528
0.172356625077
0.172305052793
0.172308355646
0.172466890668
0.172808118788
0.173225981937
0.173643983952
0.174050008422
0.174427991834
0.174778293467
0.175124279885
0.175504666581
0.246471175834
0.246471727939
0.24647264276
0.246472561998
0.246471757474
0.246469839553
0.246467770461
0.246466746121
0.246467446899
0.246464767436
0.246461628515
0.246454151744
0.246442691908
0.246427226364
0.246405817591
0.246375373695
0.246332383214
0.246273402752
0.246195544745
0.246097030363
0.245977805629
0.245840060603
0.245691051311
0.245536753745
0.245391001987
0.245256792544
0.24513081148
0.24501112008
0.244896975167
0.244782472553
0.244640602491
0.244449014473
0.244211101829
0.243939887382
0.243642297498
0.243331207882
0.243038299724
0.242792284895
0.242646730604
0.242506752977
0.24287928898
0.240663635424
0.239354108747
0.237484766069
0.235923454969
0.234325031365
0.232943667947
0.231496964158
0.23089888214
0.228790922314
0.226345697025
0.22299480782
0.218105463605
0.21329138003
0.208449338525
0.203432693479
0.198295291074
0.193133526859
0.187789471137
0.182517579145
0.176984008535
0.174729507126
0.173355687601
0.173382926903
0.173068645059
0.172842420865
0.172670672058
0.172559710088
0.1724986434
0.172465147553
0.172470298348
0.172606642791
0.172910903092
0.173315948755
0.17374217174
0.17415557244
0.174546096596
0.174923227589
0.175316499959
0.17573850358
0.246483120147
0.246483370869
0.246484037481
0.246483166444
0.246481314719
0.246478409053
0.246474971016
0.2464715001
0.246469191935
0.246467238644
0.246467082342
0.246469027554
0.246470946385
0.246472117068
0.246470388527
0.246462009005
0.246442760791
0.246408689098
0.246356590413
0.246284470427
0.246192027429
0.246080985367
0.245956022182
0.245823068744
0.24569141608
0.24557032427
0.24547240519
0.24539773452
0.245332307025
0.24526809702
0.245176056543
0.245022468194
0.244805774805
0.244545476055
0.244258860219
0.243959802668
0.243676007835
0.243431457519
0.243269709384
0.24311415072
0.243466446184
0.241005841716
0.239606097232
0.237620017291
0.235933211305
0.234218813517
0.232715493271
0.231237601923
0.230738084623
0.228831750121
0.225888830737
0.221503554628
0.216632183863
0.211870215577
0.207087547149
0.202106487492
0.196997344388
0.191881118958
0.186559679351
0.18133738007
0.176002795548
0.174292016853
0.173334942242
0.173447576744
0.173127509568
0.172909162955
0.172756359506
0.172668150909
0.172633677297
0.172630248291
0.172653263935
0.172772329521
0.173037176993
0.173416212148
0.173843687202
0.174278517674
0.174704290284
0.175141470231
0.175607898516
0.17605894318
0.246493985071
0.246493993087
0.246494338598
0.246492899251
0.246490191952
0.246486725672
0.246482572954
0.24647804235
0.246473065379
0.246470156537
0.246469047245
0.24647662106
0.246489594972
0.24650559194
0.246521868969
0.246533866193
0.246536423811
0.246524900631
0.246495697045
0.246446570125
0.246377007563
0.246288532775
0.246185073304
0.246072321102
0.245957766932
0.245849721783
0.245757286306
0.245689582387
0.245653804357
0.245642661393
0.245620053759
0.245529014554
0.245347812593
0.245099250235
0.244818534089
0.24453145558
0.244263919316
0.244032948017
0.24386919708
0.243704372208
0.244032439361
0.241322186853
0.239822802285
0.237707799611
0.235854565988
0.233968897584
0.232235628515
0.230503910447
0.22942927787
0.227564404849
0.224115468252
0.219609453693
0.215060809972
0.210453548776
0.205773048466
0.200843330089
0.195767702141
0.190696271066
0.185371107539
0.180205446706
0.175104779311
0.173770813546
0.173487662064
0.173261131719
0.173043350516
0.172875029458
0.172773657691
0.172736137834
0.172754635172
0.172806977097
0.172873623503
0.172984480402
0.173214372218
0.173571363322
0.173998593099
0.174458864076
0.174943136391
0.175468483455
0.176025033466
0.176494791481
0.246503722522
0.246503658768
0.246503457519
0.246501707481
0.246498638445
0.246495039797
0.246490839122
0.246485970063
0.246480165533
0.24647415689
0.246474189537
0.246482184173
0.246502751836
0.246531104661
0.246563229777
0.246593411585
0.246615344126
0.246623481588
0.246613723078
0.246583518034
0.246532172103
0.246461124685
0.246374071808
0.2462765061
0.246175283399
0.246077932723
0.245992204409
0.245925428543
0.245883486054
0.245872352512
0.245900261003
0.245906089976
0.245797328981
0.245574881687
0.245298159458
0.245023006271
0.244779083765
0.244574664152
0.244424441676
0.244251631162
0.244555425722
0.241612979873
0.240012701654
0.237771384586
0.235732853666
0.233656801665
0.23164585602
0.229523249964
0.227621111252
0.225320049865
0.221793688507
0.217809419893
0.21355092545
0.209107877691
0.204544273596
0.1996684707
0.194623715544
0.189581416909
0.184196456142
0.179029325783
0.173907098524
0.172729195365
0.173248459277
0.173039601195
0.172871545204
0.172737069478
0.172692825476
0.17272259535
0.172822667888
0.172962213484
0.173104974327
0.173256938515
0.173484170686
0.173829032129
0.174261484933
0.174757492308
0.17531080309
0.175932266047
0.176582750368
0.1770630063
0.246512131576
0.246512202986
0.246511423425
0.24650956583
0.24650673527
0.246503538909
0.246499791563
0.246494873329
0.246488546575
0.246481809272
0.246480154856
0.246489855514
0.246515826148
0.246553359661
0.246598531701
0.246643805973
0.24668196006
0.246706399747
0.246712393694
0.246696922885
0.246659048082
0.246600244014
0.246524274413
0.246436629802
0.24634386027
0.246252961667
0.24617088804
0.246104108029
0.24605813725
0.246037552221
0.246045980713
0.246090798485
0.246090244325
0.245931358998
0.245666712006
0.245404441517
0.245197188665
0.245043158975
0.24494077672
0.244777364615
0.245064840139
0.241911128686
0.240199229883
0.237847365582
0.235630759351
0.233373463886
0.231054609487
0.228478556791
0.226017889586
0.223242620702
0.21983330544
0.216063029316
0.212008915611
0.207766158946
0.203395657892
0.198615534737
0.193611079194
0.188577873814
0.183075579218
0.177834942534
0.172378352963
0.171651008443
0.172514507793
0.172530316564
0.172523604785
0.1725025857
0.172540489757
0.172672327818
0.172894862971
0.173147528703
0.173384446472
0.173617762354
0.173889380621
0.174234717537
0.174671991207
0.175202931975
0.17582637216
0.176540243239
0.177277423163
0.17776018729
0.246518795674
0.246519052321
0.246518170596
0.246516605636
0.24651459111
0.246512390015
0.246509338204
0.246504563532
0.246498233365
0.246491637772
0.246489239773
0.246501804904
0.246530349082
0.246575647418
0.24663210403
0.246688876684
0.246739390142
0.246775968327
0.246793657614
0.246788733775
0.246759865895
0.246708625722
0.246639073391
0.246556926576
0.246468615768
0.246380708827
0.246299543348
0.246231009197
0.246180247493
0.246151409897
0.246148114093
0.2461754597
0.246217991557
0.246143129132
0.245906384704
0.245659281219
0.245512060589
0.24546626461
0.245492606726
0.24539796735
0.245697699777
0.242292580088
0.240411247244
0.237975854645
0.235620117184
0.233211577471
0.230533558004
0.227374046327
0.224416972552
0.221363800092
0.217937788691
0.214252197099
0.210357107559
0.206406449575
0.202394745521
0.197786603568
0.192820522647
0.187760152659
0.182121762799
0.176902168941
0.171385682464
0.17151745324
0.171812379181
0.172053011393
0.172256957308
0.172407879026
0.172561837249
0.17279610475
0.173081555107
0.1733816805
0.173674562318
0.173972190573
0.174303257551
0.174700918535
0.175190121391
0.175782484863
0.176481613655
0.177279375145
0.178085445281
0.178552242026
0.24652330202
0.246523576528
0.246523210721
0.24652263773
0.246522066602
0.246521280788
0.246519211183
0.246515233211
0.24651001422
0.24650524214
0.246504756857
0.246516686793
0.246547762583
0.246598966414
0.246662049708
0.246728551776
0.246789364571
0.246834323754
0.246859844676
0.246861152028
0.24683683551
0.246788878577
0.246721936028
0.246642060539
0.246555544063
0.24646845804
0.246386566792
0.24631519428
0.246259100922
0.246222762057
0.246208809775
0.246212642283
0.246208882505
0.246157552158
0.246022579898
0.245812909678
0.245721890409
0.245814753139
0.246006558255
0.246065903789
0.246483312444
0.242775202813
0.240637183431
0.238163021376
0.235750332109
0.233299689644
0.230437865116
0.227025120067
0.223822995427
0.22068731245
0.217250127778
0.213540612647
0.209634112754
0.205781129427
0.201900718389
0.197345437947
0.192324843473
0.187170316287
0.18149172843
0.176482640183
0.170516905292
0.171484645001
0.171595129842
0.171868224652
0.172137559961
0.172379927998
0.172621699237
0.17289005256
0.173185943074
0.173501900256
0.173838694082
0.174214219534
0.174662859633
0.17521138703
0.175820740883
0.176473933428
0.177214676063
0.178084856846
0.178938298729
0.179365294358
0.246525505809
0.246525609146
0.246525874178
0.246526589143
0.246527629758
0.246528277061
0.246527423667
0.246524817337
0.246521486175
0.246519375336
0.246522017559
0.24653562947
0.246567748523
0.246620912049
0.24668920158
0.246761210511
0.246826062977
0.246878316772
0.246910975452
0.246916277226
0.24689291968
0.246844140505
0.246776265686
0.2466961021
0.246609680404
0.246522390461
0.246439306516
0.246365020507
0.246303180194
0.246255819889
0.246221741763
0.246195404138
0.246165341616
0.246116242821
0.246042456559
0.245970937717
0.245963814531
0.246058422583
0.24625124803
0.246412798531
0.246797502314
0.243187130476
0.240811154111
0.238339432086
0.235946646208
0.233611262201
0.231137994277
0.229092628623
0.226364859535
0.223412665149
0.220015863899
0.21620145138
0.211960517087
0.207361770537
0.202236471201
0.197278453617
0.192068877765
0.186746295486
0.181196492029
0.176749466662
0.169324276369
0.170726675211
0.171201775004
0.171659289503
0.172017237702
0.172329875622
0.172630131929
0.172939042424
0.173263554219
0.173606017776
0.173972081887
0.174377104079
0.174848741909
0.175419145017
0.176103553262
0.17689285572
0.177795168177
0.178817052213
0.17974095564
0.180151737395
0.246525894609
0.246526025108
0.246526749383
0.246528157019
0.246529825924
0.246530869508
0.246530348271
0.246528322372
0.2465263363
0.246526808621
0.246533245337
0.246550885076
0.246585395307
0.246639598564
0.246709553355
0.246785110859
0.246854051003
0.246906199036
0.246939377509
0.246949665501
0.246927975129
0.246877289006
0.246806774714
0.246724638149
0.246636884108
0.246548468533
0.246464042593
0.246387767178
0.246322543575
0.246269391362
0.246227502802
0.246193045467
0.246158468284
0.246116573949
0.246068073894
0.246030259119
0.246034479109
0.246097929565
0.246192066925
0.24622032891
0.246546258042
0.243432175956
0.240890380313
0.238420036965
0.236048200086
0.233802390837
0.231734905199
0.230594980877
0.228349737538
0.225540937582
0.222175470783
0.218293554845
0.213817402503
0.208640846192
0.202666909232
0.197313040273
0.19196871287
0.186498694365
0.180715454206
0.174566520462
0.165102723066
0.169537992983
0.170781115543
0.171464948596
0.171918671196
0.172286782693
0.172622365376
0.172952916182
0.17329292096
0.173651155506
0.174037306373
0.174466473202
0.174959672536
0.175540224417
0.176232160282
0.177076811047
0.178144576496
0.179408125323
0.180482155093
0.180885012921
)
;

boundaryField
{
    frontAndBack
    {
        type            empty;
    }
    upperWall
    {
        type            zeroGradient;
    }
    lowerWall
    {
        type            zeroGradient;
    }
    inlet
    {
        type            zeroGradient;
    }
    outlet
    {
        type            fixedValue;
        value           uniform 0;
    }
}


// ************************************************************************* //
