/*--------------------------------*- C++ -*----------------------------------*\
| =========                 |                                                 |
| \\      /  F ield         | OpenFOAM: The Open Source CFD Toolbox           |
|  \\    /   O peration     | Version:  v1806                                 |
|   \\  /    A nd           | Web:      www.OpenFOAM.com                      |
|    \\/     M anipulation  |                                                 |
\*---------------------------------------------------------------------------*/
FoamFile
{
    version     2.0;
    format      ascii;
    class       volScalarField;
    location    "400";
    object      p;
}
// * * * * * * * * * * * * * * * * * * * * * * * * * * * * * * * * * * * * * //

dimensions      [0 2 -2 0 0 0 0];


internalField   nonuniform List<scalar> 
6400
(
0.183525371822
0.183124347658
0.182725305917
0.182495089853
0.182602450572
0.182507944979
0.181799447655
0.180383805616
0.178418929904
0.175961015245
0.173095082061
0.169914746286
0.166514425298
0.162983035407
0.159400089443
0.155833740371
0.152340301026
0.148964765275
0.145741925065
0.1426977708
0.139850956042
0.137214187978
0.13479546747
0.132599146476
0.130626799201
0.128877920165
0.127350470525
0.126041297246
0.124946451285
0.124061429145
0.123381353385
0.122901097486
0.122615388724
0.122518975449
0.122606942567
0.122875140129
0.123320265736
0.123937879969
0.124720230497
0.125660404286
0.126753374226
0.127993427591
0.129374809921
0.130891872211
0.132539136658
0.134311317313
0.13620331364
0.138210181199
0.140327079275
0.142549194452
0.144871639735
0.147289330723
0.14979684258
0.152388254545
0.155056991387
0.157795674059
0.160595993438
0.163448622201
0.166343179057
0.169268257496
0.172211526877
0.17515990808
0.178099818306
0.181017471118
0.183899208713
0.186731835076
0.189502906259
0.19220091839
0.194815326838
0.197336330113
0.19975432271
0.202058793947
0.20423624389
0.206267093178
0.208123278065
0.209767578971
0.211144743741
0.212150584676
0.212642454402
0.212664750919
0.183315908039
0.1828867281
0.182659095816
0.182481946399
0.182307473594
0.182302835102
0.18165123451
0.180247807954
0.17825252479
0.17575042839
0.172839616378
0.169619346455
0.166186842664
0.162632036981
0.159034310311
0.155460976749
0.151967136171
0.14859643844
0.145382364795
0.142349726928
0.139516180081
0.136893626493
0.134489446137
0.132307532427
0.130349136516
0.128613537368
0.127098561801
0.125800979303
0.124716797805
0.123841485918
0.123170139306
0.122697579494
0.122418363634
0.122326808169
0.122417384397
0.1226857783
0.123129912492
0.123746677421
0.12453050045
0.125474408653
0.126570883682
0.127813563592
0.129196491596
0.130713975827
0.132360548573
0.134130953349
0.136020130023
0.138023185061
0.140135341789
0.142351866205
0.144667967851
0.147078675463
0.149578691809
0.152162233118
0.154822863581
0.157553336277
0.16034545585
0.163189977481
0.166076558123
0.168993771992
0.171929199861
0.17486959424
0.177801116734
0.180709633735
0.183581048524
0.186401638957
0.189158361835
0.191839066716
0.194432556484
0.196928441548
0.199316690003
0.201586707748
0.203725705529
0.205716280151
0.207533901647
0.209144875291
0.210501181846
0.211525777299
0.212108641856
0.212216068603
0.183730382724
0.183175678568
0.182748786133
0.182536210891
0.182173548858
0.181693557735
0.180731546334
0.179168804107
0.177053516093
0.174462712383
0.171494059434
0.16824598104
0.164812821466
0.161280270453
0.15772289169
0.154203193188
0.150771867976
0.147468777741
0.144324323014
0.141360938686
0.138594545377
0.136035861008
0.133691529687
0.131565058672
0.129657574406
0.127968418424
0.126495606707
0.125236176157
0.124186442647
0.123342199886
0.122698870218
0.122251565693
0.121994952341
0.121923157176
0.122030977725
0.122316753234
0.122779188919
0.123411704237
0.124206772556
0.125158705961
0.126261296998
0.12750849574
0.128894438791
0.130413467045
0.132060134406
0.1338292122
0.135715683276
0.137714719876
0.139821639868
0.142031837458
0.144340685824
0.146743411721
0.149234944623
0.151809746624
0.154461632533
0.157183593156
0.159967636925
0.162804666707
0.165684408404
0.168595406073
0.171525093752
0.174459948425
0.177385720637
0.180287731262
0.183151211165
0.18596165315
0.18870514427
0.191368625707
0.193940001792
0.196408084259
0.198762259368
0.200991746172
0.203084395671
0.205024900678
0.20679225789
0.208356817732
0.209678098286
0.210698947424
0.211323202421
0.211480686513
0.184558583626
0.183928344316
0.183270876412
0.182638854004
0.181859110909
0.180850227283
0.179456045688
0.177602660781
0.175296378282
0.172591131363
0.169567590033
0.166312613073
0.162910574232
0.159437984519
0.155961058266
0.152535010291
0.149204459745
0.146004453417
0.142961766987
0.140096260013
0.137422152418
0.13494915567
0.132683434437
0.130628399298
0.128785344799
0.127153952405
0.125732678647
0.124519048814
0.123509879237
0.122701454161
0.122089656755
0.121669972227
0.121437244064
0.121385680729
0.121511098243
0.121814952355
0.122294231214
0.122940303965
0.123747052943
0.124708343784
0.125818069208
0.127070253797
0.12845908255
0.129978926617
0.131624366149
0.133390207679
0.135271490567
0.137263476317
0.139361614991
0.141561483463
0.143858691989
0.146248757611
0.148726946238
0.151288088854
0.153926381622
0.156635183488
0.159406828141
0.162232468708
0.165101974668
0.168003898447
0.17092552445
0.173853007443
0.176771597876
0.179665945962
0.182520461436
0.185319692547
0.188048701811
0.190693414852
0.193240780137
0.195678834825
0.197996545615
0.200183238008
0.202227739258
0.204117096634
0.205834316526
0.207355140544
0.208647161335
0.209668427957
0.21032196351
0.210532224116
0.185455281454
0.184625049802
0.18362482632
0.18250307824
0.181215843761
0.179703467634
0.177875748096
0.175692207408
0.173159690529
0.170320497437
0.167238389532
0.163984419364
0.160628651383
0.157235041777
0.153859107632
0.150547273979
0.1473372237
0.144258763578
0.141334897623
0.138582923825
0.13601545569
0.133641323501
0.131466341382
0.129493943246
0.127725699114
0.12616172571
0.124801004962
0.123641627385
0.122680984611
0.121915926687
0.121342846142
0.120957572895
0.120755150974
0.120730399445
0.120880627048
0.121207858857
0.121707829953
0.122370951862
0.123191777133
0.124164403768
0.125282900616
0.126541383264
0.127934076947
0.12945536615
0.131099837258
0.13286231347
0.134737877679
0.136721877421
0.138809905187
0.140997747661
0.143281298529
0.145656431842
0.14811883626
0.150663815014
0.153286061226
0.15597942349
0.158736680598
0.161549345861
0.164407523724
0.167299841179
0.170213468223
0.173134240258
0.176046877335
0.178935298892
0.181783013164
0.184573533611
0.187290777206
0.189919574208
0.192445831554
0.194856717573
0.197140737346
0.199287264581
0.20128591399
0.203125667068
0.204793115081
0.206269119357
0.207527225707
0.208541023992
0.209206566103
0.209467222348
0.185985444995
0.184769806715
0.18343516952
0.181882538083
0.180136475068
0.178176858431
0.175963563621
0.173481683393
0.170744387326
0.16778803316
0.164663208089
0.161425874638
0.158131361057
0.154830507001
0.151567812135
0.148380869423
0.145300573545
0.142351726225
0.139553803234
0.136921747821
0.13446671998
0.132196768742
0.130117414821
0.128232143007
0.126542809337
0.125049969247
0.123753133644
0.122650967029
0.121741457188
0.121022054291
0.120489690254
0.120140525493
0.119969857512
0.119973882466
0.120153065911
0.120506112347
0.121026746212
0.121707914393
0.122543892327
0.123528830227
0.124656862426
0.125922146004
0.127318917632
0.128841552607
0.130484622808
0.13224294937
0.134111644594
0.136086136084
0.138162165075
0.140335750583
0.142603111823
0.144960543645
0.147404243415
0.149930093112
0.152533406269
0.155208655748
0.157949204998
0.160747064749
0.16359270065
0.166474925208
0.169380883305
0.172296160674
0.175204996537
0.178090611766
0.180935632387
0.183722585127
0.186434209233
0.189054301728
0.191567776441
0.193960914222
0.196221786436
0.198339747585
0.200304915212
0.202107574098
0.203736952887
0.205178128149
0.20640657908
0.207412836607
0.208080870258
0.208388269321
0.18538477486
0.184026189938
0.182507202424
0.180643034917
0.178549958496
0.17624402785
0.173729380264
0.171014943434
0.168121768584
0.165083112949
0.16193986388
0.158735640651
0.15551313814
0.152311708884
0.14916614099
0.146106241131
0.143156921582
0.140338559678
0.137667483879
0.135156500096
0.132815409582
0.130651491253
0.128669933255
0.12687420712
0.125266382911
0.123847385701
0.122617195959
0.121575005869
0.120719359388
0.120048271355
0.119559190633
0.119248648957
0.119112332496
0.119147685853
0.119357215431
0.119737569235
0.120280692799
0.120981139638
0.121833291317
0.122831429166
0.123969755073
0.125242445357
0.126643717777
0.128167904651
0.129809527839
0.131563371093
0.133424543734
0.135388527708
0.137451198395
0.139608808399
0.141857923978
0.144195306014
0.146617731274
0.149121756276
0.151703433589
0.154357996228
0.157079539974
0.159860728073
0.162692537301
0.165564112364
0.168462703375
0.171373769144
0.174281177063
0.177167553979
0.18001470513
0.182804355586
0.18551803837
0.18813867402
0.190650329089
0.193038375087
0.19529051597
0.19739599298
0.199345119284
0.201128890256
0.202738005084
0.204161120441
0.205371438883
0.206377377691
0.207046165392
0.207396841419
0.183754208579
0.182397400097
0.180813239978
0.178765736793
0.176452637689
0.173917277472
0.171200274943
0.168331511426
0.165341043979
0.162261631545
0.159127812927
0.155974138201
0.15283357947
0.149736397374
0.146709533535
0.14377638427
0.14095683507
0.138267455302
0.135721785867
0.133330674063
0.131102623424
0.129044134876
0.127160022079
0.125453690241
0.123927372689
0.122582322645
0.121418961936
0.120436997693
0.119635528176
0.119013127504
0.118567776966
0.118296533209
0.118195744898
0.118263804018
0.11850383633
0.118911642852
0.119478155078
0.120198606515
0.121067620159
0.122079614839
0.123228847427
0.124509489892
0.125915711623
0.12744176797
0.129082092937
0.130831392468
0.132684732295
0.134637611577
0.136686010994
0.138826401799
0.141055701711
0.143371166365
0.145770208208
0.148250142414
0.150807872533
0.153439525615
0.156140079194
0.158903020273
0.16172000243
0.164580683831
0.167472583804
0.170381208173
0.173290208277
0.176181821114
0.179037085718
0.181837350873
0.184562892407
0.187196025645
0.189720246488
0.192119914151
0.194382475843
0.196496887068
0.198453274499
0.200242895795
0.201856615661
0.20328605509
0.204498668028
0.205519625003
0.206195740501
0.206588704604
0.181367539385
0.180049599938
0.178457487293
0.176325039822
0.173901210757
0.171242557555
0.168416972989
0.165470320031
0.162440977935
0.159362798919
0.156266729251
0.153181275753
0.150132534278
0.14714408752
0.144236929917
0.141429449235
0.138737479315
0.136174420603
0.133751418563
0.131477583554
0.129360232291
0.127405131026
0.12561672385
0.12399833471
0.122552336288
0.121280282899
0.120183011187
0.119260721112
0.118513046577
0.117939088255
0.117537312332
0.117305342962
0.11724039719
0.117341687782
0.117612076048
0.118046950511
0.118636833478
0.119377422113
0.12026354413
0.121289721823
0.122450236978
0.123739226592
0.125150778596
0.126679034131
0.128318296948
0.130063147836
0.131908558349
0.133849994349
0.135883496448
0.138005720869
0.140213921229
0.142505856562
0.144879613518
0.147333333174
0.149864870235
0.152471374285
0.155148842553
0.157891774562
0.16069266383
0.163541895448
0.16642743379
0.169335057398
0.172248369023
0.175149600827
0.178018984876
0.180838306921
0.183586463985
0.186245512188
0.188798854364
0.191229545552
0.193525158859
0.195674304653
0.197666451575
0.199492900703
0.201143473539
0.202611328585
0.203856105556
0.204914971325
0.205612727376
0.206051825836
0.178407125624
0.177146505221
0.175581961633
0.17343504582
0.170983858799
0.168287243279
0.165431629394
0.162473265197
0.159456977507
0.156418186195
0.153386105709
0.150385571486
0.147438170007
0.144562874959
0.141776392048
0.13909334484
0.136526400385
0.134086391505
0.131782461096
0.129622230585
0.127611981758
0.125756836733
0.12406092257
0.122527511414
0.121159130743
0.119957642155
0.118924296529
0.118059783457
0.117364269904
0.116837360677
0.11647790916
0.116283999173
0.116254013949
0.116388591509
0.116689091862
0.117150354408
0.117763293166
0.118523947208
0.119427293369
0.120467910123
0.121640070708
0.122937849328
0.12435522444
0.12588619046
0.127524881141
0.129265704009
0.131103480885
0.133033584241
0.135052054784
0.13715568191
0.139342018544
0.141609311775
0.143956340154
0.146382114096
0.148885518237
0.151464848386
0.154117216269
0.15683834609
0.159621691709
0.162458610918
0.165337665866
0.168245220088
0.171164950228
0.174079792787
0.176968863591
0.179815627537
0.182597322834
0.185296030108
0.187896024556
0.190378533887
0.192732616655
0.194947049039
0.197009485195
0.198910771395
0.200638782395
0.202185138272
0.203501860263
0.204628375869
0.205369115384
0.20586559182
0.175016045183
0.17383051043
0.172322223919
0.170212707075
0.167795504344
0.165125543485
0.162301058155
0.159383858941
0.156423154188
0.153455740513
0.150510164273
0.147609215793
0.144771711196
0.142013597391
0.139348601587
0.136788601998
0.134343858006
0.132023184892
0.129834115289
0.127783059442
0.125875460358
0.12411593398
0.122508386079
0.121056101266
0.119761801894
0.118627677721
0.117655398415
0.116846135287
0.116200572205
0.115718786502
0.115399918708
0.115242354525
0.115246044913
0.115414776109
0.115745107318
0.116230335886
0.116865357647
0.117645577886
0.118565924186
0.119620945176
0.120804867912
0.122111681706
0.123535235853
0.125069353721
0.126707965646
0.128445261006
0.130275855403
0.132194962115
0.134198550093
0.136283472969
0.138447527017
0.140689403756
0.143008571257
0.145404925711
0.147878420759
0.15042863661
0.153053789081
0.155751088271
0.158514967308
0.161338060836
0.164209621371
0.167117069312
0.170044109719
0.172975429314
0.175888209835
0.17876904887
0.181593253573
0.184343331724
0.187006681584
0.189561643032
0.192001430068
0.194316207928
0.196488883164
0.19850853824
0.200360846084
0.202031692764
0.20346982614
0.204704765576
0.205521294756
0.206099006095
0.171333031283
0.170233499136
0.168801216426
0.166765731869
0.164425888747
0.161829219173
0.159080881963
0.15624457329
0.153372087417
0.15050111048
0.147660015627
0.144870536852
0.142149874608
0.139512058837
0.136968803449
0.134530032726
0.132204225466
0.129998667217
0.127919656381
0.125972680361
0.124162562936
0.122493578936
0.120969534024
0.119593810553
0.118369381677
0.117298798191
0.116384163438
0.115627124601
0.115028858341
0.114589894567
0.114309707372
0.114187057324
0.114222918773
0.114422285551
0.114780555946
0.115289927253
0.115946563416
0.116745890083
0.117682878462
0.118752076254
0.119947672157
0.121263573234
0.122693497983
0.124231089593
0.125870054465
0.127604328775
0.129428270555
0.131336868948
0.133325941744
0.135392322981
0.137533984437
0.139749983191
0.142040457182
0.144406182235
0.146848133107
0.149367385299
0.151963042341
0.154634172126
0.157376046634
0.160182982853
0.163044897157
0.16595083777
0.168884116499
0.171832126788
0.174768949687
0.177686194293
0.18055788558
0.183367550621
0.186110201359
0.188758936251
0.191310875784
0.193758162087
0.196077617473
0.198256625947
0.200280630109
0.202129715944
0.203752082478
0.205156693461
0.206101329645
0.206805709235
0.16748293616
0.166472725957
0.165127078465
0.163189083154
0.160955061585
0.158463277051
0.155822247685
0.153094858511
0.150334043951
0.147577785057
0.144854407538
0.14218510575
0.139586159283
0.137070404879
0.134648218052
0.13232816253
0.130117441682
0.128022233257
0.126047949
0.124199435691
0.122481122685
0.120897118073
0.119451257643
0.118147113321
0.116987968168
0.11597676687
0.115116059486
0.1144079624
0.113854112304
0.113455464772
0.113211910416
0.113122721717
0.113189469646
0.113417188284
0.113801468049
0.114334026176
0.115011351672
0.115828952905
0.116781849959
0.117864602416
0.119071375012
0.120396008071
0.121832102788
0.123373129034
0.125012564351
0.126744070965
0.128561707474
0.130460181925
0.13243508251
0.134483123757
0.13660239149
0.138792183016
0.14105326396
0.143387291654
0.145796031402
0.14828245997
0.150846031028
0.153488226984
0.15620483658
0.158992259003
0.161840821547
0.164741407466
0.16767636302
0.170636336532
0.173592049815
0.176543414756
0.179467385071
0.182343936489
0.18517992661
0.18794495537
0.190628112252
0.193224095676
0.195718950656
0.198100779338
0.20035261299
0.202448422756
0.204332402473
0.205983355127
0.207130309439
0.208027257017
0.163567418155
0.162645095643
0.161390236366
0.159562968268
0.157451471672
0.155084119901
0.152570228665
0.149969967112
0.147336293761
0.144706882312
0.142109917795
0.139566253494
0.137091616172
0.134698088145
0.132395159262
0.130190467448
0.128090341021
0.126100207742
0.124224903975
0.12246889907
0.120836443207
0.119331646617
0.117958500632
0.116720852655
0.115622346697
0.114666343399
0.113855840255
0.113193406159
0.112681094194
0.112320222098
0.112111098345
0.112053603558
0.112149763124
0.112404178797
0.112812981265
0.113367446729
0.114064239695
0.11489894114
0.115866622187
0.116961868739
0.118178843841
0.119511348195
0.120952893522
0.122496799766
0.124136326898
0.125864861674
0.127676133506
0.129564528935
0.131525344837
0.133555047817
0.135651817457
0.137815003922
0.14004591506
0.142347187384
0.144720822354
0.147172454514
0.149700987669
0.152310959311
0.154998210205
0.157761061385
0.160589969578
0.163477130451
0.166404379052
0.169367707285
0.172338186706
0.17532052333
0.178308068775
0.181258612223
0.184178012304
0.187051551268
0.189871537551
0.192633602069
0.195330468213
0.19795313692
0.200485547503
0.202898020426
0.205130493533
0.207125298225
0.208589419686
0.209795935898
0.159665655299
0.15882720839
0.157663158836
0.155952516919
0.153971537934
0.151738984951
0.149363200117
0.146900381146
0.144402693671
0.141906957081
0.139441015143
0.137025385942
0.134675399793
0.132402629916
0.13021597549
0.128122464296
0.126127864854
0.124237153874
0.122454863106
0.120785318717
0.119232784404
0.117801521715
0.116495784061
0.115319761422
0.114277490966
0.113372752258
0.112608973152
0.111989148186
0.11151569686
0.111190179194
0.111013196592
0.110985451552
0.111109852061
0.11138963814
0.11182140853
0.112396217424
0.113110914242
0.113961151128
0.114942048718
0.116048231709
0.117273886365
0.11861280743
0.120058454425
0.121604034631
0.123242613556
0.124967324415
0.126771548605
0.128649328541
0.130595653765
0.132606549142
0.134680358143
0.136816240914
0.139015864545
0.141283194863
0.143619478575
0.146034097542
0.148524295364
0.151097772897
0.153750124551
0.156480274314
0.159279408977
0.162142418086
0.16505239659
0.168011873103
0.171008420807
0.174013675
0.177029766243
0.180035949387
0.183028300629
0.186000658706
0.188950544085
0.191878821769
0.194786056384
0.197670168908
0.200520389751
0.20330839257
0.205972696357
0.208421997738
0.210364603915
0.212042209511
0.155838336562
0.155078295611
0.154002367013
0.15240909305
0.150560409035
0.148466280726
0.146232888651
0.143911712657
0.141553564918
0.139193954311
0.136860153538
0.134572252515
0.132345219101
0.130190242143
0.128115819832
0.126128599107
0.124234035108
0.122436897414
0.120741638568
0.119152636559
0.117674325638
0.116311234396
0.115067953262
0.113949052641
0.112958969227
0.112101882453
0.11138161505
0.110801548016
0.110364414023
0.110071871917
0.109924622382
0.10992465835
0.110077346946
0.110381851658
0.110834048174
0.111427239822
0.112157944037
0.113021797506
0.114013937959
0.11512903188
0.11636131187
0.117704603069
0.119152352584
0.120697706747
0.122333560163
0.124052844567
0.125848581203
0.127714443071
0.129645197847
0.131636107276
0.13368589572
0.13579328882
0.137959955688
0.140191900037
0.142488234842
0.144863011641
0.147310910063
0.149841464518
0.152450708329
0.155138036676
0.15789655606
0.160729100465
0.163626823186
0.166566694358
0.169549521114
0.172557584564
0.175583903906
0.178617817101
0.181655841473
0.184697971879
0.187748578911
0.190816359578
0.193911848928
0.197043800354
0.200211693392
0.203394981755
0.206535511213
0.209513305098
0.212041887618
0.214217018338
0.152131175366
0.151443282388
0.150451010915
0.148972282202
0.147253352025
0.145296467262
0.143204869977
0.141024953424
0.138805821214
0.136581318675
0.134377936769
0.132215209258
0.130107716246
0.128066319045
0.126099237966
0.124212906808
0.122412657867
0.120703246564
0.119089224568
0.117575172699
0.116165811689
0.11486601503
0.113680751172
0.112614979673
0.111673520277
0.110860918172
0.110181343579
0.109638509093
0.109235407623
0.108973755104
0.108854324262
0.108880385692
0.109059621087
0.109387562196
0.109858184194
0.110467807759
0.111212472239
0.112087769808
0.113088849634
0.114210429862
0.115446812592
0.116791892973
0.118239137202
0.119781705059
0.121412322087
0.123123808498
0.124908817045
0.126760573432
0.128673897543
0.130642786576
0.132666725607
0.134743881189
0.136875292409
0.139069834693
0.141323039052
0.143653549462
0.146053565113
0.14853259498
0.151089507242
0.153728171103
0.156449418889
0.159233459303
0.162085217088
0.164988728717
0.167935806567
0.170914563801
0.173917119348
0.176937463225
0.179974947127
0.183034579376
0.186127503499
0.18927099764
0.192486626396
0.195796194422
0.199212617265
0.202727832121
0.206284435026
0.209713713607
0.212721757252
0.215250861726
0.148577710489
0.147955409129
0.14704126569
0.145671896855
0.144077290064
0.142253150904
0.140299296128
0.138256935048
0.136173265371
0.134080217002
0.132003332987
0.129961466771
0.127968766469
0.126035789391
0.124170560316
0.122379422671
0.120667729242
0.119040365946
0.117502113425
0.116057858763
0.114712679723
0.113471830894
0.112340663275
0.111324504353
0.110428518663
0.109657571852
0.109016132172
0.108508183157
0.108136935247
0.107904265492
0.107811251246
0.107861912638
0.108064065208
0.108412994343
0.108901073191
0.109525326953
0.110281837214
0.111166230938
0.112173701557
0.113299037333
0.114536626403
0.115880485056
0.117324097452
0.11886075724
0.120482963712
0.122183556385
0.123954837738
0.125789377771
0.127682606236
0.129626611329
0.131622043661
0.133666573866
0.135759633164
0.137913505158
0.140119090393
0.142398186806
0.144744597867
0.147165351244
0.14967384686
0.152249072682
0.154905248545
0.157629775286
0.16041691724
0.163255168801
0.166134271204
0.169043874486
0.171976224011
0.174927079558
0.177897694601
0.180896087735
0.183937922723
0.18704680543
0.190252920929
0.193588643166
0.19707714959
0.20071677608
0.204413213011
0.207907966772
0.211397723946
0.215322077701
0.14520177023
0.144638541022
0.143796456235
0.142529801327
0.141052268757
0.139354195666
0.137531693245
0.13562088035
0.133666969838
0.13169981614
0.129743902436
0.127817301778
0.12593368979
0.124103330021
0.122334108427
0.120632365548
0.119003575627
0.117452852576
0.115985286258
0.114606123829
0.113320823488
0.112135014966
0.111054401565
0.11008463185
0.109231161606
0.108499128828
0.107893262733
0.107417777398
0.107076070759
0.106870305701
0.106802173296
0.106876213559
0.107099163927
0.107466848695
0.107970442424
0.108607229638
0.109373297268
0.110264281938
0.111275415302
0.112401564762
0.113637190524
0.114976517329
0.116412961542
0.117940158206
0.119550219514
0.121236168627
0.122990068135
0.124803451061
0.126673169367
0.128588750372
0.130552085426
0.132560579132
0.134610718946
0.13671833134
0.138872827656
0.141091269534
0.143389643609
0.145743303832
0.148178238968
0.150684895677
0.153263342111
0.155905555289
0.158602716331
0.161343434022
0.164115943847
0.166909076256
0.169713953364
0.172525441595
0.175343766351
0.178175907296
0.181036653025
0.183949064199
0.186943360206
0.190051939643
0.193294275043
0.196645410145
0.199884070825
0.20294565574
0.206562582224
0.212654022959
0.142019605696
0.141509177499
0.14073290702
0.139561516431
0.138192776223
0.136612759125
0.134913738124
0.13312696507
0.131295675858
0.12944756832
0.127606007832
0.125788218704
0.124007377614
0.122273461102
0.120594255302
0.118976155755
0.117424820812
0.115945646148
0.114544065572
0.113225696538
0.111996363025
0.110862034558
0.109828718093
0.108902329856
0.108088566847
0.107392802527
0.106820011345
0.106374620581
0.106060146313
0.105879022596
0.105833913587
0.10593013934
0.106171983022
0.106556342417
0.107073364569
0.107720469187
0.108493706858
0.109388681434
0.110400637945
0.111524548823
0.112754858524
0.114086180999
0.11551161088
0.117025468749
0.118619207436
0.120286209541
0.122018596651
0.123806330725
0.125648393782
0.127531239459
0.129457402236
0.131424743965
0.133427279019
0.135479568513
0.137589640793
0.139744308451
0.141968157742
0.144253980905
0.146609038073
0.149030100545
0.151513047249
0.154049472561
0.156628251006
0.159236072934
0.161858730793
0.164482356386
0.167094772759
0.169686746187
0.172253107769
0.174793566035
0.177312997834
0.179820853498
0.182328741341
0.184843839497
0.187351985197
0.189770659376
0.191746683146
0.192914365138
0.193371182594
0.197059895643
0.139041670922
0.13857813688
0.137861502374
0.136777587204
0.135508887635
0.134038211043
0.13245396508
0.130782841816
0.129066169673
0.127329473288
0.125594990291
0.123879059412
0.122194348557
0.120550554068
0.118955387419
0.117415331511
0.115936257767
0.114523859471
0.113183911077
0.111922376324
0.110745403023
0.109659246681
0.108670159995
0.107784272071
0.107007474084
0.106345340202
0.105803077244
0.105385315692
0.105095579216
0.104936424448
0.104912132351
0.105030311605
0.105289841269
0.10568821656
0.106216370196
0.106871452667
0.107649403107
0.108545721787
0.109555597949
0.110674202747
0.111895713997
0.113215498362
0.114625836181
0.11612224519
0.117695253428
0.119338698948
0.121045173061
0.122802367679
0.124611586896
0.126456105324
0.128338412841
0.130257791579
0.132215120759
0.134212066464
0.136254222635
0.138344683322
0.140492292373
0.142697124211
0.14496084335
0.147280187753
0.149648320919
0.152054521216
0.154484781775
0.156922605111
0.159350028577
0.161748663557
0.164100624746
0.166389173308
0.168598880453
0.170714998819
0.172721514767
0.174596894527
0.176305433018
0.177779449407
0.178881061837
0.179306135257
0.178398563592
0.17362643542
0.15767729761
0.102925808983
0.136274035364
0.135851913475
0.135188958941
0.134184712378
0.133007225265
0.131636917444
0.130158379895
0.128594101268
0.126983613702
0.125350302213
0.123715305935
0.12209406824
0.120498753445
0.118938784915
0.11742181294
0.115954418434
0.114542686881
0.113192594735
0.111910225146
0.110701840399
0.109573853528
0.108532743193
0.107584947639
0.106736757208
0.105994217898
0.105363077839
0.104848762201
0.104456103859
0.104188622474
0.104048983432
0.104043468175
0.104182979471
0.104459585128
0.104868437863
0.105405282607
0.106065984613
0.106846188864
0.107741227584
0.108746068064
0.10985634337
0.111065444812
0.112370130551
0.11376122374
0.11523601093
0.11678404441
0.11839931955
0.12007510174
0.121795865324
0.12356487569
0.125365631524
0.12719933937
0.129072663199
0.130970188127
0.132904939866
0.134879033717
0.136895728303
0.138959959395
0.141072658288
0.143232481498
0.145433963573
0.147667330842
0.149918612923
0.152170117396
0.154401145095
0.156588782984
0.158708577491
0.160734881312
0.162640619788
0.164396125853
0.165966478259
0.16730634765
0.16835047726
0.168996034913
0.169068942636
0.168256761271
0.165966838169
0.161039513052
0.150754368445
0.126882738099
0.076307441707
0.13371950506
0.133333756838
0.132718843015
0.13178665559
0.130691742841
0.12941288985
0.128030974343
0.12656466141
0.125051824545
0.123513779637
0.121970626297
0.120436923704
0.118924349486
0.117442060909
0.115997650741
0.114597791311
0.113248762198
0.111956787702
0.110728210482
0.109569532736
0.108487371006
0.107488368939
0.106579100865
0.105765981098
0.105055188083
0.104452630759
0.103963924135
0.103594074289
0.1033467541
0.103225112724
0.103236583763
0.103391528127
0.103682265588
0.104101286768
0.104645166879
0.105309378137
0.106089431687
0.106980622004
0.107977359682
0.109076315845
0.110269330771
0.111555408626
0.112923453394
0.114372652926
0.115891719317
0.117473606341
0.119112169359
0.120790456186
0.122509105707
0.124269125709
0.126048585943
0.127861139663
0.129699060645
0.131566230827
0.133465739777
0.135400530482
0.137373118798
0.139382956605
0.14142594787
0.143493579562
0.145572595309
0.147645139789
0.149689195704
0.151679161141
0.153586369881
0.15537932704
0.157023399225
0.158479626592
0.15970217644
0.160633667943
0.161197046453
0.161281642219
0.16071902336
0.159240393619
0.156399414663
0.151431121622
0.142983071122
0.128678862306
0.10351173654
0.0623842812841
0.131378486539
0.131024513962
0.130452370884
0.129584967978
0.12856435382
0.127368310543
0.126074145829
0.124697085998
0.123273498636
0.121822726432
0.120363909402
0.118910748453
0.117474459649
0.116063939839
0.114686720109
0.113349544765
0.112058852959
0.110821067958
0.109642732151
0.108530521744
0.107491189557
0.106531478918
0.105658037276
0.104877341203
0.104195644966
0.103618973548
0.103153083591
0.10280311909
0.102573145782
0.102467490911
0.102494667418
0.102662472511
0.1029648782
0.10339226401
0.103941287061
0.104606807087
0.105384174249
0.106268939618
0.107254370327
0.108339088769
0.109512687503
0.110776949969
0.112118790987
0.113538154578
0.115022928553
0.116564300321
0.118155299622
0.119791090102
0.121459076438
0.123161235199
0.124886914538
0.126636373653
0.128406988909
0.130200273164
0.132018583345
0.133863743895
0.135736055272
0.137632571775
0.139546120192
0.14146464651
0.143370981691
0.145243009636
0.147054063303
0.148773352399
0.150366201902
0.151793853672
0.153012542233
0.15397147231
0.154609162848
0.154847324364
0.154580909698
0.153662068143
0.151874153181
0.148889377681
0.144199116962
0.137001882529
0.126013747575
0.109255301065
0.0831878199988
0.0471055288754
0.12924965881
0.128923283666
0.1283890321
0.127579553965
0.126625427186
0.125503950151
0.124289032852
0.122992839439
0.121650391377
0.120279170019
0.118897449336
0.117518107217
0.116151928591
0.114807553917
0.113492442721
0.1122133832
0.110976930604
0.109789650701
0.108658220431
0.107589420292
0.106590068263
0.105666936586
0.104826675822
0.104075755874
0.103420448067
0.102866869339
0.102420919559
0.102087825458
0.10187209468
0.101779997182
0.10182180475
0.102000375879
0.102312686978
0.102746540842
0.103298715104
0.103963204688
0.104735130374
0.105610942051
0.10658210521
0.107649997208
0.108801654418
0.110040827055
0.11135244368
0.112735012422
0.114176832989
0.115671487786
0.117215853517
0.118797701767
0.120413984301
0.122057697467
0.123721430349
0.125402592417
0.127099546629
0.128812718565
0.130543242711
0.132291344743
0.134054942368
0.135828195844
0.137600510151
0.13935600518
0.141073406596
0.142726263309
0.144283307691
0.145708741817
0.146962219725
0.14799827805
0.148764930692
0.149201066761
0.149232148193
0.148763459168
0.147669763493
0.145779617839
0.142851676804
0.138539216484
0.132337371116
0.123509820007
0.110978363236
0.0932825976421
0.0679571549749
0.0361682506848
0.127330476777
0.12702791519
0.126527068611
0.12576910928
0.124874174117
0.123819495347
0.122675779412
0.121452487882
0.120183457615
0.118884428963
0.117572911348
0.116260999955
0.114959082245
0.11367554465
0.1124177618
0.111192532941
0.110006481961
0.108866258284
0.107778607629
0.106750345299
0.105788282897
0.104899149202
0.104089526236
0.103365807455
0.102734219465
0.102200944175
0.101772030176
0.101452660809
0.10124762053
0.101166321338
0.101223131457
0.101411454643
0.101731358356
0.102169303285
0.1027223259
0.103383397678
0.104147244804
0.105011953274
0.105966673632
0.107015170036
0.108141738252
0.109349378837
0.110623736914
0.111958690479
0.113357955639
0.114801521343
0.116294554845
0.117824053757
0.119382407723
0.120962539733
0.12255810056
0.124165511665
0.125782963853
0.127410028073
0.129046447262
0.130690503396
0.132337479061
0.133978339597
0.135598865912
0.137179282571
0.138694291454
0.140113357411
0.141401043209
0.14251717356
0.14341660744
0.144048393133
0.144354056796
0.144264719851
0.143696639227
0.142544604378
0.140672394587
0.137899209461
0.133980661058
0.128582865706
0.121248131452
0.111355919288
0.098070636251
0.0804010141454
0.0567082211125
0.0291159559501
0.12561755103
0.125335387843
0.124863840939
0.124151457752
0.123308947201
0.122313803866
0.121233741685
0.120075856805
0.118872961618
0.117639178643
0.116391358201
0.115140854982
0.11389769465
0.112670010699
0.111465078302
0.110289673632
0.109150442118
0.108054060305
0.107007281122
0.106016890377
0.105089626499
0.104232106944
0.103450779932
0.10275190275
0.102141604675
0.101626096689
0.101211568538
0.10090312706
0.100705859752
0.100633092806
0.100704053709
0.100902593139
0.101226349251
0.101665573724
0.102217272114
0.102873077828
0.103626869151
0.104478366624
0.105413755877
0.106436932204
0.107532271676
0.108694817212
0.109931163353
0.111218308787
0.112568029009
0.113964999059
0.115403700755
0.116874709844
0.118369637345
0.119881097925
0.12140297753
0.122931301519
0.124463830284
0.125999223741
0.127535682143
0.129069291161
0.130592489704
0.132092902112
0.133552674088
0.134948303222
0.13625083123
0.137426205179
0.1384355937
0.139235448646
0.139777117609
0.140005821871
0.139858807196
0.139262445367
0.138128010052
0.136345774278
0.133776991769
0.130243275817
0.125512945471
0.119284415308
0.111167292572
0.100667672722
0.0871702825341
0.0700405586127
0.0481863109117
0.0240118075184
0.124106918385
0.123842097986
0.123396107122
0.12272380996
0.121927471461
0.120985102451
0.1199616493
0.118862154701
0.117718563963
0.11654350372
0.115353272015
0.114158524939
0.112968963442
0.111792468414
0.110636201766
0.109506884055
0.10841113919
0.107355620826
0.106347036931
0.105392091486
0.104497395959
0.103669405036
0.102914393919
0.102238463294
0.101647644432
0.101148172071
0.100746356411
0.100447336802
0.100256890588
0.100191034369
0.100267892938
0.100473760891
0.100802153524
0.101241468592
0.101790469966
0.102439331486
0.103179757675
0.104012542162
0.104922105355
0.105905458531
0.106967579583
0.108086566442
0.10927701385
0.110523429518
0.111823089087
0.113166836453
0.114546910164
0.115954490476
0.117380988388
0.118818848701
0.120262015998
0.121706303073
0.12314896957
0.124587657451
0.126018873233
0.127436325221
0.128829494202
0.130182678717
0.131474588028
0.132678405369
0.133762142861
0.134689071365
0.135418013532
0.135903314511
0.136094334551
0.13593432934
0.135358591586
0.134291721764
0.132643881625
0.130305873335
0.127142902279
0.122986976695
0.117628134236
0.110805368079
0.102198722556
0.0914294085368
0.0780590340905
0.0617020907573
0.0416178593433
0.0201607749871
0.122794222658
0.122544085946
0.122120238036
0.121482964071
0.120727023635
0.119831141191
0.118857731941
0.117810071209
0.116719391695
0.115596942025
0.114458574752
0.113314287382
0.11217349444
0.111043824137
0.10993231349
0.108845598321
0.107790244336
0.106772841516
0.105800013349
0.104878345798
0.104014281987
0.103214070277
0.102483783232
0.101829340746
0.10125665114
0.100771892833
0.100381293695
0.100089745729
0.0999039856215
0.0998433617064
0.0999226718686
0.100134751307
0.100467673494
0.10090577655
0.101447766387
0.102084595538
0.102802993327
0.103603262155
0.104484199991
0.105429102396
0.106450765538
0.107534804898
0.108680226449
0.10987903543
0.111125368941
0.112411325509
0.113728528067
0.115068137003
0.116421546683
0.117781194862
0.119141077393
0.120496854214
0.121845242315
0.123182753061
0.124504060309
0.125800385406
0.127058257597
0.128258840219
0.129377819479
0.130385709316
0.131248354106
0.13192740319
0.132380562285
0.132561471294
0.13241909909
0.13189657552
0.13092939914
0.129442970661
0.12734941584
0.124543692194
0.120899044032
0.116262027378
0.110447608444
0.103235486346
0.0943691652749
0.083563896438
0.0705129208456
0.05499514165
0.0364966877835
0.0171736536603
0.121674794662
0.121437249048
0.121032389366
0.120425466169
0.119704573013
0.118849315287
0.117919820086
0.116917856586
0.115874096864
0.114798523476
0.113706649634
0.112607851216
0.111511295731
0.110424358169
0.109353941731
0.108306572286
0.107288727688
0.106306903464
0.105367613275
0.104477311221
0.103642242351
0.102868401562
0.102161648346
0.101527712207
0.100972395193
0.100501781008
0.100121674002
0.0998358485839
0.099652529801
0.0996005308
0.099680470084
0.0998979255093
0.100230296411
0.100661722802
0.101182922575
0.101796045737
0.102489847493
0.103257364011
0.104104764217
0.105019999239
0.106002190675
0.107044335011
0.108142070141
0.109289023149
0.110478464444
0.11170256577
0.112952755297
0.114220134653
0.11549615189
0.11677335392
0.118045834944
0.119309122576
0.120559336281
0.121791741525
0.122999068019
0.124170025455
0.125288338602
0.126332410702
0.127275525084
0.128086375356
0.12872967942
0.129166657962
0.129355212454
0.12924969503
0.128800209007
0.127951411359
0.126640811319
0.124796580376
0.122334917806
0.119157067028
0.115146168238
0.110164300791
0.104050325932
0.0966196741423
0.0876673743
0.0769794182576
0.0643411840567
0.0496346939759
0.0324958946734
0.0148274699821
0.120743601314
0.12051762397
0.120128638493
0.119547741988
0.118856892738
0.118036762603
0.117145426714
0.116183387891
0.115180907385
0.114146806738
0.113096365161
0.112038369885
0.110981781809
0.109933721067
0.108900950464
0.107889863466
0.106906826056
0.105958217356
0.105050429251
0.104189807599
0.103382380824
0.102633796471
0.101949723729
0.101335690403
0.100797490517
0.100341270275
0.0999717716475
0.09969172989
0.0995125396716
0.0994826507567
0.0995544837723
0.0997649472809
0.100078779486
0.100493989559
0.100993247814
0.101579689688
0.102247995084
0.102990036066
0.103803620032
0.104682391919
0.105622538735
0.106618702246
0.107665592963
0.108756995376
0.10988588394
0.111044293633
0.112223535205
0.113414697686
0.114609355598
0.115800262128
0.116981663163
0.11814894713
0.119297556777
0.120421396095
0.121511183436
0.122553195715
0.12352865536
0.124413765061
0.125180211482
0.125795878298
0.126225515226
0.12643116673
0.126372236127
0.126005123827
0.125282423766
0.124151691857
0.122553822545
0.120421092933
0.117674967696
0.11422381389
0.109960763294
0.104762114966
0.0984868793095
0.0909784897512
0.0820697422744
0.0715950727775
0.0593994763975
0.0454243421528
0.0294065177055
0.012986978306
0.119994576791
0.119782352699
0.119405100162
0.118846209894
0.118180646528
0.117390442969
0.116531814665
0.115604225734
0.114637672943
0.11363991566
0.112626103264
0.111604462842
0.110583789746
0.109570945584
0.108572547205
0.10759483323
0.106644034552
0.10572639476
0.104848169737
0.104015689678
0.103234791328
0.10251052078
0.101848466764
0.101253966799
0.100733301293
0.100293771588
0.0999360030439
0.0996651107897
0.099488300344
0.0994583111809
0.0995223792555
0.0997198374531
0.100015150473
0.100409868484
0.100891299891
0.10145438132
0.102094013661
0.102804272982
0.103581055707
0.104419303125
0.105314351608
0.106261025216
0.107253723047
0.108286085407
0.109350867671
0.110439931384
0.111544500234
0.1126557156
0.113765363305
0.114866488495
0.115953525328
0.117021683164
0.118065621774
0.119077776364
0.120046850971
0.120956891667
0.121787083828
0.122512162238
0.123103175765
0.123528317032
0.123753575759
0.123743057743
0.123458892963
0.122860717219
0.121904749657
0.120542511095
0.118719245102
0.116372123987
0.113428352037
0.109803328345
0.105399105937
0.100103520474
0.0937905219345
0.0863226137265
0.0775563348777
0.0673540542201
0.0555933944212
0.0422422161928
0.0271040432568
0.011572317651
0.119424138239
0.119227125871
0.118857414437
0.118317270783
0.11767243825
0.116907205035
0.116076057049
0.115177668283
0.114241909326
0.113275575367
0.112293786854
0.111304235821
0.110315592894
0.109334454772
0.108367286089
0.10742014495
0.106499097441
0.105610229656
0.10475963565
0.103954060302
0.103199275672
0.102498544043
0.101857901609
0.101282162804
0.100776136073
0.100347573931
0.099999463905
0.0997363339273
0.0995621526548
0.0995066015137
0.0995811682034
0.0997723695948
0.100055167201
0.100428189528
0.100885319001
0.101420199191
0.102027540359
0.102702019573
0.103438860039
0.104233134935
0.105079884244
0.105973801554
0.106909051498
0.107879046984
0.108876316563
0.109892550541
0.110918923577
0.111946704075
0.112967979301
0.113976157359
0.114965865792
0.115932053776
0.116868467403
0.117765989853
0.118611395224
0.119386840348
0.120070100899
0.12063532589
0.121053993358
0.121295772673
0.121329085258
0.121121256247
0.120638231241
0.11984388343
0.11869896216
0.117159746049
0.115176472513
0.112691627721
0.10963820083
0.105938041725
0.101500513266
0.0962217483344
0.0899849356377
0.0826624655651
0.0741208497346
0.0642310669063
0.052879369208
0.0400317229511
0.0255303096262
0.0105433404348
0.119030227609
0.118845811478
0.118482489311
0.117957663716
0.117328936774
0.116583827285
0.115775038533
0.114900754339
0.113990815918
0.113051162405
0.112096968938
0.111135418174
0.110175092772
0.10922231748
0.108283397031
0.107364178734
0.106470511202
0.105608240405
0.104782978306
0.104000704137
0.103267574743
0.102587654546
0.101966077223
0.101407112323
0.100914010167
0.100494020354
0.100156558954
0.0999034234397
0.0997415978201
0.0996847382309
0.0997559973975
0.0999324158656
0.1001959258
0.10054455685
0.10097369072
0.101477000471
0.102048968628
0.102684383628
0.103378227971
0.104125460378
0.104920903995
0.105759033057
0.106633758735
0.107538233092
0.108464748195
0.109404840432
0.110349687476
0.1112907685
0.112220560315
0.11313288066
0.114022510766
0.114884011408
0.115710069325
0.116489979417
0.117208781601
0.117847234825
0.118382481829
0.118789081802
0.119040063754
0.119107728482
0.118964043016
0.118580578645
0.117928015606
0.116975272635
0.115688330242
0.114028816471
0.111952421966
0.109407211058
0.106331898042
0.102654170092
0.0982891589193
0.0931382636736
0.0870885820941
0.0800137483798
0.0717769647629
0.0622386586969
0.0512692818858
0.0388012361814
0.0246873603415
0.00989195490238
0.118807429116
0.118632155161
0.118274782181
0.117762745649
0.11714667384
0.116417548265
0.115626227777
0.11477096634
0.113881656832
0.112963627732
0.11203218899
0.111094087073
0.110157843347
0.109229502127
0.108315183313
0.107420484575
0.106550987786
0.10571225435
0.10490952324
0.104147673973
0.103433193145
0.102772445735
0.102169079102
0.101627364484
0.10115084346
0.10074567028
0.100421035623
0.100179084023
0.100028468339
0.0999708402239
0.100032544852
0.100191534665
0.100433521907
0.10075594566
0.101154638459
0.10162374712
0.102157764464
0.102751462792
0.103399682815
0.104097214312
0.104838659748
0.105618241002
0.10642959247
0.107265588013
0.108118284472
0.108979095659
0.109839268554
0.110690583118
0.111525982248
0.112339701978
0.113126579935
0.113880612835
0.114593285719
0.115252344599
0.115841423745
0.116340525379
0.11672706025
0.11697706116
0.117066226176
0.11697056851
0.116666583862
0.11613094748
0.115339806884
0.114267751466
0.112886534933
0.111163614052
0.109060552791
0.106531323614
0.103520515073
0.0999614336773
0.0957740678386
0.0908629556751
0.0851149761776
0.0783978480698
0.0705595542896
0.061431627257
0.0508418179231
0.0386443975264
0.0246642178565
0.00965654204969
0.118749442276
0.118580294558
0.118226469397
0.117725247309
0.117118905337
0.116402100948
0.115623862457
0.114782999327
0.113909457927
0.113008262981
0.112094894896
0.111175794673
0.110259447064
0.109351652415
0.108458352113
0.1075849108
0.106736681346
0.105919009535
0.105137143941
0.104395903952
0.103701301982
0.103059524304
0.102474138603
0.10194960371
0.101489792428
0.101099727577
0.100786732386
0.100552398515
0.100409874974
0.100355549553
0.100406194174
0.100545557776
0.100764060666
0.101058733157
0.101425370069
0.101858495406
0.102352687222
0.102902671327
0.103503168764
0.104148794582
0.104833923408
0.105552508737
0.106297893258
0.107062666715
0.107838665081
0.108617225528
0.109389742933
0.110148388066
0.110886621968
0.111599053053
0.11228041003
0.11292391082
0.113519727907
0.114054204857
0.114510045978
0.114867275257
0.115104559057
0.11520048056
0.115134461212
0.114887178394
0.11444046572
0.113776766057
0.112878236537
0.111725599408
0.110296812903
0.108565612471
0.106499944257
0.104060272989
0.101197689272
0.0978516726797
0.0939472875577
0.0893916090316
0.084069058761
0.0778363966472
0.0705165265941
0.0618966063714
0.0517350404603
0.0397556073361
0.0257056816203
0.00999196330264
0.118851099488
0.118685935395
0.118332815939
0.117838603908
0.117238173109
0.116529993552
0.115760963575
0.114930741915
0.11406909159
0.113180975328
0.112281962026
0.111378310751
0.110478469948
0.109588058148
0.108712866499
0.107858068568
0.107028838499
0.106230329342
0.1054677515
0.104745958955
0.104070438992
0.103446804514
0.102878689054
0.102370419625
0.101925829293
0.101549174131
0.101246374773
0.101019073806
0.100879380271
0.10082819195
0.100867601961
0.100987329163
0.101182047206
0.10144858773
0.101782577828
0.102178828844
0.102632058745
0.103136977494
0.103688207169
0.104280195072
0.104907085922
0.105562556802
0.106239651829
0.106930680648
0.107627285312
0.108320785859
0.10900281167
0.109666004309
0.110304353606
0.110912721795
0.111485490586
0.112014865712
0.112489664938
0.112895112384
0.113213608404
0.113426088598
0.113513501499
0.113458012419
0.113243699222
0.112856678431
0.112284724887
0.111516503851
0.11054053649
0.109343995854
0.107911399999
0.106223236037
0.104254505783
0.101973117852
0.0993379526183
0.0962962961938
0.0927801701729
0.0887009702194
0.0839414900482
0.078345537027
0.0717024332516
0.063737524329
0.054102629251
0.0423473349855
0.0281335115838
0.0111440621759
0.119108359061
0.118945664529
0.118590772343
0.118099693704
0.117501197125
0.116797721787
0.116033897506
0.115210497847
0.114356889367
0.113478179464
0.112589929982
0.111698327705
0.110811773178
0.10993575819
0.109075940635
0.108237324556
0.107424912599
0.106643643053
0.105898534531
0.105194328088
0.104536132735
0.103929155543
0.103377027895
0.102883756062
0.102452957125
0.102088358443
0.101794711209
0.101574119272
0.101434258405
0.101381695268
0.101410067538
0.101511518563
0.10168311706
0.101921814061
0.102223210933
0.102582348288
0.102994092338
0.103453161368
0.103954089816
0.10449115844
0.105058277233
0.105648839779
0.106255588754
0.106870565116
0.107485254761
0.10809103079
0.108679844625
0.109244864253
0.109780556546
0.110281829205
0.110742411835
0.111153280899
0.111501968905
0.111773021945
0.111949301816
0.112013618401
0.111950213187
0.111745762008
0.111389759735
0.110874323089
0.110193544483
0.109342550847
0.108316397628
0.107108891059
0.105711395739
0.104111645816
0.102292521779
0.100230665308
0.0978946707368
0.0952424081105
0.0922167700512
0.0887388158534
0.0846965118161
0.0799275810998
0.074189412281
0.0671284390657
0.058211923172
0.04670278183
0.0320473648377
0.012828555438
0.119517802435
0.119356405198
0.118997552559
0.118506127457
0.117905803483
0.11720303736
0.116440238515
0.115619579889
0.114769912982
0.113896698476
0.113015422289
0.112132304363
0.11125568296
0.110390965456
0.10954367803
0.108718658626
0.10792072214
0.107154577548
0.106424987018
0.105736495722
0.105093875674
0.104501968683
0.103964353629
0.103484685874
0.103066268442
0.10271233364
0.102426542699
0.102211471121
0.1020704937
0.102013619902
0.102030747198
0.10211491503
0.102264137512
0.102475502699
0.102744687995
0.103066897418
0.10343709853
0.10385000247
0.104300042769
0.10478131811
0.105287488452
0.105811651873
0.106346246721
0.106883061439
0.107413471932
0.107928980666
0.108421939103
0.10888605383
0.109316130303
0.109706811675
0.110050825243
0.110337767146
0.110554108159
0.110684324817
0.110712619259
0.110624662499
0.110408926264
0.110057367795
0.109565445723
0.108931599242
0.108156377988
0.107241394709
0.106188228283
0.104997361273
0.10366719988
0.102193182229
0.100566914314
0.098775168954
0.0967984383223
0.0946085424466
0.0921645238784
0.0894056544055
0.0862393375324
0.0825209176449
0.0780136355996
0.0723313012773
0.0647593532107
0.054131179816
0.0386960015678
0.0146069995978
0.120076369855
0.119915268826
0.119550319128
0.119055222761
0.118449393992
0.117743292172
0.116977247012
0.11615508883
0.115305101779
0.114433301275
0.113555055282
0.112676717054
0.111806551693
0.11094991702
0.11011220424
0.109298085806
0.108512172306
0.107758936555
0.107042865124
0.106368260241
0.105739538636
0.10516113951
0.10463651158
0.104168948591
0.10376135963
0.10341646419
0.103136873308
0.102927280111
0.102785381385
0.102722432649
0.102727725562
0.102795113989
0.102922618904
0.103107270142
0.10334483694
0.103630613678
0.103959585914
0.104326402049
0.104725353245
0.105150320997
0.105594686557
0.106051232705
0.106512088166
0.106968807898
0.107412709718
0.107835501307
0.108229988247
0.108590360047
0.108911510045
0.109187405252
0.109409418866
0.109565742259
0.109642195732
0.109623953386
0.109497510468
0.109252354872
0.108881995699
0.108384238885
0.107760810864
0.107016545538
0.10615835467
0.105194153657
0.104131857335
0.102978518118
0.10173964564
0.100418701661
0.0990166883753
0.0975316409466
0.0959577109845
0.0942833991852
0.0924883379996
0.0905377963068
0.0883733973577
0.0858980857582
0.0829460546446
0.0792410273868
0.0742189750866
0.0669184477863
0.0542325644539
0.0261290765757
0.12078126149
0.120619554504
0.120246308564
0.119744193123
0.119129118208
0.118415535432
0.117641888035
0.116813875747
0.115959206376
0.115084630204
0.11420537652
0.113328022179
0.112460754507
0.111608911798
0.110777747625
0.109971769948
0.109195370895
0.108452775604
0.107748177898
0.107085597585
0.106469075548
0.105902616231
0.105389448456
0.10493248359
0.104534162098
0.104196560787
0.103920479852
0.103714982404
0.103576372023
0.103506874387
0.103499442787
0.103550036944
0.103656331674
0.103815007152
0.104021784399
0.104271922553
0.104560315951
0.104881469609
0.10522947074
0.105597933253
0.105979919418
0.106367869261
0.106753593579
0.107128434764
0.107483707015
0.107811389603
0.108104753107
0.108358316513
0.10856667586
0.108722630089
0.108815912275
0.108833473853
0.108761100174
0.108585562127
0.10829662412
0.107888457346
0.107360233531
0.106715936149
0.105963606172
0.105114297314
0.104180967416
0.103177460556
0.102117673734
0.101014966912
0.0998818444876
0.0987298824026
0.0975697872446
0.0964113711737
0.0952631447499
0.0941311959038
0.0930170267753
0.091914052234
0.0908023575406
0.0896418280394
0.0883607590565
0.0868546041285
0.0849281779361
0.0825402991872
0.0790278557569
0.0771762448966
0.121629912811
0.121466758683
0.121082923384
0.120570363796
0.119942179185
0.119216832185
0.118431112058
0.117592761171
0.116728939997
0.115847288824
0.114962897232
0.114082643572
0.113214639744
0.112364229318
0.111536526727
0.110735874779
0.109966434108
0.109232166635
0.108536955472
0.107884506153
0.107278471054
0.106722407887
0.106219258733
0.105771567041
0.105381376865
0.10505036626
0.104778903349
0.104573534283
0.104435600712
0.104360156355
0.104341282047
0.104376310329
0.104462670732
0.10459667874
0.104773929489
0.104989581673
0.105238375727
0.10551460824
0.105812098804
0.106124135319
0.10644341211
0.10676199224
0.107071357464
0.107362659659
0.107627262103
0.107857460023
0.108046931214
0.108190238251
0.108281149684
0.108310776526
0.108267078775
0.108136173751
0.107904625224
0.107561789136
0.107101640194
0.106523752284
0.105833359724
0.105040692531
0.104159895963
0.103207838039
0.102203010724
0.101164647836
0.100112128395
0.0990647095317
0.0980415989991
0.0970623041173
0.0961470889696
0.0953172795255
0.0945951294757
0.0940030179142
0.0935618705156
0.0932888596327
0.0931945633404
0.0932803781637
0.0935355447698
0.0939456898611
0.0944656769139
0.0952309934197
0.0958369349452
0.0984478256071
0.12261993418
0.122454540211
0.122057719849
0.121531189765
0.120885884012
0.120144331654
0.119341930397
0.118488608444
0.117611043713
0.116717897374
0.115824137634
0.114937009137
0.114064557629
0.113212151049
0.112384764389
0.111586572569
0.110821493397
0.110093210292
0.109405280568
0.108761071646
0.108163838298
0.107616688295
0.107122224991
0.106682623029
0.106299557202
0.105974285365
0.105707041641
0.105501744588
0.10536253571
0.105281281568
0.105252092671
0.105272751131
0.105340456605
0.105451191109
0.105600339847
0.105782870867
0.105993289115
0.106225600299
0.10647327575
0.106729204434
0.106985652565
0.107234264564
0.10746617921
0.107672379916
0.107844323448
0.10797462614
0.108057213273
0.108086236577
0.10805397644
0.107949398835
0.107758805139
0.107468152412
0.107065763229
0.106544599693
0.105903690238
0.105148530036
0.104290558411
0.103346054359
0.102334814713
0.101278914157
0.100201705215
0.0991271415578
0.0980794679856
0.0970833059572
0.0961641133772
0.0953488911152
0.0946668835437
0.0941499516164
0.0938323361624
0.0937496648551
0.0939372257207
0.0944276885459
0.0952485292521
0.0964196735295
0.0979507096419
0.0998434815608
0.102066027134
0.104673338011
0.10717831663
0.110820685993
0.123749061599
0.123580670501
0.123168357012
0.122624203201
0.121957594773
0.121195224372
0.120371384678
0.119498307711
0.118602285007
0.117693105869
0.116785653319
0.115887589897
0.115006910787
0.114149021767
0.113318759495
0.112520126761
0.111756789235
0.111032138219
0.110349392725
0.109711563614
0.109121499595
0.108581855607
0.108094850606
0.107662267565
0.10728542051
0.106965195558
0.106702507272
0.106497305099
0.106355950193
0.106269074841
0.106230685544
0.106238319249
0.106288806986
0.106377822807
0.106500488001
0.106651487695
0.106824995861
0.107014631137
0.107213423195
0.107413777889
0.107607464212
0.107785660466
0.107939146932
0.108058758998
0.108136073618
0.108163970571
0.108136318334
0.108046205707
0.107883691038
0.107635327644
0.107286200285
0.106823040403
0.106237024532
0.105525708831
0.10469385674
0.10375315597
0.102721116888
0.101619611271
0.100473419393
0.0993090503825
0.0981539225539
0.0970359475745
0.095983541569
0.0950260756397
0.0941946928877
0.0935232651212
0.0930491252161
0.0928131914049
0.0928592232207
0.0932321445055
0.0939755345405
0.0951284685904
0.0967218264425
0.0987741145446
0.101285756064
0.104233448181
0.107542784687
0.111135705099
0.114463690915
0.118187529575
0.125015060847
0.124842956664
0.124412531366
0.123846955114
0.123154676983
0.122366696233
0.121516509975
0.120618750086
0.119699444116
0.118769593567
0.117844047463
0.116930924765
0.116038190645
0.115171296807
0.114334943709
0.113532956597
0.112768741165
0.112045384598
0.111365756829
0.110732497607
0.110148042369
0.109614590339
0.109133935516
0.108707414075
0.108335877627
0.10801929308
0.10776159933
0.107559175825
0.107415812534
0.107323422905
0.107276662009
0.107272514152
0.107307276821
0.107376273358
0.107474276362
0.107595570871
0.107733881979
0.107882329137
0.10803339559
0.108178910983
0.108310071091
0.108417536654
0.108491713526
0.108523304435
0.108504001765
0.108426795634
0.108284996611
0.10806977596
0.107768279813
0.107364715826
0.106843763542
0.106194081158
0.105410840569
0.104497073369
0.103463734294
0.102328691907
0.101115113344
0.0998497702047
0.0985615794526
0.0972805911724
0.0960374158478
0.0948631089991
0.0937895260312
0.0928501408714
0.0920811733511
0.0915226596272
0.0912189760569
0.0912184000315
0.0915715171753
0.0923285188453
0.0935355559615
0.0952303013415
0.0974367038215
0.100158715376
0.103371931223
0.107013309605
0.110956769229
0.115021419224
0.118704500316
0.122317349158
0.126415645144
0.126239156269
0.125787898192
0.125196947522
0.124474443257
0.123655881215
0.122774297219
0.121846799798
0.120899296116
0.119944061488
0.11899597342
0.118063633002
0.117154998871
0.11627557149
0.115429917378
0.114621677668
0.113853991084
0.113129630266
0.112451107131
0.111820679824
0.111240367443
0.110711918267
0.110236688099
0.109815557888
0.109448921402
0.109135891987
0.108881607231
0.108683619119
0.108539408179
0.108442542407
0.108388731566
0.108374457833
0.10839540716
0.108446467317
0.108521968866
0.108615690626
0.108720797368
0.108829798001
0.1089345223
0.109026126797
0.109095154146
0.109131694341
0.109125763003
0.10906793396
0.108949959334
0.108764645143
0.108503989081
0.108156234996
0.107705152565
0.107133133788
0.106425620248
0.105574494834
0.104580031972
0.103451435406
0.102206025815
0.100867536951
0.0994641100046
0.0980265207746
0.0965868412319
0.0951776930272
0.0938319665866
0.0925830306822
0.0914654494989
0.0905161739879
0.0897759255741
0.0892902250476
0.0891094618453
0.0892876209783
0.0898796201223
0.0909374450354
0.092505316841
0.0946140207497
0.0972743053581
0.100469096287
0.10414374154
0.108194381475
0.112447939903
0.116661766472
0.120422103256
0.12369899803
0.127948329188
0.127766851165
0.12729196254
0.126671539607
0.125914073685
0.125059793961
0.124141638147
0.12317925128
0.122198579857
0.121213213112
0.120238126391
0.11928241617
0.118354058429
0.117458600036
0.116600474809
0.115783132025
0.115009436777
0.114281838238
0.113602483286
0.112973241642
0.112395717073
0.111871218991
0.111400676021
0.110984553025
0.110622855651
0.110314407954
0.110062668765
0.109868219125
0.109724437451
0.109624976406
0.109566069658
0.109543809752
0.109553285526
0.1095888692
0.109644361844
0.109712943713
0.109787114774
0.10985866151
0.109918649244
0.109957459738
0.109964898617
0.109930430987
0.10984366475
0.109695026033
0.109476192523
0.109179285506
0.108793935431
0.108304428384
0.10769114674
0.106935727709
0.106025827597
0.104957906593
0.103738324323
0.102382889718
0.100915137829
0.0993640449726
0.0977618027284
0.0961421372435
0.0945392060936
0.0929872015838
0.0915203774394
0.0901735974881
0.0889834411949
0.087989787068
0.087237396844
0.0867767316366
0.086663327009
0.0869554839158
0.0877104524491
0.0889794650393
0.0908019131677
0.0931987789486
0.0961652037018
0.0996620234521
0.103605733347
0.107857297328
0.11220799652
0.116386061696
0.119983220199
0.122487545152
0.1296102849
0.129423298152
0.128921938937
0.128267822183
0.127470506185
0.12657523519
0.125615246029
0.124612765155
0.123593948827
0.122573719604
0.121567221898
0.12058404861
0.119632214561
0.11871730545
0.117843621482
0.117014411075
0.116232258994
0.115499283301
0.114817260318
0.114187666594
0.113611691713
0.113090215042
0.112623743985
0.112212344288
0.111855629957
0.111552281387
0.111303966282
0.111113005196
0.110970812707
0.110870717564
0.110808922583
0.110781082536
0.110781694542
0.110804543817
0.11084280778
0.110888967092
0.110934744056
0.110971082037
0.110988162735
0.11097548469
0.110922028166
0.110816578631
0.110648312193
0.110407450164
0.110085343148
0.10967263201
0.109155229176
0.108512662103
0.107722586103
0.106767448564
0.105638746977
0.104338824008
0.102880884234
0.101287438221
0.0995877319056
0.0978150719698
0.0960045780101
0.0941917667784
0.0924117720464
0.0906993649785
0.0890892667103
0.0876170507032
0.0863206892341
0.0852425766505
0.0844312533914
0.083941812734
0.0838343502004
0.0841704908959
0.0850084633707
0.0863972385033
0.0883700591629
0.0909374434372
0.0940795558535
0.0977379042759
0.101805844265
0.106119332393
0.110450003254
0.114504872728
0.117818007695
0.120238433113
0.131398112335
0.131205221593
0.130674566683
0.129982454544
0.129140293907
0.128198668403
0.127191551145
0.126143782237
0.125081902939
0.124022168447
0.122979959788
0.121965355112
0.120986424274
0.12004877887
0.119156581418
0.1183128692
0.117519939785
0.116779573778
0.116093173005
0.11546181777
0.114886283805
0.114367024357
0.113904125808
0.113497271754
0.113145733191
0.112848712773
0.112604807796
0.112417942606
0.11227871776
0.11218015366
0.112117975423
0.112087255156
0.11208189419
0.11209504156
0.112119157972
0.112145912293
0.112166124351
0.112169763346
0.112145999442
0.1120833324
0.111969824825
0.111793526749
0.111543142316
0.111208572275
0.110780406521
0.110246606043
0.109587831744
0.108778638087
0.107795410875
0.106623351953
0.105259470573
0.103713137988
0.102004838543
0.100163487723
0.0982231860645
0.0962204077149
0.0941919341766
0.0921738648876
0.0902012051925
0.0883083576771
0.0865296491371
0.0849006233665
0.0834601336865
0.0822528937726
0.0813312567794
0.0807549671762
0.0805884536601
0.0808961343156
0.0817365228682
0.0831557699858
0.0851809365847
0.0878130132393
0.0910196064924
0.0947273635527
0.0988138080501
0.103102524919
0.10735847341
0.111261137509
0.11444938208
0.117306528326
0.133307601535
0.133108569623
0.13254588145
0.13181146016
0.130919426571
0.12992606578
0.128866569848
0.127768414809
0.126658700751
0.125554994996
0.124472973224
0.12342317504
0.122413733387
0.121450267186
0.120536793298
0.119676126426
0.118870270224
0.118120663394
0.117428331994
0.116793960149
0.116217911106
0.115700209871
0.115240494357
0.114837984912
0.114491119031
0.114201627475
0.113965454732
0.113784194759
0.113649431527
0.113554511561
0.113494506226
0.113463776805
0.113455583836
0.113462361398
0.113475734746
0.113486425884
0.113484210839
0.113457942359
0.113395642498
0.113284689395
0.113112132565
0.112865226465
0.112532131959
0.112102229417
0.111564630179
0.110902914256
0.110091074746
0.109099454766
0.107905386175
0.106498959721
0.104884279788
0.103078610741
0.101109731741
0.0990122441959
0.0968239222531
0.0945830533128
0.0923267357023
0.0900904553585
0.0879080278012
0.0858126126774
0.0838373141541
0.0820169641757
0.0803909547982
0.0790064445725
0.0779200391699
0.0771965561765
0.0769049207793
0.0771122492205
0.0778772011084
0.079243267487
0.0812321768544
0.0838372942091
0.0870168513391
0.0906868569631
0.0947142790617
0.0989186835631
0.103059065473
0.106798329867
0.110103882207
0.112898485241
0.13533338915
0.135128194957
0.134530927816
0.133749973107
0.132803110632
0.131752720101
0.130635745333
0.129482314214
0.12832025165
0.127168396747
0.126042762482
0.124954312749
0.123911240853
0.122919148504
0.121981894656
0.121102059187
0.120281345979
0.119520850433
0.118821226201
0.118182768247
0.11760543878
0.117088850769
0.116632211053
0.116234301469
0.115892809304
0.115610464073
0.115384328795
0.115210989688
0.115083006331
0.114994349122
0.114939519721
0.114912119123
0.114904689132
0.114908852662
0.114915281359
0.114913616535
0.114892447599
0.114839364974
0.114741099908
0.114583779181
0.114353341543
0.114036172113
0.113619766975
0.113092666133
0.112441331856
0.111642755512
0.110663494811
0.10947169495
0.108048383398
0.106390664629
0.104511101721
0.102435305409
0.100197873381
0.0978379597121
0.0953955643236
0.0929093195091
0.0904152864247
0.0879472115969
0.0855367304462
0.0832149808635
0.0810130318521
0.0789643972048
0.0771089321893
0.0754968376134
0.0741899378678
0.0732589948156
0.0727779500698
0.0728168412308
0.0734346676103
0.0746727955241
0.0765488761592
0.0790509883092
0.0821316737875
0.0857010818808
0.0896204545288
0.0936993682567
0.0976591862916
0.101424070198
0.104666980834
0.107181702707
0.137468596793
0.137257486074
0.136623413958
0.135791930951
0.134785504157
0.133673019906
0.132493758757
0.131280514352
0.130061988191
0.128858230776
0.127685614083
0.126555474682
0.125476050542
0.124452895404
0.123489693833
0.122588778437
0.121751549343
0.12097876142
0.120270705307
0.119627302232
0.119048136667
0.118532444743
0.118079059449
0.117686404379
0.117351856633
0.117077065744
0.116861439584
0.116698315452
0.116580021674
0.11650076396
0.116454567423
0.116434275733
0.116431627025
0.116437331081
0.116440992366
0.11643104037
0.116394732244
0.116318243372
0.116186860819
0.115985320616
0.11569834924
0.115311355112
0.114810981296
0.11418441921
0.113413613033
0.112466487019
0.11130274937
0.109891605769
0.108220718009
0.106296148689
0.104139919461
0.101785907163
0.0992745300185
0.0966479974262
0.0939469054189
0.0912087384227
0.0884672270886
0.0857533756181
0.0830957332596
0.0805227505844
0.0780626262617
0.0757470694759
0.0736167509773
0.0717261819309
0.0701440112933
0.0689482561466
0.0682186316059
0.0680284202678
0.068437176939
0.0694846440951
0.0711855186306
0.0735245721045
0.0764514983767
0.0798753051356
0.0836653323657
0.0876458695504
0.091499688114
0.095273834904
0.0982440958867
0.10050902154
0.139704348246
0.139487908612
0.138815293864
0.137929706791
0.136859402174
0.135680185936
0.134434310483
0.133157251968
0.131878720054
0.130619895981
0.129397506709
0.128223194327
0.127105211296
0.126049026405
0.125058129715
0.124134594929
0.123279517556
0.122493319934
0.121775945477
0.121126963971
0.120545611011
0.120030781491
0.119580979695
0.119194303505
0.118867911435
0.118602393033
0.118398499866
0.118247807941
0.118142176845
0.11807569198
0.118041866338
0.118032767914
0.118039246772
0.118050990936
0.118056417671
0.118042606359
0.117995326384
0.117899172803
0.117737818094
0.117494457149
0.117152493402
0.116696185007
0.116111064526
0.115382126901
0.114483954065
0.113373310533
0.11200564723
0.110355356324
0.108419517715
0.106214774886
0.103773084884
0.101135887474
0.0983479260623
0.0954526956806
0.092489682725
0.089493801689
0.0864952816025
0.083521546871
0.0805972324911
0.0777475663743
0.0749969542432
0.0723750323338
0.0699243175206
0.0677058076078
0.0657972888081
0.0642856803291
0.0632572352939
0.062788591881
0.062939733664
0.0637488671412
0.0652284175616
0.0673613155095
0.0700957477246
0.07333805426
0.0769512631274
0.0807228318143
0.0846208229021
0.08824582461
0.0909783651359
0.0930833565971
0.142029270038
0.141808492702
0.141096283749
0.140153679559
0.139015870916
0.13776596859
0.136449872822
0.13510576622
0.133764472621
0.132448203119
0.13117400657
0.129953747176
0.128795646788
0.127705046613
0.126685219817
0.125737971988
0.124864098147
0.124063703018
0.12333640627
0.122681455896
0.122097772985
0.121583949411
0.12113820734
0.120758371917
0.120441514692
0.120187033408
0.11999676088
0.119861009958
0.119771247446
0.119721219922
0.119703824274
0.119710316443
0.119730591831
0.119753217934
0.119765304679
0.119752436139
0.11969872751
0.119587012776
0.119399157071
0.119116655552
0.118721452581
0.118196374841
0.117525536467
0.116690223338
0.115653707813
0.11436105618
0.112768297669
0.110859344934
0.108643086306
0.106147902604
0.103415482053
0.100493472604
0.0974290344551
0.0942650326619
0.0910381789002
0.0877795571675
0.0845148914236
0.0812673822727
0.0780569717577
0.0749052826335
0.0718318183992
0.0688642894087
0.0660491256644
0.0634571324278
0.0611782121918
0.0593099236017
0.0579454720575
0.0571643614229
0.0570261626432
0.0575668669321
0.0587965194552
0.0606970200747
0.063217893055
0.0662761992869
0.0697570950335
0.0733635446923
0.0770810429052
0.0805057117695
0.0830713836429
0.0850648802583
0.144428874228
0.144205232991
0.143453305654
0.14245174136
0.141243831398
0.139920308508
0.13853141794
0.137118082226
0.135712315185
0.134337237452
0.133010156372
0.131743059026
0.13054407764
0.129418379152
0.128368997518
0.127397465924
0.126504290774
0.125689283757
0.124951774718
0.124290729638
0.123704797867
0.123192312449
0.122751271688
0.122379314709
0.12207407698
0.121832713159
0.121658079626
0.121539897033
0.121469380036
0.121439701994
0.121443014449
0.121469732585
0.121508750105
0.121547422529
0.121571427115
0.121564694263
0.121509504384
0.121386729251
0.121176206037
0.120857570785
0.120411107618
0.119817792572
0.119059979073
0.118112467215
0.116922561192
0.115426126674
0.113586349016
0.111400521407
0.10889121955
0.10609907269
0.103074496993
0.0998693945363
0.0965311598279
0.0931001157143
0.0896086893312
0.0860831109883
0.0825437852287
0.0790092498835
0.0754939724034
0.0720157782254
0.0685878275504
0.0652368291112
0.0620166873935
0.0590126380269
0.0563301165819
0.0540787166617
0.0523581717118
0.0512493425886
0.0508095459894
0.0510710078965
0.0520404457718
0.053697520015
0.0559892220601
0.0588338704683
0.0620930465847
0.065666694668
0.0691792083002
0.0723886531786
0.0747935021253
0.0766709401258
0.146884957912
0.146660458892
0.145869880558
0.144808752345
0.143529599125
0.142130966619
0.140668127958
0.139184786031
0.137714186147
0.136280220687
0.134900363587
0.133586612138
0.132346939141
0.131186289588
0.130107439567
0.12911165401
0.128199173951
0.127369555904
0.126621887829
0.125954906321
0.12536703802
0.124856381499
0.124420672028
0.124056858645
0.123765227279
0.1235413428
0.123384992153
0.123287007385
0.123238998272
0.123233506995
0.12326186562
0.123313613604
0.123376576688
0.123436788058
0.123478350068
0.123483363531
0.12343208149
0.123303187691
0.123074242045
0.122722872408
0.122227355994
0.121566288591
0.12071979336
0.119651267159
0.118288087089
0.11656361494
0.114455268298
0.111976687022
0.109165422016
0.106074011674
0.10275976604
0.0992764252569
0.0956693409038
0.0919745403447
0.088218909059
0.0844230882261
0.0806015301088
0.0767678715069
0.0729302468866
0.0691027447921
0.0652902042097
0.0615206477817
0.0578610117431
0.0544168478935
0.0513124800318
0.0486699531854
0.0465936862147
0.0451629768392
0.0444298252856
0.0444202733868
0.0451365559373
0.0465567384022
0.0486335582293
0.0513064714418
0.0543327196396
0.0576537582871
0.060976620544
0.0640438982943
0.0663347475525
0.068108714574
0.149374935812
0.149152164306
0.148325485734
0.147205959886
0.145856394291
0.144383136494
0.142847099302
0.141294802332
0.139760725406
0.138269381084
0.13683829531
0.135479354996
0.134200298821
0.133005806223
0.131898385471
0.130879050453
0.129947815924
0.129104038968
0.128346633509
0.127674183358
0.127084977305
0.126576978682
0.126147799163
0.125794107848
0.125516694623
0.125312358752
0.125177241961
0.125102762342
0.125080959309
0.125103849396
0.125161953815
0.125243896769
0.125336371865
0.125423994289
0.125489163279
0.125511976956
0.125470472833
0.125340891565
0.125098247814
0.124718026196
0.124175872202
0.123447518519
0.122509805773
0.121306831355
0.119745518755
0.117767545452
0.115370613449
0.112586731315
0.109468971185
0.106080418366
0.10248269847
0.098728721251
0.0948596215065
0.0909056793906
0.0868872989909
0.0828191025205
0.0787091010736
0.0745659768883
0.0703905066658
0.0661934500031
0.0619685306139
0.0577497654242
0.0536250853278
0.0497271242985
0.046201551791
0.0431814911687
0.0407722318682
0.0390469997535
0.0380482410113
0.0377924392009
0.0382743798585
0.0394667806409
0.0413278106662
0.0437975180347
0.0466714628869
0.049747845832
0.0528492060342
0.0557537795578
0.0579266557182
0.0595960801567
0.151871289971
0.151653395969
0.150794932823
0.149620420478
0.148203851631
0.146659062545
0.145053060941
0.143435191278
0.141841127385
0.140295842553
0.138816788238
0.137415622158
0.136099778631
0.134873639568
0.133739450896
0.132698011377
0.131749169282
0.130892159821
0.130125813124
0.129448659654
0.128858957701
0.128354654386
0.127933356675
0.127591782301
0.127330153608
0.127146688353
0.127035560632
0.126988029182
0.126996260266
0.127051844171
0.127144542169
0.12726203292
0.127389819676
0.127511015497
0.127606200482
0.12765329746
0.127627950306
0.127503651691
0.127252612059
0.126848017999
0.12626181424
0.125466778362
0.124433596579
0.123076289761
0.121287811612
0.119031150523
0.116328261159
0.113230759198
0.109806782181
0.106127518718
0.102255796733
0.0982410297795
0.0941182564596
0.0899109686024
0.0856324863104
0.0812912727198
0.0768884906191
0.0724279775934
0.0679018662161
0.0633184702852
0.0586564276502
0.0539642404854
0.0493612828273
0.0450140462882
0.041089909845
0.0377290105558
0.0350313187743
0.0330580871859
0.031837511301
0.031373672508
0.0316516322749
0.0326360911847
0.0342896013128
0.0365001661625
0.0391407671125
0.0420257715933
0.044952780462
0.0477127049791
0.0497752881214
0.0513416925391
0.154341091866
0.15413173434
0.15324782462
0.152024480543
0.150547578432
0.148937703847
0.147268137646
0.145590987879
0.143943031973
0.142349545337
0.140827782854
0.139389070713
0.138040486373
0.136786104249
0.135627937357
0.134566630759
0.133601952063
0.132733117689
0.1319589881
0.13127816043
0.130688983832
0.130189509632
0.129777443701
0.129449679286
0.129205830238
0.129045063763
0.128960518538
0.12894322081
0.12898527346
0.129077860708
0.129210024848
0.129368488131
0.129537521983
0.129698669247
0.129830592932
0.129908874136
0.129906610639
0.129794165165
0.129540764828
0.129117000249
0.128489498056
0.127628838258
0.126492411592
0.124953051126
0.122905932129
0.120347099602
0.117324562329
0.113910059366
0.110185044827
0.106225404012
0.102091825194
0.0978278280005
0.0934609256264
0.08900724933
0.0844727391268
0.0798598065525
0.0751623632858
0.0703796564992
0.0654935402546
0.0605113873072
0.0553911741807
0.0502101980379
0.0451316132591
0.0403611100318
0.0360845594252
0.0324415402735
0.0295180158577
0.027356436143
0.0259662625293
0.0253378297585
0.0254468135272
0.0262556099455
0.0277403905388
0.0297030051319
0.0320497963983
0.0347314750396
0.0374880543746
0.0401065275445
0.042064767039
0.043531697395
0.156745850476
0.156549029202
0.155648202168
0.154385407706
0.152858840141
0.15119450817
0.149471706221
0.147745117024
0.146052474974
0.14441921193
0.142862290307
0.141392638586
0.140016959586
0.1387390453
0.137560739517
0.136482628547
0.135504517462
0.134625737391
0.133845321006
0.133162076557
0.132574586313
0.132081143081
0.131679678189
0.131367381063
0.13114325107
0.131007218847
0.130951752336
0.130967783109
0.131047301256
0.131181085203
0.131357492926
0.131562302426
0.131778538279
0.131986131788
0.132161761306
0.132278518604
0.13230685246
0.13221350139
0.131964745121
0.131527835919
0.130862099646
0.129937674462
0.128683642362
0.126926642588
0.124589209208
0.121707641451
0.118356395536
0.114626871731
0.110610633107
0.106384198153
0.102002901362
0.0975024754908
0.0929020240743
0.0882102121486
0.0834255341003
0.0785446517206
0.0735537460065
0.0684478616054
0.0631965330836
0.0578084471333
0.0522132958378
0.0465398887991
0.041007680854
0.0358634864467
0.0313032902581
0.0274546229083
0.024378704384
0.0220924829097
0.0205833132722
0.0198277413692
0.0197911130111
0.0204354266227
0.0217382077375
0.0235012129552
0.0256191811056
0.0280845243059
0.0306465379128
0.033108794817
0.0349590639849
0.0363278163443
0.15904169413
0.158861481825
0.157954495825
0.156665294818
0.155104493995
0.153401396222
0.151640416152
0.14987842984
0.148153924594
0.146492372199
0.144910398467
0.143418527039
0.142023122133
0.14072776805
0.139534248716
0.138443229079
0.137454709141
0.136568304226
0.135783393348
0.135099168548
0.134514611654
0.134028413981
0.133638877075
0.133343617564
0.133141032305
0.133031689762
0.133007620824
0.133059817091
0.133180178809
0.133359095981
0.133584282644
0.133840607132
0.134109865627
0.134370377422
0.134596816938
0.134759679146
0.134826741853
0.134760476619
0.134524682787
0.134081503702
0.133381481013
0.132395829465
0.130999178865
0.128983064848
0.126325573759
0.123104661228
0.119421081607
0.115383932348
0.111090320845
0.106613127672
0.101999597361
0.0972764574732
0.0924540786342
0.0875339611555
0.082507212977
0.0773651988041
0.0720857358766
0.0666601916924
0.0610433246363
0.0552481872818
0.0491661782209
0.0430117921553
0.0370702223583
0.0316256169517
0.0268691860389
0.0229013191544
0.0197469059671
0.0173928544735
0.0158045211797
0.0149487507012
0.014780770637
0.0152616807945
0.0163537827805
0.0178995056877
0.019845846758
0.0221336744863
0.0245186904015
0.0268334357903
0.028582071961
0.0298589697442
0.161180206254
0.161020289636
0.160119934431
0.158821409177
0.157247352322
0.155527104161
0.153748475244
0.151969921427
0.15023043517
0.148555460691
0.146961320011
0.145458205188
0.144052249163
0.142746966582
0.141544247626
0.140445024667
0.139449696637
0.138558374108
0.137770992894
0.137087332347
0.136506965882
0.136029160938
0.135652751162
0.135375930969
0.135196511443
0.135115562296
0.135124899471
0.135215723102
0.135379893635
0.135607449742
0.135885516284
0.136198113034
0.136525868813
0.13684554842
0.137129873977
0.137346707976
0.137461252595
0.137430902075
0.137218162651
0.136776330389
0.136048243593
0.135002902318
0.133424301461
0.131105398248
0.128101599846
0.124529665903
0.120516121752
0.116183806778
0.111629870805
0.10691958765
0.102090140272
0.0971587788652
0.0921273148437
0.0869906927291
0.081732705502
0.0763400104217
0.0707812029334
0.065044663714
0.0590675622453
0.0528710388964
0.0462957824466
0.0396907552445
0.0334080826673
0.0277575877588
0.0229036391232
0.0189020352954
0.0157307091499
0.0133466066128
0.0116986077597
0.0107548851496
0.0104722756413
0.0108356965051
0.0117204501197
0.0130166226614
0.0148030373657
0.0169380948034
0.0191711250952
0.021359913078
0.0230238333861
0.0242225668683
0.16310994427
0.162972931286
0.162093506278
0.160807211212
0.159247239824
0.157538087437
0.155768328891
0.153997201958
0.152263951798
0.150593996755
0.149003480883
0.147502429188
0.146096930929
0.144790640907
0.143585786682
0.142483815967
0.141485783857
0.140592554143
0.139804869971
0.139123334478
0.138548330545
0.138079899258
0.137717584483
0.137460331643
0.137305376825
0.137254126382
0.137298418072
0.137429807151
0.137640165299
0.137919227381
0.138253601843
0.138626553362
0.139017657496
0.139402259103
0.139751277121
0.140030021569
0.140201370311
0.140216693691
0.140039424566
0.139607065176
0.138862092197
0.137752621433
0.135937750064
0.133274262261
0.12990238308
0.125973690686
0.121638737782
0.11702806206
0.112233092022
0.107308304384
0.102279785817
0.0971555416502
0.0919293696223
0.0865904617353
0.0811152856278
0.0754865479508
0.0696624639263
0.0636293545029
0.057303761631
0.0507189024085
0.0436505479758
0.0366480937565
0.0301164583416
0.024370398891
0.0195187118502
0.0155550987888
0.0124036066852
0.00999878768736
0.00828378648512
0.00724149388056
0.00683557237741
0.00707182347586
0.00781084981196
0.00895136943165
0.0105847863357
0.0125673516974
0.0146660710193
0.0167530329622
0.0183549337782
0.0194948973593
0.16477897266
0.164665190707
0.163821552571
0.16257444849
0.161063148626
0.159400236122
0.157671870236
0.15593728943
0.154235792336
0.152592851176
0.151024641785
0.149541263707
0.148149021278
0.146851988442
0.145653028613
0.144554416745
0.143558180075
0.142666245294
0.14188045683
0.14120251245
0.140633847629
0.140175491868
0.139827887163
0.139590965982
0.139461338122
0.139440517366
0.139520679515
0.139693879805
0.13995202049
0.140284575401
0.140677727798
0.141114118889
0.141572448305
0.142026870596
0.142446775692
0.142795172099
0.143033059784
0.143104831955
0.142978336443
0.142563909626
0.141822541513
0.140628610244
0.138512892962
0.135467877392
0.131711378851
0.127427095111
0.122785227177
0.117916365044
0.112900977394
0.107780687512
0.102570412429
0.0972697061086
0.0918651217686
0.0863409965651
0.0806663269048
0.0748208687021
0.0687509025839
0.0624420096824
0.0557869984905
0.0488346741338
0.0412815490178
0.0339614400506
0.0272941563446
0.0215703445069
0.0168097154444
0.0129297798585
0.00980198497058
0.00735651342386
0.00554554629237
0.00438087198925
0.00383472777223
0.00394534308178
0.00455571014613
0.00560229768039
0.00713718997337
0.00901697602369
0.011030462857
0.0130581871033
0.0146323271241
0.0157398365451
0.16613804939
0.16604251844
0.165249586971
0.164077028474
0.162657029716
0.161081649363
0.159432295978
0.157767770901
0.156127319239
0.154536597647
0.153012044888
0.151564094464
0.150199557279
0.14892325499
0.147739045819
0.146650408213
0.145660719671
0.144773334954
0.143991539727
0.143318432039
0.142756764312
0.142308773026
0.141975924445
0.141759645146
0.141655870533
0.141665509316
0.141781629705
0.141996962935
0.14230343182
0.142690286725
0.143143391532
0.143644930048
0.144172965958
0.144700795763
0.14519670049
0.145621868279
0.145936099413
0.146076123815
0.146018992032
0.145631578411
0.144929617488
0.143600525116
0.141118984386
0.137661737691
0.133510323006
0.128879222689
0.123950192182
0.118845624583
0.113631035457
0.108334440158
0.1029603476
0.0975010089845
0.0919365992981
0.0862475231311
0.0803950285517
0.0743572697181
0.0680665134081
0.0615096149637
0.054552537937
0.0472616878998
0.0392429175511
0.0317139121654
0.0250396110203
0.0194528872204
0.0148485789627
0.0110627760395
0.00793006994557
0.00540405028084
0.00345946813584
0.00214446111548
0.00143732957688
0.00143945270169
0.00194907095195
0.00295063167216
0.00444518369263
0.00628965996185
0.00828712581471
0.0103152840518
0.0119082170499
0.0130172996862
0.167148301653
0.167049914914
0.166326487033
0.165278604527
0.163999543377
0.162556357216
0.161026473684
0.159468217946
0.157920726751
0.156409910533
0.154952567471
0.153559621482
0.152238641088
0.150995534976
0.149835558641
0.148763829925
0.147785517645
0.146905827522
0.14612987439
0.145462498959
0.144908060484
0.144470233195
0.14415162494
0.143955443182
0.143877344742
0.143916761109
0.144068053532
0.144324743846
0.144678806288
0.145119325607
0.145631952584
0.146198594431
0.146796966699
0.147399936362
0.147975249444
0.148483031291
0.148882814358
0.149103659398
0.149137581053
0.148787928169
0.148182826571
0.146623412088
0.143721376931
0.139828056341
0.135279253007
0.130317931331
0.125125750282
0.119809310784
0.114416913411
0.108963458644
0.103444405096
0.0978459954018
0.0921429214174
0.0863125635514
0.0803080903655
0.0741078514708
0.0676273465438
0.0608579259943
0.0536353224329
0.0460430836546
0.0375924662175
0.0299919862973
0.0234457479827
0.0180965998978
0.0136781128014
0.00995846381218
0.00676943785394
0.00411781485295
0.00200885245956
0.000525644690697
-0.000351054597107
-0.000423178381123
2.32971081602e-06
0.00102455690784
0.00253502299666
0.00441595592252
0.00647750605174
0.00857729823331
0.0102532353973
0.0113875788482
0.167738327984
0.167605019391
0.167019712544
0.166169263908
0.165078926428
0.163809299228
0.162437831695
0.161021785315
0.159599907328
0.158198010251
0.156832900432
0.155515853686
0.154255300101
0.153058530087
0.15193261734
0.15088480559
0.149922556613
0.149053407034
0.148284736069
0.14762350706
0.147076013653
0.146647657251
0.146342619723
0.146164851117
0.146110331435
0.146177919875
0.146362741536
0.146658923051
0.147058526064
0.147550519161
0.148120421068
0.148750039453
0.149417061284
0.150094431223
0.150750071661
0.151344078107
0.151836868757
0.152150940413
0.152299140423
0.152000909655
0.151574629097
0.149641434767
0.146280500135
0.141935205525
0.136996517643
0.131729049155
0.126300876936
0.12079708539
0.115248374482
0.109658013857
0.104014089582
0.0982981199542
0.0924802411502
0.0865356855196
0.080409318356
0.0740819610967
0.0674488180805
0.0605109150389
0.0530691972432
0.0452212433808
0.0363923963079
0.0288816636239
0.0225945332357
0.0175570142929
0.0133068757267
0.00959228400763
0.00628736927198
0.003473512214
0.00118754011604
-0.000440206962638
-0.0013880421826
-0.00147398808293
-0.00117272570499
-8.51679987513e-05
0.00150891150539
0.00349898974538
0.00568442093658
0.00790388908663
0.00970180801993
0.0108637485819
0.167835869976
0.167627076798
0.167356816895
0.166777919639
0.16590523089
0.164838912606
0.163657669377
0.162415943154
0.161150969439
0.159887017121
0.158639734547
0.157420132913
0.156237363701
0.155100301141
0.154018255756
0.153001125747
0.15205922321
0.151202946879
0.150442412892
0.149787105245
0.149245570718
0.148825170314
0.148531824342
0.148370235347
0.148336701887
0.14842987536
0.148645424638
0.148977919632
0.149419480359
0.149958958304
0.150581781705
0.151269805763
0.152000997064
0.152748905051
0.153482406193
0.154162781019
0.154752576258
0.155170149132
0.155453604453
0.155223191607
0.155075326908
0.152592635368
0.148750401604
0.143947488291
0.13863869138
0.133095890083
0.127461071648
0.121794862303
0.116111650157
0.110405175455
0.104657919375
0.0988478822524
0.0929416677303
0.0869131918594
0.0806991496478
0.0742854696127
0.0675428431207
0.0604899916719
0.0528856178275
0.0448373919215
0.0357097160758
0.0284634741529
0.0225524384036
0.0178581894461
0.0137065863988
0.00992035897901
0.00645216075287
0.00347322292091
0.00104414102205
-0.000667609033855
-0.00156786646042
-0.0016778330191
-0.00140614988471
-0.000257671633391
0.00144120290325
0.00358929136386
0.00593645026642
0.00830521954727
0.0102369763336
0.01143107359
0.16768543755
0.167702543721
0.167617773372
0.167201594749
0.166520232428
0.165660426282
0.16468564005
0.163642700224
0.162562617099
0.161464352511
0.16036006403
0.15925927795
0.158171431462
0.157107076038
0.156078171302
0.155097837447
0.15417984378
0.153338023662
0.152585727646
0.151935365006
0.151398043776
0.150983299937
0.150698917819
0.150550476154
0.150534559072
0.150649690985
0.150892005072
0.151256358802
0.151734807393
0.152316002449
0.152985256031
0.15372455087
0.15451237616
0.15532335659
0.156128063039
0.156890187982
0.157575524488
0.158101819139
0.158533401602
0.158387086561
0.158613524764
0.15540933673
0.151077938398
0.145825801481
0.14018060415
0.134399103869
0.128588564925
0.122785380226
0.116990144337
0.111189423779
0.105361823839
0.0994829750907
0.0935171572947
0.0874377500286
0.0811740912836
0.0747198674633
0.0679168269802
0.0608128682461
0.0531115856824
0.0449310493449
0.0356148139852
0.0288073395321
0.0233664506884
0.0189830404527
0.0148246373151
0.0109126496907
0.00728338248875
0.00418665173567
0.00172296436409
-6.84476420154e-05
-0.000991387302517
-0.0011494004355
-0.00072148478676
0.000513751437112
0.00233339983593
0.00465465306614
0.00719803880755
0.00975712548094
0.0118556814325
0.0131028244895
0.16771204861
0.167898447207
0.167806785365
0.167471367302
0.16695013908
0.166284098066
0.165521760253
0.164696545536
0.163826143108
0.162919335589
0.161981821171
0.161020034288
0.160043080952
0.159063235061
0.158095536702
0.157156938108
0.156265311922
0.155438521546
0.154693652825
0.154046430627
0.153510803081
0.153098655979
0.152819703694
0.152680526749
0.152678035553
0.152810642745
0.153074820985
0.15346550768
0.153974492954
0.154590063863
0.155297302515
0.156078295256
0.156912175125
0.157774972931
0.158639543347
0.159473034836
0.160245281189
0.160877441023
0.161455986915
0.161405598826
0.162066319795
0.158014162414
0.153203951326
0.147529873325
0.141596042556
0.135617252972
0.129663248586
0.123749297422
0.117865426309
0.111993390047
0.106109583867
0.100188434621
0.0941933652683
0.0880979591588
0.0818260417402
0.0753811635827
0.0685726264137
0.061492193499
0.053767391281
0.0455395140883
0.0361759130782
0.0299670590561
0.0250568098102
0.0208814930096
0.0166335999587
0.0126012404691
0.00888520380335
0.00564856339112
0.00310913202398
0.00127696226314
0.000336643511475
0.000183070502515
0.000726700500455
0.00209068390224
0.0041070143108
0.00666321517846
0.0094661555317
0.0122737975954
0.0145825736932
0.0159009661559
0.167742907284
0.167852476511
0.167781329835
0.167565971884
0.167184341433
0.166703340477
0.166162581449
0.165573803308
0.164936093241
0.16424427139
0.163494902033
0.162689838666
0.161837336273
0.160951521788
0.160051018361
0.159157270304
0.158292920586
0.157480449348
0.156741146868
0.156094396897
0.155557209329
0.15514393106
0.154866201388
0.154731694534
0.154737769116
0.154882754577
0.155163266437
0.155574041551
0.156106332121
0.156747810073
0.157483105651
0.158294246343
0.159160956211
0.1600607905
0.160969234537
0.161857613081
0.162700222558
0.163425448288
0.164132835506
0.164182983777
0.165273330111
0.160319839247
0.155068102774
0.14902239965
0.142859629383
0.136728408058
0.130664352653
0.124666705785
0.11871840751
0.112798661886
0.106883291303
0.100946788401
0.0949534595798
0.0888778476538
0.0826414082087
0.0762584542414
0.069505251841
0.0625336726375
0.0548653086927
0.0466999338698
0.0374534437981
0.0319794681185
0.0276056842907
0.0235137056696
0.0191760615151
0.0150050142656
0.0111731871792
0.00782428377506
0.00513991695483
0.00324562457924
0.00229453529983
0.00218815852028
0.00288201063608
0.00444700433055
0.00673961483277
0.00960888172912
0.0127492389598
0.0158709844434
0.0184338107387
0.0198332772507
0.16764821618
0.167648630662
0.167713459399
0.167539346663
0.167240451594
0.166932333193
0.166619124758
0.166281683162
0.165895543357
0.165437741127
0.164893260749
0.164258153054
0.163539503114
0.16275355183
0.161923085178
0.161074727313
0.160236535842
0.159436132384
0.158699398202
0.158049630442
0.15750703468
0.15708844568
0.156807339165
0.156672496135
0.15668191043
0.156833916993
0.157125023329
0.157549413924
0.158097468952
0.158755918519
0.159508606116
0.160337175255
0.161221669267
0.162141011206
0.163073356287
0.163994549147
0.164883546798
0.165679121385
0.166482082587
0.16663060784
0.168072728463
0.162240677892
0.156617898954
0.15027441619
0.143949800556
0.13771265208
0.131572621248
0.125518827446
0.119530547381
0.113586572329
0.107663792186
0.101738187276
0.0957768944582
0.0897563004526
0.0835999485384
0.0773320326902
0.0707005814278
0.0639317000786
0.0564065995894
0.0484524365606
0.0395062402635
0.0348895657516
0.0309503475675
0.026854462633
0.0223842229768
0.0180858396763
0.0140729696567
0.010580315049
0.00778193574009
0.00583821700906
0.00489473395414
0.00486894599248
0.005754335589
0.00758517475107
0.0102229806507
0.0134823184456
0.0170383359749
0.0205398311738
0.0233978222402
0.0248801949415
0.167517957171
0.167484533686
0.167474265555
0.167301007766
0.167118083455
0.166989380376
0.166911469211
0.166838432951
0.166717641869
0.166506109571
0.166176095311
0.165717347167
0.165135836761
0.164450355884
0.163688505499
0.162882767002
0.162067167726
0.161274857198
0.160536543583
0.159879550175
0.159327285662
0.15889898933
0.158609795613
0.158469507165
0.158477038954
0.15863093442
0.158927293939
0.159359315443
0.159916108864
0.160583065848
0.161342800201
0.162176076352
0.163062736555
0.163982586675
0.164916122419
0.165843665394
0.166749040282
0.167583859496
0.168439359835
0.168679462842
0.170339452039
0.163713125833
0.157819381888
0.15127025874
0.144852094131
0.138554872896
0.132372477001
0.126289552584
0.120284889366
0.114338863045
0.108431056144
0.102540489759
0.0966391415808
0.0907064173874
0.0846733643328
0.0785712874219
0.0721321605392
0.0656618700597
0.0583716293295
0.0508243858125
0.04238275936
0.0387824022319
0.0349601828043
0.0308034437724
0.0261902144083
0.021711971563
0.0175267732529
0.0138874051977
0.0109867132929
0.0090052684022
0.00809056869118
0.00818522859747
0.00930687649444
0.0114641967958
0.014514746928
0.0182411570561
0.022289373641
0.0262346513
0.0294244935357
0.0309835939277
0.167377079009
0.167273471197
0.167130754761
0.167015174881
0.166897494557
0.166927730417
0.167087214141
0.167282266548
0.167429162898
0.167464886002
0.167348349524
0.167062945681
0.166613815449
0.166022796525
0.165322967023
0.164553270099
0.163754080634
0.162964235531
0.162219289328
0.161550521782
0.160984405508
0.160542386475
0.160240994838
0.160090800969
0.160091879645
0.160243250361
0.160540328041
0.16097490946
0.161534472084
0.162202684225
0.162960431599
0.163786948714
0.164661075719
0.165562606893
0.1664735624
0.167378230437
0.168265610085
0.169102077192
0.169963106031
0.170284343373
0.172004771217
0.164714057449
0.158664772533
0.152010281554
0.145561631175
0.139246952866
0.133053614803
0.126966523787
0.120966789693
0.115038173539
0.109164482685
0.103329361589
0.0975115117645
0.0916949591295
0.0858238714115
0.0799328210289
0.0737581175673
0.0676757803022
0.060715563631
0.0537979626913
0.0460176894317
0.0436523791228
0.0394710532589
0.0352435766297
0.0304753018518
0.0258059449873
0.0214444633032
0.0176601964008
0.0146683650564
0.0126632864582
0.0117979922116
0.0120477161627
0.0134492454206
0.0159913809945
0.0195220939256
0.0237919119164
0.0284068731963
0.0328580715301
0.0364106503821
0.0380323332342
0.167295942989
0.167127464017
0.166923279396
0.166739676663
0.166613111647
0.166807192391
0.167210726085
0.16766559581
0.168067226031
0.168336270995
0.168418754612
0.168292322086
0.167961488807
0.167451493065
0.166801502715
0.166057366476
0.165265872518
0.164471363727
0.163713977224
0.163028659779
0.162444639594
0.1619852509
0.161668108753
0.161504239059
0.161495247125
0.161641032042
0.161936005764
0.162370100175
0.162928781499
0.163593600807
0.164343175773
0.165154433763
0.166004141291
0.166870732231
0.167736325753
0.168588049154
0.169420322764
0.170215804756
0.171034957812
0.171421208792
0.173051665621
0.16526671676
0.159172938473
0.152510178849
0.146084022287
0.139788859626
0.13361188621
0.127541832761
0.121564504459
0.115668587124
0.1098434402
0.104078782042
0.0983616103906
0.0926825941746
0.0870037755682
0.0813597217855
0.0755180355619
0.069898351553
0.0633812767007
0.0573469813483
0.0502384093206
0.0490124996549
0.0444097090139
0.0400314384628
0.0350999689221
0.0302296808566
0.025688801096
0.0217639538143
0.0186913262489
0.0166763959502
0.0158802713672
0.0163162619445
0.018037498806
0.0210166347362
0.0250890280369
0.0299725717011
0.0352240820059
0.04024099216
0.0441812991039
0.0458451497683
0.167352958041
0.167120013072
0.16685678265
0.166583244852
0.166533142971
0.166763639618
0.167369889122
0.168048408217
0.168672359126
0.169142893694
0.169395151444
0.169401868002
0.169166142205
0.168716698778
0.168099538386
0.167367699154
0.166573978445
0.165767577838
0.16499262058
0.16428719973
0.163682826097
0.1632042966
0.162869934977
0.162690684944
0.162669762038
0.162808215705
0.163099342344
0.163531041644
0.16408667065
0.164745487478
0.165483425809
0.166274317551
0.167091575068
0.167910442829
0.168710927953
0.169480939489
0.170220041984
0.170928257168
0.171659004778
0.172083294884
0.173495728246
0.165431795972
0.159382533618
0.152797997298
0.14643551958
0.140189265317
0.134049954082
0.128012706305
0.122069972984
0.116216578149
0.110448411598
0.104762379181
0.099154898637
0.0936255342821
0.088157230274
0.0827839823379
0.0773324444319
0.0722227622648
0.0662723265086
0.0613629917022
0.055014506735
0.0542062258109
0.0495871380266
0.0449710095813
0.0398528289699
0.0347760812917
0.030060340098
0.0260098598651
0.022877039851
0.0208731010746
0.0201648327544
0.0208082544015
0.0228744381979
0.026324809699
0.0309820812332
0.0365328105479
0.0424799779048
0.0481198066871
0.0524693625252
0.0541534063104
0.167646283248
0.167326412856
0.16697444529
0.166630830315
0.166629666166
0.166901235517
0.167668178383
0.168484301428
0.169276410865
0.169896612574
0.170276375823
0.17038166745
0.170210973138
0.169795955275
0.169190526812
0.168455169687
0.16764785795
0.16682165731
0.166023883808
0.165295109502
0.16466853589
0.164169933889
0.163818018108
0.163623319888
0.163590865855
0.163723075349
0.164011808268
0.164442655118
0.164996727342
0.165650860625
0.16637804297
0.167148462825
0.167931131515
0.168696279888
0.169418978985
0.170084327438
0.170694686556
0.171267707268
0.171865574067
0.172286687547
0.173372544213
0.165296256699
0.159348732521
0.15291462086
0.146644708429
0.140466298036
0.134377444926
0.128381539678
0.122478999271
0.116671449101
0.110961694451
0.105354312738
0.0998556125255
0.0944760291898
0.0892205509555
0.08412687847
0.0791015233306
0.0745131051116
0.0692483468911
0.0656265021958
0.0602066669843
0.0591541200935
0.0546342599529
0.0497673565279
0.0444408287532
0.0391539506895
0.0342635080411
0.030090279015
0.0269020536249
0.0249177704452
0.0243127256614
0.025183880902
0.0276166309044
0.0315632909843
0.0368344780666
0.0430900112659
0.0497839613873
0.0561085229555
0.0608942873056
0.0625853198263
0.168221776966
0.167784725341
0.167334072478
0.166919950645
0.166835891133
0.167279783231
0.168079563077
0.168985991838
0.169887606751
0.170590131027
0.17105061263
0.17121545385
0.171077490729
0.170671708914
0.170060640368
0.169310786424
0.168483170815
0.167633342798
0.166810982017
0.16605847174
0.165410143406
0.164892321757
0.164523885158
0.164314595554
0.164271145514
0.164397023784
0.164682991826
0.165112764261
0.16566551252
0.166315866353
0.167034048266
0.167786708738
0.168538323149
0.169253308154
0.169899428055
0.170453598525
0.1709125631
0.171306300974
0.171731327194
0.172101394794
0.17276520284
0.164996911859
0.159164339147
0.152921375521
0.146753220736
0.140645141063
0.134607466911
0.128652256376
0.122787737205
0.117021942403
0.111364015524
0.105825641114
0.100422333569
0.0951759438772
0.0901124448344
0.0852812323971
0.0806752252815
0.076579135506
0.072148723857
0.0699719274297
0.0654372196499
0.0637299282083
0.0591515286721
0.0540197287696
0.0485043106853
0.0430605286112
0.0380567270382
0.0338192767526
0.0306226528219
0.0286879146056
0.0281954278286
0.0292876402943
0.0320647369336
0.0364756047983
0.0423206110858
0.049242230414
0.056670344833
0.0637097328287
0.0689518256459
0.0706541609334
0.16887954646
0.168337127866
0.167809904137
0.167388644589
0.167291874772
0.167713715319
0.168532261958
0.169520843819
0.170423576349
0.17115862978
0.171678066974
0.171871876123
0.171725529248
0.17129267572
0.170653534229
0.169877646327
0.169024793267
0.168150914252
0.167306828293
0.166535597179
0.165871685553
0.165341264869
0.164963470478
0.164748327892
0.164702894743
0.164829486687
0.165117368575
0.165548876724
0.166101813406
0.166749228273
0.167459429598
0.168196735954
0.168922756895
0.169598246998
0.170185819637
0.170653963428
0.170984720506
0.171199283905
0.171437539102
0.171687648582
0.171893521728
0.164780844438
0.158982869778
0.152894674955
0.146804243809
0.140747952795
0.134748128702
0.128822850661
0.122985850413
0.117249756037
0.111628241524
0.106138130459
0.100801667801
0.0956497210845
0.0907243231202
0.0860903755652
0.0818129456833
0.0781095589556
0.074614279431
0.0737225730934
0.0696205212032
0.0670307073298
0.062344819576
0.0570321886303
0.0513950430799
0.0458508722667
0.0407715838523
0.0364896870734
0.0332874258127
0.0313911438941
0.0309863788474
0.0322433142151
0.0352866714774
0.0400760538738
0.0464088732062
0.0539332483863
0.0621149295546
0.0700176121763
0.0758871909859
0.0777135704404
0.169183432302
0.168659920641
0.16813639166
0.167758429814
0.167703548593
0.16811813249
0.168961617625
0.170005008901
0.17093613962
0.171596210893
0.172081333468
0.172351377518
0.172211071833
0.171742379144
0.171065402821
0.170255027005
0.169369088208
0.168464233811
0.167592776744
0.166798558505
0.166115991094
0.16557009473
0.165175483529
0.164944660708
0.164889278164
0.165008246219
0.165288506268
0.165711338834
0.16625389692
0.16688875192
0.167583912429
0.168303608563
0.169009626008
0.169663233528
0.170227927584
0.170673204587
0.170979718787
0.171144551662
0.171259519856
0.171269126912
0.171275959574
0.164872638473
0.158926054631
0.15288283247
0.146822788079
0.140787314898
0.134803081114
0.128890206968
0.123064574732
0.117340689008
0.111734087358
0.10626372063
0.100954640409
0.0958415741348
0.0909735392373
0.0864233725925
0.0822925759578
0.0787782403813
0.0760057935761
0.0755205590028
0.0707949700109
0.0678455893357
0.0633349650637
0.0581237150517
0.0526032473695
0.0471723357343
0.0421986232834
0.0380152222215
0.0349113379669
0.0331269693854
0.0328669641303
0.0343276567695
0.0376546898833
0.0428283585819
0.0496466333384
0.0577641796829
0.0666964240775
0.0754425170274
0.0816792571228
0.0830900618703
)
;

boundaryField
{
    frontAndBack
    {
        type            empty;
    }
    upperWall
    {
        type            zeroGradient;
    }
    lowerWall
    {
        type            zeroGradient;
    }
    inlet
    {
        type            zeroGradient;
    }
    outlet
    {
        type            fixedValue;
        value           uniform 0;
    }
}


// ************************************************************************* //
