/*--------------------------------*- C++ -*----------------------------------*\
| =========                 |                                                 |
| \\      /  F ield         | OpenFOAM: The Open Source CFD Toolbox           |
|  \\    /   O peration     | Version:  v1806                                 |
|   \\  /    A nd           | Web:      www.OpenFOAM.com                      |
|    \\/     M anipulation  |                                                 |
\*---------------------------------------------------------------------------*/
FoamFile
{
    version     2.0;
    format      ascii;
    class       volScalarField;
    location    "400";
    object      pa;
}
// * * * * * * * * * * * * * * * * * * * * * * * * * * * * * * * * * * * * * //

dimensions      [0 2 -2 0 0 0 0];


internalField   nonuniform List<scalar> 
6400
(
0.313692897431
0.255803761121
0.144557738996
0.068016592925
0.0649424193341
0.123600704342
0.237296496883
0.361709163821
0.478429354076
0.586516116396
0.684469796516
0.76884563191
0.837437816484
0.890044370033
0.927642008079
0.95167101519
0.963743909001
0.965533496243
0.958675807451
0.944691486055
0.924935124435
0.900582412362
0.872632604933
0.841926219097
0.809162348538
0.774922217626
0.73968797367
0.703864596988
0.667796196307
0.631786370277
0.596118267501
0.561101722501
0.527158765023
0.494971563802
0.465058617484
0.434941132103
0.39090819466
0.323567067875
0.234203807581
0.131482400473
0.0220802029121
-0.0906722542436
-0.20526077355
-0.320673986861
-0.4359766863
-0.550304124188
-0.662879815787
-0.772991143907
-0.879951001034
-0.983078197248
-1.08168378302
-1.17506753984
-1.26251245547
-1.3432891196
-1.41666183074
-1.48190785025
-1.53834097462
-1.58534848326
-1.6224312902
-1.6492528985
-1.66568502419
-1.67185222932
-1.66816264268
-1.65532633604
-1.63435035874
-1.60651529056
-1.57332519421
-1.53644408613
-1.49760204532
-1.45851437255
-1.42071706655
-1.38554172992
-1.35365590123
-1.32552145336
-1.29946171239
-1.27578500051
-1.24763094904
-1.22740603408
-1.19445322706
-1.2391611226
0.156138964426
0.0481843078484
-0.00718727247056
-0.0351221443583
0.0284223331194
0.249112686458
0.561799091524
0.945509341398
1.39564289505
1.90194438051
2.45034627168
3.02618867751
3.61636310835
4.21004451133
4.79852725458
5.37487964959
5.93369226803
6.47087781711
6.98346052737
7.46936293169
7.9272093344
8.35616559509
8.75580551298
9.12600890145
9.46687549456
9.77866359206
10.0617369546
10.3165314003
10.5435241855
10.7432190016
10.9161299882
11.0627643516
11.1836202636
11.2793812724
11.3528310613
11.4152336049
11.4916929891
11.5778311548
11.650407788
11.6994602136
11.724040778
11.7241439769
11.6990464685
11.6477727665
11.5694352742
11.4632619654
11.3285547126
11.1646835958
10.9711123994
10.7474280573
10.4933731892
10.2088787895
9.89410737612
9.54950040331
9.17583704239
8.77429458043
8.34651402424
7.89465735774
7.421454898
6.93022647666
6.42487203205
5.9098176303
5.38991590545
4.87029612694
4.35617269563
3.85261959676
3.36433087175
2.89537845381
2.44899883145
2.02739315207
1.63163087322
1.26146820209
0.915619804983
0.591180801825
0.285806134012
-0.00617904391418
-0.278891965046
-0.543749516662
-0.719818559432
-0.946286209712
0.0503038326727
-0.0117958988982
-0.00284636663472
0.0119580541122
0.06564293487
0.183962421461
0.352646230744
0.564317337063
0.809142078516
1.07412934865
1.34701207746
1.61776107538
1.87839732907
2.12288672447
2.34705393609
2.54830351628
2.72527129603
2.87752168055
3.00530381299
3.10934633731
3.19069035446
3.2505585397
3.29026150223
3.31113040168
3.31447377768
3.30154850389
3.2735458281
3.23158387925
3.17670934437
3.10989966297
3.03207081854
2.94406935323
2.84660314271
2.73967445756
2.62038519331
2.47803799801
2.31107971331
2.13982010212
1.97771181278
1.82331022524
1.67437987704
1.53120240009
1.39499632528
1.26697674671
1.14823942219
1.03977559177
0.942420241358
0.856784690226
0.783208759267
0.721732823619
0.672075879697
0.633620746349
0.605402826933
0.586109593101
0.5740879132
0.567367948461
0.563702157175
0.560629084354
0.555559780046
0.545893080446
0.529152289229
0.503141132705
0.46610315304
0.416873384567
0.355001900825
0.280835687032
0.195545714269
0.101088630625
0.000118083559785
-0.104197173159
-0.208327913204
-0.308829812797
-0.402296277603
-0.486970597046
-0.560351141703
-0.627219146936
-0.676224704603
-0.733083541685
-0.664177673017
-0.825951391428
-0.174002341257
-0.0475866811344
-0.0821421502847
-0.0965829285902
0.031186897321
0.216694125803
0.426953063483
0.668004854369
0.936226665229
1.22135353251
1.51567284425
1.81411789053
2.11247578963
2.40714367956
2.69540035896
2.97537829582
3.24583922602
3.50597789381
3.75529325088
3.99349879272
4.22044970664
4.4360903237
4.64041681308
4.83345654777
5.01525431863
5.1858675937
5.34536267671
5.49381633362
5.63131368342
5.75795051902
5.87381644112
5.97899759211
6.07351479749
6.15773756229
6.23313336607
6.30496396493
6.35839155363
6.38705483702
6.39691114843
6.38897901232
6.3612446901
6.31264002252
6.24315932136
6.15306192292
6.04264814157
5.91235331543
5.76282614002
5.59494274932
5.40980569735
5.20874173213
4.99329880899
4.76523117604
4.52647645747
4.27911808298
4.02533804382
3.76735284801
3.50733904432
3.247344916
2.98919966758
2.73442324445
2.48415339098
2.23909752821
1.99952576471
1.76530863811
1.53600646145
1.31100083991
1.08966472215
0.871544376021
0.65656593848
0.445192044555
0.23868408058
0.0390440390814
-0.150260891945
-0.325767401476
-0.479798431476
-0.611848079004
-0.69557961051
-0.764957183969
-0.613848173923
-0.822083938256
-0.530571959978
0.105515522666
-0.0483575202845
-0.047503470232
0.213622650949
0.465594861384
0.677471744348
0.891214912446
1.11435716078
1.34028156857
1.5658473443
1.78997089727
2.01086241241
2.22615721204
2.43364787088
2.63152000478
2.81830196207
2.9928014988
3.15407927724
3.30142682723
3.43433816361
3.5524771331
3.65564895343
3.74377426667
3.81686848902
3.87502241653
3.91838751176
3.94716127751
3.96157726707
3.96189131368
3.94837848399
3.92130592801
3.88095566256
3.82738376554
3.76050966228
3.68052799592
3.59886121631
3.5175963998
3.43833453702
3.36212687261
3.28865527555
3.21745345339
3.14838037925
3.08131527468
3.01593134181
2.95169700147
2.88792757767
2.82381309898
2.75843707075
2.69080941261
2.61991100604
2.54474745764
2.46440478918
2.37810804136
2.28527604869
2.18557117608
2.07893483528
1.96560571326
1.84611169857
1.72123433262
1.59194239864
1.45930129281
1.3243655769
1.18807091331
1.05114120013
0.914027408423
0.776894138537
0.639648932222
0.502044570219
0.363772605546
0.224746667776
0.0850394729211
-0.0540741674786
-0.191799743133
-0.321797497023
-0.446962766742
-0.534188414473
-0.634326483845
-0.451931428639
-0.789009904547
-0.788977580062
0.580199870457
0.153557345911
0.187221023752
0.530411669326
0.771326445897
0.936967011534
1.10075043701
1.27271770329
1.44785939641
1.62599880775
1.80791902204
1.9926556181
2.17822196707
2.3625608114
2.54384762489
2.72050447771
2.89119015482
3.0548005659
3.21045993412
3.35749726853
3.495417842
3.62387448923
3.74264338686
3.8516026285
3.95071582274
4.04001809805
4.11960657626
4.18963213664
4.2502948186
4.30184007286
4.34456528483
4.37884160453
4.40517638285
4.4239246505
4.43229059831
4.42661361273
4.40632312837
4.37184972779
4.3239296283
4.262995377
4.18940739306
4.1038144958
4.00714257618
3.90044991774
3.78485132113
3.66149067868
3.53150542896
3.39598026904
3.2559030644
3.11213297254
2.96537975528
2.81619707007
2.66498892958
2.51203243414
2.35751426075
2.2015807199
2.04439521356
1.88619842108
1.72736090818
1.56842002845
1.4100905475
1.25324427275
1.09885640857
0.947926365183
0.801382531051
0.659995940281
0.524302458503
0.394592100607
0.270875525603
0.153078050313
0.0407926937138
-0.0656181798259
-0.167393976576
-0.260034233367
-0.352517152584
-0.40886977729
-0.505862208041
-0.252537011723
-0.72379292305
-1.06202708387
1.27912636691
0.458005315122
0.52808583078
0.877338356962
1.04560555178
1.1425208588
1.25022725554
1.37138111444
1.50042682145
1.63771307306
1.78343702032
1.93586811205
2.09247263482
2.25074242279
2.40840259307
2.56342321012
2.71402121575
2.858663104
2.99605474911
3.12512038584
3.24497676176
3.35490818324
3.45434339422
3.54283595556
3.62004692512
3.68573099281
3.73972421306
3.78193478442
3.81233357453
3.83094826252
3.837846739
3.83312704639
3.81688004241
3.78963543735
3.75487525369
3.71439719925
3.66886556433
3.61900505478
3.56547532123
3.5085337875
3.44807181088
3.38385324429
3.31562969109
3.24313648055
3.16609321274
3.08423691626
2.997359267
2.90532967577
2.80810689665
2.70574199769
2.59837435159
2.48621995476
2.36955474256
2.24869517355
2.12398058448
1.99576061037
1.86439198747
1.73024704023
1.59373468658
1.4553311744
1.31561448493
1.17529340626
1.03522086702
0.896384314685
0.759866288835
0.626790235512
0.498235110353
0.375192346816
0.258462066049
0.148796636186
0.0464885195518
-0.047438942788
-0.134280363333
-0.208916097486
-0.283765091299
-0.316537436788
-0.41065140969
-0.0654058704038
-0.667785474191
-1.34061959096
2.17542374538
0.795335125714
0.895527187358
1.18142713795
1.25004650605
1.28428345283
1.34901942292
1.43465850422
1.53448190383
1.6479578002
1.7737778083
1.90923834631
2.05136475967
2.19741091854
2.34492199837
2.49172121936
2.63590455936
2.77583333011
2.9101179226
3.03759550916
3.15730613793
3.26846947217
3.37046382277
3.46280754541
3.54514343736
3.61722558882
3.6789088569
3.73014071288
3.77095400174
3.8014649961
3.82186348473
3.83243641803
3.8334985658
3.82541730177
3.80736302413
3.77889886172
3.74029899944
3.69213438539
3.63510686274
3.56991680216
3.49722922441
3.41772796594
3.33213593273
3.24117112259
3.14549225999
3.04566873234
2.9421697244
2.8353629096
2.72552105986
2.61283818337
2.49745343426
2.37947925227
2.25902950964
2.13624408303
2.01130692011
1.88445589336
1.75598444728
1.6262375905
1.49560573367
1.36452147057
1.23346257163
1.10296285652
0.973627415298
0.846147523611
0.7212995369
0.599942486102
0.482965512568
0.371272156194
0.265663212758
0.166985183036
0.0755958215754
-0.00731496274844
-0.0833607274445
-0.146740485205
-0.212910449936
-0.232131439683
-0.336120536635
0.100976812653
-0.632926591433
-1.61574822658
3.24374264628
1.11412931717
1.25812855025
1.43603687499
1.40883851433
1.39834578082
1.43427810508
1.49652793028
1.5779083413
1.67649531696
1.78944568428
1.91329954407
2.04480983542
2.18110783682
2.31965703155
2.45821771439
2.59482882568
2.7277892598
2.85563614418
2.9771221975
3.09119366017
3.19696968572
3.29372363644
3.38086672338
3.45793390446
3.52457207977
3.58053025308
3.6256515362
3.6598668205
3.68319038461
3.69571792085
3.69763568453
3.68925914399
3.67121249165
3.64449668422
3.60964644536
3.56713705515
3.51747184207
3.46111943927
3.39847006528
3.32983981943
3.25551779848
3.17581102358
3.09105711959
3.0016165818
2.90786223856
2.81016880945
2.70889929077
2.60438952624
2.49693549486
2.38678725017
2.27415148019
2.15920286607
2.04210307966
1.92302447299
1.80217486398
1.67981819034
1.55628918642
1.43199820295
1.30742880274
1.18312947471
1.05970600375
0.937815915583
0.818172885751
0.701537494286
0.588735704908
0.480605083549
0.378007893364
0.281695183044
0.192488067851
0.110606975827
0.0371148683772
-0.0302062965602
-0.0852337841071
-0.146703567914
-0.158182264277
-0.28121455999
0.244844751235
-0.614521404037
-1.86121630185
4.45722819289
1.37359328312
1.60297596522
1.64818787463
1.54537130486
1.50708537142
1.52359186749
1.57003600294
1.6393859544
1.7281518121
1.83224347442
1.94771577055
2.0711873265
2.1997650042
2.3309324288
2.46249204353
2.59252893433
2.71938036809
2.84160898786
2.95797976726
3.06743972755
3.16910007192
3.26222044567
3.34619540295
3.42054288094
3.48489455842
3.53898790877
3.58265971937
3.61584117251
3.63855524903
3.65091443135
3.65312953907
3.64547321798
3.62827576417
3.60166744052
3.56590702983
3.52144117325
3.46883534224
3.40871368393
3.34171307278
3.26845484699
3.18953699685
3.1055346501
3.01699500169
2.92442751008
2.82829725419
2.72902347864
2.62698014519
2.52249622547
2.41585571233
2.30729881843
2.19702530219
2.0852015732
1.97197193163
1.85747443864
1.74186078588
1.62531598592
1.50807930898
1.39045819588
1.27283701293
1.15567616213
1.03950759015
0.924925963633
0.81259170397
0.703207083973
0.597559132553
0.496440104349
0.400680295087
0.310956759252
0.228082036034
0.152110546969
0.0838598148653
0.0205288614883
-0.0315179494271
-0.0936888728571
-0.104918458577
-0.250913474016
0.360973765027
-0.61550347633
-2.05923314159
5.77297030117
1.54346633474
1.93319743514
1.83226638305
1.67951345815
1.62411389211
1.62564752935
1.66019889487
1.72056958504
1.80160400403
1.89824621896
2.00622080371
2.12206502213
2.24290341688
2.36629037204
2.49012179973
2.61257652643
2.73207278342
2.84723615991
2.95687543381
3.05996375675
3.15562318354
3.24311189284
3.32181333132
3.39122722831
3.45096173164
3.50072724431
3.54032998518
3.56966920646
3.58872790357
3.59758152499
3.59636904571
3.58541558161
3.56526035847
3.53622742924
3.49865933204
3.45297599774
3.39965389433
3.33919783103
3.27212674324
3.19896896669
3.12026297041
3.03655817872
2.94840909814
2.85636220807
2.76094056817
2.66263030839
2.5618703431
2.45904540651
2.3544831415
2.24845565411
2.14118536728
2.03285497483
1.92362043209
1.81362562548
1.7030205424
1.59197428588
1.48069488955
1.36943936546
1.2585266524
1.14833657953
1.03930933137
0.931933522896
0.826766306856
0.724389599223
0.625449191587
0.530612972158
0.440568903816
0.355700287738
0.276747168494
0.203365790595
0.135696345068
0.0704559954988
0.0138346020087
-0.0554504455505
-0.0806720839618
-0.241935454603
0.448739399536
-0.654527034297
-2.19601500163
7.1417845042
1.61050762094
2.26186009619
1.99970752678
1.82088439777
1.75214460948
1.74045859444
1.76531097113
1.81823942044
1.89244602067
1.98212330667
2.08275154925
2.19082949629
2.30354786673
2.41858363654
2.53397503346
2.64803839727
2.75931254614
2.86652185139
2.96855177575
3.06443171355
3.15332256015
3.23450699426
3.30738179633
3.37145137968
3.42632219132
3.47169814669
3.50737515143
3.53323955909
3.54925659001
3.55548629157
3.55203906482
3.53925155493
3.51751799139
3.48701163244
3.44805986401
3.40109647595
3.34661989149
3.28516670671
3.21729591977
3.14357831473
3.06458973878
2.98090708008
2.8931035771
2.80174106022
2.7073595541
2.61046596101
2.51152295288
2.41093938598
2.30906365825
2.20618246121
2.10252441846
1.99827053002
1.89356850168
1.78854808681
1.68334314293
1.57809804719
1.47299123664
1.36823809194
1.26410574595
1.16090762842
1.05901352905
0.958807634554
0.860722865179
0.765275000917
0.672858379475
0.584019540227
0.49924451871
0.418136719895
0.341155487051
0.26743319306
0.1956638917
0.122682077707
0.0527064190766
-0.030791863778
-0.0899023771681
-0.233571632643
0.508004726799
-0.759196555615
-2.26525996285
8.51364234818
1.57651589694
2.60402127649
2.15576767439
1.97212790631
1.88933753705
1.86586154374
1.88268244533
1.92907285872
1.99682188833
2.07953722743
2.1725336457
2.27233675591
2.37626411406
2.48216597231
2.58826173514
2.69303497463
2.79516781867
2.89350155665
2.98701292217
3.07479985766
3.15607231081
3.23014611537
3.29643822182
3.35446297852
3.40382845283
3.44423367076
3.47546408121
3.49739147973
3.50996078566
3.51321212898
3.50722243897
3.49236049968
3.46902231068
3.43736443328
3.39767961476
3.35036371364
3.29586741203
3.23467811332
3.16731613717
3.09433024052
3.01629042715
2.93378002175
2.84738705465
2.75769386408
2.66526511434
2.57063495204
2.47429457243
2.37668085754
2.27816745943
2.17906187822
2.07960626055
1.97998744121
1.88035177081
1.78081750494
1.68150650266
1.58253713133
1.48405852137
1.38624171702
1.28931133385
1.19350652103
1.09913301936
1.00649286722
0.915803598216
0.827796061615
0.742238978823
0.659447290136
0.579966353224
0.502370383341
0.425929448286
0.348691154201
0.267776934878
0.180254617516
0.0878483857592
-0.0194790640708
-0.123326689745
-0.202257563408
0.490678571382
-0.911991670706
-2.26628997576
9.84438582472
1.45591784577
2.97160974689
2.29985386363
2.13226844486
2.03229882667
1.99918582904
2.0093804445
2.04983427711
2.11126192165
2.18681430138
2.27174316901
2.36268781838
2.45715995272
2.55323013844
2.64933005411
2.74413019831
2.83646902309
2.9253135171
3.00973856868
3.08891633719
3.1621111873
3.22867694455
3.28805538468
3.33977478938
3.38344855277
3.41877376046
3.44552872737
3.46357345148
3.47283989914
3.47335209389
3.46517566867
3.44866736605
3.42414603963
3.39173110215
3.35169202864
3.30441051808
3.25031979744
3.18988430048
3.12359983349
3.05199275388
2.97561492305
2.8950372588
2.81084229087
2.72361458427
2.63392864639
2.5423349411
2.44934558462
2.35542094093
2.26095710894
2.16628262158
2.07165489942
1.9772707437
1.88328212087
1.78980196669
1.69695175998
1.60482972545
1.51357675123
1.42332051811
1.33426759868
1.2465900718
1.16056603646
1.07654877979
0.994092581438
0.914584569744
0.837635866718
0.762402028736
0.689349782197
0.615959698071
0.539273611037
0.455017049825
0.359108017833
0.249555630307
0.127561555431
-0.0111637745803
-0.149155741951
-0.154204605244
0.35416527761
-1.07491903694
-2.2032225384
11.0988425803
1.27081272678
3.37020969044
2.42772974499
2.29963124761
2.17786432592
2.13819845382
2.14284555212
2.17780854441
2.23294148271
2.30104971219
2.37745010134
2.45898825724
2.54343248132
2.62911225635
2.71469210328
2.7990393427
2.88115235172
2.9601247318
3.03512909015
3.10541138123
3.17028986513
3.22915614931
3.28147642232
3.32679245889
3.36472212838
3.39495942387
3.41727425611
3.43151304623
3.4375958478
3.43553346461
3.42540549886
3.40754328194
3.38219143866
3.34945092719
3.30956625473
3.26288899103
3.20981850633
3.15078498117
3.08625243333
3.01671933275
2.94271425754
2.86478999815
2.78351716473
2.69947548455
2.61324266346
2.52537992488
2.43641692283
2.34683699423
2.25705945562
2.16743789512
2.07824931084
1.9897069241
1.90197768878
1.81517340746
1.72943710269
1.64485196784
1.56157618655
1.47970559514
1.39952247605
1.32114160275
1.24461834897
1.17093057398
1.0995027952
1.03107221679
0.965691043007
0.901623240731
0.837479207935
0.768927231225
0.690481762885
0.59569815514
0.480371961674
0.345020879073
0.192915165157
0.0232567306304
-0.136808603105
-0.129332693712
0.080917393413
-1.19884304103
-2.0831555563
12.2520651139
1.04638441466
3.79857297317
2.53429503213
2.47325099936
2.32335358039
2.28102191872
2.28075868641
2.31061588532
2.3594358461
2.41982201885
2.48729696022
2.55899501134
2.63299334405
2.70790804562
2.78264810523
2.85628002483
2.92796048692
2.9969061737
3.06238389575
3.12370996057
3.18025373447
3.23144196685
3.27676305986
3.31576994081
3.34808295342
3.37339045667
3.39145242656
3.40209619415
3.40522956241
3.40082411703
3.38901689759
3.37014757174
3.34430813954
3.31161030975
3.27229226674
3.22667508927
3.17512031549
3.11802116072
3.05580664771
2.98894246693
2.91792757736
2.84328969749
2.76558042238
2.68536764489
2.60322598031
2.51972223624
2.43540036307
2.35076773956
2.26626819786
2.18228814138
2.09913110058
2.01703521387
1.93619955135
1.85674927619
1.77886354121
1.70262793371
1.62830691516
1.55595320206
1.48586348372
1.41879269629
1.3546283026
1.29416390028
1.23757926547
1.18480207692
1.13521360631
1.08627158221
1.03395393673
0.971243627338
0.890206103967
0.783785474984
0.64967019081
0.491260848356
0.310599352325
0.102303591848
-0.103855782337
-0.189387853904
-0.286606442346
-1.2270431866
-1.91478312952
13.2887304982
0.807057903935
4.24968216124
2.61573363423
2.6530367961
2.46636756468
2.42605470527
2.4210272424
2.44618998924
2.4886687683
2.54111224215
2.59937486831
2.66094440948
2.72424635204
2.78820086229
2.85196539522
2.9148038423
2.97602658988
3.03496837337
3.09098502793
3.14345858033
3.1918049529
3.23548205197
3.2739965751
3.30690916485
3.33383933591
3.3544671552
3.36854043392
3.37586454075
3.3763345843
3.36986990177
3.35669118156
3.33714544759
3.31116283213
3.27886565448
3.2404969752
3.196352355
3.14675606875
3.09206366123
3.03266745781
2.96899704195
2.90151726395
2.83072536328
2.75714865511
2.68133763847
2.60385946305
2.52528288102
2.44616380908
2.36703690145
2.28837326057
2.21060118849
2.13406010479
2.05903219286
1.98574848764
1.91439438596
1.84522550773
1.77836836165
1.71413089606
1.65323307981
1.59585804722
1.54271874769
1.49441573801
1.45151178599
1.41446519566
1.38286114649
1.35478185651
1.32558689736
1.28799168654
1.2322787727
1.14907839397
1.03182637621
0.878767880633
0.689909017409
0.457839927482
0.173289254972
-0.124096686222
-0.350788391657
-0.623277751911
-1.14257587037
-1.70726651367
14.2017221239
0.574026261741
4.71271130869
2.67072446288
2.83925159719
2.60458793633
2.5719302433
2.56174472981
2.58271384315
2.61882448505
2.66319320602
2.7120853827
2.763388519
2.81590420437
2.86886469504
2.92167568807
2.97379463193
3.02468091273
3.07378200685
3.12053768867
3.16439021889
3.20479685625
3.24124149301
3.27324444153
3.30036970116
3.3222322891
3.33850169471
3.34891147305
3.35324894871
3.35139559315
3.34324900911
3.32908550035
3.30918677217
3.2834111301
3.25186328044
3.21478803768
3.17246659867
3.12519601959
3.0733007359
3.01713969919
2.95710651126
2.89362929435
2.82716995543
2.75822636695
2.68732593149
2.61502441986
2.54188988106
2.46848921467
2.39539019534
2.32309404546
2.2520890976
2.18274978236
2.11544760916
2.05041391964
1.98808551689
1.92860012385
1.8727761866
1.8209270173
1.77358798017
1.73168074658
1.69599650231
1.6677474168
1.64790890561
1.63683061663
1.63291601314
1.63176557836
1.62518248855
1.60196003339
1.54936154334
1.45579426916
1.31228483338
1.11247595549
0.850186615586
0.520134129112
0.139607133834
-0.221711899925
-0.502256061134
-0.758193569412
-0.973261644893
-1.46948051582
14.9903226185
0.363984326677
5.17509456741
2.70070492739
3.03181750502
2.73579140676
2.71752936299
2.70116989728
2.71859103368
2.74830505237
2.78457258913
2.82406405589
2.86510338541
2.90688442577
2.94895307742
2.99096077367
3.03255523375
3.0733406675
3.11287296642
3.15067054313
3.18623003216
3.21904373126
3.24861574596
3.27447434833
3.29618213034
3.3133455515
3.3256213233
3.33272792947
3.33444011158
3.33062776823
3.32118651797
3.3064070001
3.28648020955
3.26124061266
3.23078039048
3.19534064357
3.15518851471
3.1105968034
3.06186202587
3.00931331467
2.95331094547
2.89424791682
2.8325492904
2.76868159964
2.70314435497
2.63648057431
2.56925650757
2.50204855969
2.435470687
2.37006008138
2.30638909701
2.24484124066
2.18608126276
2.13006499673
2.07808040981
2.03035352544
1.98715617817
1.94962119035
1.91842934373
1.89518901756
1.88151086483
1.87919876033
1.8891836609
1.91054281105
1.93869318758
1.96461189305
1.97436451838
1.95072806514
1.87528466593
1.73106673975
1.50492071268
1.19090067647
0.795579805935
0.348289804723
-0.0853231522862
-0.421777894528
-0.639869318794
-0.789264479698
-0.870102823814
-1.20959164654
15.6584541713
0.188807156582
5.62430653773
2.70946682552
3.22979195515
2.85803962793
2.86195564427
2.83769802372
2.8524200857
2.87569367289
2.90394561795
2.93412191521
2.96502313896
2.99624067172
3.02763107124
3.05908943449
3.09045125576
3.12146284581
3.15178445838
3.18100770166
3.20867643462
3.23431107551
3.2574293229
3.27756138563
3.29426331317
3.30712878811
3.31579914968
3.31997627872
3.31942709612
3.31401495566
3.30367058396
3.28863300095
3.26900062694
3.24461480755
3.21556676306
3.18209122019
3.14444110446
3.10286764509
3.05764116313
3.009061663
2.95745631599
2.90318463283
2.84663380429
2.78824023705
2.72847313654
2.66786185722
2.60697422711
2.54640618147
2.48681916437
2.42880024992
2.37311816832
2.32000155958
2.27077725951
2.22566072113
2.18532297781
2.15057735041
2.12181346517
2.10075152582
2.08901549966
2.08909500045
2.10329799446
2.1333200416
2.17849059835
2.23413772538
2.28953805979
2.32749407977
2.32486292576
2.25553447097
2.09443410999
1.82329118845
1.43806796096
0.957618027294
0.429593325106
-0.0716253525111
-0.463197053848
-0.699366933584
-0.814347667171
-0.866129608338
-0.892218146611
-0.934821189434
16.213118719
0.0558603138359
6.04913776509
2.70239879382
3.43114820344
2.96992451621
3.00445009615
2.9698489864
2.98298135972
2.99973066443
3.02016633302
3.04121026437
3.06220354788
3.08312676248
3.10414320079
3.12539020305
3.14688996793
3.16852859223
3.19006684307
3.21116255064
3.23139852073
3.25031559475
3.26743832782
3.28229257376
3.29442322417
3.30340703948
3.30886798457
3.31048625562
3.30802096586
3.30131775434
3.29037550375
3.27541984417
3.2564056748
3.23321319976
3.20593568063
3.17478242824
3.13998161906
3.10176506947
3.06038257395
3.01611018302
2.96924290702
2.9201100999
2.8690601199
2.81650072722
2.76286921568
2.7086895354
2.65452369073
2.60101756841
2.54889773005
2.49884685531
2.45189904541
2.40872861221
2.37027750469
2.3369781207
2.30949883546
2.28901358442
2.27685226499
2.27556595864
2.28780414221
2.3166911095
2.36427739253
2.43023111477
2.50927204885
2.58907465568
2.64867041854
2.6594100669
2.58814631828
2.40384672981
2.08630095108
1.63655567879
1.08594570623
0.498298215695
-0.0417776673368
-0.456224646615
-0.708124841972
-0.820919745216
-0.848730717226
-0.810528467458
-0.701402176221
-0.651404154875
16.6631517546
-0.0313554734841
6.44045382709
2.68563835102
3.63284857548
3.07075300326
3.14426106879
3.09628359483
3.10922342656
3.11929516686
3.13222736959
3.14439820486
3.15580042403
3.16677815743
3.17779873718
3.18924152809
3.20131440491
3.21404129348
3.22727836018
3.2407408711
3.2540408715
3.26673231448
3.2783397252
3.28837903929
3.29638021488
3.30190095935
3.30454791903
3.30397631976
3.29994248193
3.29221776205
3.28095600436
3.26642267379
3.24833961004
3.22665849944
3.20149442928
3.17302087483
3.1414253604
3.10691181377
3.06970740945
3.03006826734
2.98825987221
2.94458627617
2.89935471044
2.85295534048
2.80578799896
2.75838379634
2.71127836921
2.66534068384
2.62120065259
2.58018940585
2.54323454752
2.51078432489
2.48391434735
2.46322447841
2.4499215091
2.44586322531
2.45345703387
2.47613912586
2.51718652982
2.57924456655
2.66195142316
2.75963902233
2.85833494185
2.93418835047
2.95398104616
2.87963390933
2.67629808025
2.32386811034
1.82868437824
1.2315345338
0.605719779971
0.0405954335352
-0.387990718409
-0.648385001641
-0.765424778239
-0.79502497963
-0.765800264126
-0.658020005179
-0.48585788147
-0.364603575603
17.0182605418
-0.0724130417475
6.79150199334
2.66532037844
3.83112275712
3.16061247096
3.28051791364
3.21584828774
3.23024344128
3.23339315904
3.23924737355
3.2428588856
3.24505901591
3.24650394151
3.24796762391
3.25007041363
3.25320469644
3.25752936319
3.26298930824
3.26934567101
3.27623012634
3.28320324029
3.28978296806
3.29547059247
3.29977863767
3.30224626099
3.30246432001
3.3000769838
3.29483388418
3.28649945845
3.27530127606
3.26145320202
3.24460713172
3.2247283923
3.20195798268
3.17645397224
3.14836823542
3.11787091256
3.08515708452
3.05045887642
3.01400456843
2.9760842161
2.93696147666
2.89700699949
2.85658630843
2.81634620867
2.7766308344
2.73892767214
2.7039821725
2.67266379208
2.64622919491
2.62514828493
2.61067321205
2.60392251154
2.60683308344
2.6221349662
2.65321548701
2.70395508153
2.77705520522
2.87243424859
2.98400415031
3.09688067526
3.18519280843
3.21294842039
3.13883604735
2.92590300829
2.55421692712
2.03344218334
1.40944747428
0.759620299506
0.173910630057
-0.273938851709
-0.552614835824
-0.682028416253
-0.716550242735
-0.705059570843
-0.650170066809
-0.522555172002
-0.361150494886
-0.0788084716918
17.288338883
-0.0691729056686
7.09788990943
2.64701015873
4.02184647193
3.24030811462
3.41214799418
3.32763024509
3.34525591713
3.34115260124
3.34046088277
3.33586119415
3.32930840595
3.32168419565
3.31408009818
3.3073541242
3.30208065429
3.29855000301
3.29678622341
3.29658292306
3.29758334057
3.29934988322
3.3013872739
3.30317884207
3.30421777886
3.30402641037
3.30218710731
3.29834733036
3.29225892696
3.28370658048
3.27294136382
3.2600955676
3.24481423054
3.22705562765
3.20696937828
3.18470631089
3.16039824591
3.13418915895
3.10623599202
3.07675239146
3.04592298588
3.01400911893
2.98124025841
2.94801646024
2.9146156538
2.88191373304
2.85055782123
2.82165902429
2.79624973325
2.7752057081
2.75982838406
2.75097297813
2.75020650893
2.7593030905
2.78101784783
2.81891056951
2.87683770752
2.95791608139
3.06206334378
3.1833336804
3.30643026931
3.40474419663
3.44088169781
3.37192309874
3.15943539156
2.78296720049
2.25260038436
1.61507586221
0.94784519927
0.339731255339
-0.136621568389
-0.448222896183
-0.608443348381
-0.663190384062
-0.664241121783
-0.640275241713
-0.579871827372
-0.457585008757
-0.318690618399
0.202335637318
17.4829802142
-0.0250573306966
7.35734891385
2.63536125872
4.20092983454
3.31120355002
3.53785975303
3.43099984565
3.45355549341
3.44182514778
3.43520891237
3.42276430674
3.40795892929
3.39176900795
3.37562774029
3.36062167502
3.3475041084
3.33669161984
3.32827493107
3.32206584579
3.31771511891
3.3147828885
3.31275407625
3.31109212845
3.30926792423
3.30679031511
3.30324161534
3.2982906791
3.29170685523
3.28332285082
3.27332198981
3.26179121355
3.24839724504
3.23308782288
3.21600392123
3.19727485319
3.17701200061
3.1553492224
3.1324094399
3.1083738774
3.08339462152
3.05771983037
3.03157842185
3.00530417156
2.97954311063
2.95490712527
2.93212944906
2.91243825843
2.89693473487
2.88678001567
2.88338550018
2.88801232059
2.90266693693
2.92986731028
2.97311093854
3.03631189996
3.12260098424
3.23227888205
3.35960797145
3.48973666087
3.59620589833
3.64159327082
3.58239608594
3.37916005348
3.00987332051
2.48268012337
1.8418740894
1.16230573199
0.530933801039
0.0209794900457
-0.330380399861
-0.529220998869
-0.613352749807
-0.6302390414
-0.616921856015
-0.58683348497
-0.525740303484
-0.414818334546
-0.295116347281
0.475775046312
17.6111858616
0.0555866753802
7.5693983482
2.63397034644
4.36464328727
3.37499915793
3.65618520035
3.52562058917
3.5544816253
3.53479266954
3.52292816559
3.50301546055
3.48050043341
3.45627873377
3.43216429186
3.40945522258
3.38908025438
3.37157545926
3.3570822163
3.34541841351
3.33624283179
3.32910846406
3.32347474561
3.31878454868
3.31448104285
3.31006570696
3.3051298999
3.29938534605
3.29259537503
3.28467593526
3.27580689653
3.26596218382
3.25482460473
3.24230951594
3.22854096155
3.21363191582
3.19767547586
3.18078859461
3.16307631528
3.14469775835
3.12585148344
3.10654848235
3.08742749104
3.06861222541
3.05054733206
3.0341504119
3.02022880023
3.01016610396
3.00524945222
3.00689015426
3.01666979314
3.03629624235
3.06830647247
3.1158849696
3.18281532694
3.27227852296
3.3847905873
3.51529858259
3.64976389904
3.76287018843
3.81807571259
3.77225533248
3.58516419194
3.23259128743
2.71894744648
2.08383082172
1.39752420085
0.74442802658
0.199045400789
-0.195641008579
-0.437183152534
-0.555665102564
-0.594348606776
-0.591189143786
-0.569417819784
-0.534382444334
-0.473255328619
-0.371957384901
-0.26623744722
0.738880898828
17.6812265094
0.168035756464
7.7349396877
2.64535355395
4.50982669028
3.43349136724
3.76557145527
3.61142555915
3.64740057687
3.61957559969
3.60314141846
3.57615009687
3.54650124753
3.51480412568
3.48330633662
3.45349051484
3.42645848834
3.40285589428
3.38285677894
3.36627775877
3.35278996054
3.34193189821
3.3331356194
3.32582188469
3.319397633
3.31337018425
3.30736525478
3.30115311034
3.29438933543
3.2872120827
3.27986398758
3.27208792513
3.26358183772
3.25421811192
3.24407587979
3.23323829664
3.2218070021
3.20990874828
3.1977012622
3.18506928784
3.17262270519
3.16019169176
3.1480426266
3.13670336641
3.12654532431
3.11860817229
3.11397748946
3.1142097956
3.12077943602
3.13530406558
3.15960569438
3.19587821817
3.24712806833
3.31678279367
3.4079375625
3.52137999781
3.65277261726
3.78943343535
3.90770345875
3.97282590954
3.94271160681
3.77674276428
3.448149598
2.95657451244
2.33533286967
1.64867841159
0.977511790391
0.397451743855
-0.0423062912222
-0.329951883098
-0.487032816699
-0.552523631607
-0.56467284347
-0.550218030733
-0.522869076759
-0.484318364643
-0.423740655182
-0.32966560683
-0.233455374665
0.989422397674
17.7006661673
0.307589438872
7.85575532915
2.67096622025
4.63399897766
3.48837805539
3.86451644085
3.68857153789
3.73170937912
3.69583584495
3.67544735762
3.64179173466
3.60560466984
3.56700519586
3.52873178166
3.49241617484
3.45933173101
3.43021995225
3.40526967229
3.38429633861
3.36698827033
3.35286130878
3.34132438425
3.33176874259
3.32355654344
3.31623437595
3.30950375364
3.30316036493
3.29683871694
3.2907741214
3.28520763968
3.27981841491
3.27424585304
3.26830364168
3.26204248391
3.25553491119
3.24887937649
3.24204547655
3.2355589121
3.22914058475
3.22299938918
3.21740382701
3.21242371964
3.2086270914
3.20659614164
3.20755072506
3.21285083207
3.22420859649
3.24327476992
3.27187491589
3.31211604447
3.3665828645
3.43839452826
3.53036691656
3.6434703218
3.7741696442
3.91129161194
4.03337088903
4.10795423792
4.09470190014
3.95302429401
3.65368385106
3.19103283957
2.5911647714
1.91110845061
1.22720465267
0.61539384625
0.130703829419
-0.205531765982
-0.405392369095
-0.502271404551
-0.534093230405
-0.530559943532
-0.509191166104
-0.477914122518
-0.436997077876
-0.377323307685
-0.288715626263
-0.198998722683
1.22541446342
17.6763249818
0.469729030973
7.93401506384
2.71137855275
4.73549063098
3.54117700625
3.95173093148
3.75737401268
3.80685369983
3.76336466827
3.73951032136
3.69964813782
3.65752315471
3.61260772033
3.56817675599
3.52597169405
3.48743578796
3.45338814014
3.42401878139
3.39914911039
3.3784869796
3.36152103167
3.34764573399
3.33620541272
3.32652833819
3.3182737436
3.31121720887
3.30508469251
3.29949887352
3.29486422693
3.29153593096
3.28885890372
3.28643005799
3.2841756749
3.28194400964
3.2798239585
3.27816364373
3.27678006382
3.2759192523
3.27570632414
3.27610700575
3.27736183903
3.2796337744
3.28358564118
3.29005761486
3.30049333485
3.3164934034
3.33990624735
3.37255192026
3.41644990604
3.4739156639
3.54759035827
3.63999455616
3.75210781934
3.8811295586
4.01748675087
4.14210758901
4.22533288331
4.22906338523
4.113326998
3.84672347064
3.41832757641
2.84652185706
2.18024860529
1.4901427607
0.851311573918
0.323676847386
-0.0622656887091
-0.30859725991
-0.441658557853
-0.497427708663
-0.508030631781
-0.494809561763
-0.468739900086
-0.43445075928
-0.391796814467
-0.332984538417
-0.24846159901
-0.163253315305
1.44436347049
17.613741883
0.650470140738
7.97250226735
2.76688706563
4.81362298383
3.59318080019
4.02623801676
3.81820276364
3.87233904705
3.82205220024
3.79505162426
3.74950566199
3.70203356354
3.65140195088
3.60143501212
3.5539493109
3.51055307014
3.47212261961
3.43884365952
3.41055377229
3.38697744497
3.36757838904
3.3517413852
3.3387467619
3.32794595438
3.31918619753
3.31223691747
3.30664879785
3.3021499459
3.29911192892
3.29846526661
3.29884802914
3.29960709381
3.30107946942
3.30311451511
3.30558538493
3.30885178678
3.31299894413
3.31805468175
3.32409129917
3.33108282674
3.33926182076
3.34894143
3.36096800952
3.37645950894
3.39708429021
3.42464724527
3.46111041086
3.50842113642
3.56868680166
3.64415634912
3.73691753157
3.84788159683
3.97480040269
4.10962329222
4.23575126772
4.32655026935
4.34665074984
4.25723525844
4.02533510654
3.63507073711
3.09708601146
2.4516531223
1.7626419642
1.10294120596
0.536056018514
0.100843607818
-0.194653856113
-0.368571846148
-0.453133997409
-0.481418758957
-0.478477906025
-0.458884757708
-0.429305020758
-0.392530321537
-0.348388693814
-0.290060392582
-0.208288158387
-0.125975646833
1.64074802219
17.5165297233
0.848360842404
7.97593688801
2.83813300998
4.86852350058
3.64520073058
4.08732873222
3.87134788914
3.92774236097
3.87185427755
3.84185387588
3.7912290563
3.73898232407
3.68324992328
3.62836722748
3.57620493571
3.52852473384
3.48624219761
3.44954495237
3.41829326112
3.39221498637
3.37075361322
3.35328035177
3.33903010954
3.32746635515
3.31855868562
3.31186590726
3.306886363
3.30406986223
3.30333765746
3.30539734195
3.30889324348
3.31310995809
3.31833342971
3.32458992825
3.33186499228
3.34038154755
3.35016880736
3.3612223946
3.37354904835
3.38717039907
3.40240225201
3.41975550828
3.44030637552
3.46545707572
3.49707970185
3.53713014546
3.58762551792
3.65051789016
3.72774914892
3.8210042936
3.9309768612
4.055819354
4.18878792168
4.31566331431
4.41293461086
4.44828009304
4.38462468215
4.18809913255
3.83851598662
3.33906128261
2.72109698582
2.0408090939
1.36744234472
0.766506565887
0.284059052894
-0.0620059300391
-0.280816460457
-0.399251586933
-0.449607340609
-0.459622111442
-0.447791934359
-0.423710808517
-0.391315093434
-0.352356401105
-0.306723938317
-0.248261801531
-0.167804214285
-0.0867827634104
1.8031277192
17.3898728674
1.06755086119
7.9503676606
2.9251587882
4.90020700157
3.69718420095
4.13448277327
3.91694358284
3.9727484643
3.91277572132
3.87977935505
3.82476607061
3.76829500347
3.70809302157
3.64890765314
3.59266234451
3.54124944912
3.49561308107
3.45596082809
3.42217488689
3.39396254585
3.37074650382
3.35187720833
3.33660978009
3.32455934461
3.31558825865
3.30893842618
3.30455328724
3.30452410538
3.30714668935
3.31183172266
3.31813722769
3.32587768834
3.33522098454
3.3459894242
3.35825146051
3.37215047079
3.38763962167
3.40470380782
3.4233559709
3.4437038547
3.46620588253
3.49161759301
3.52126921431
3.55682735574
3.60031778382
3.65375826448
3.71909368631
3.79804273482
3.89196245289
4.00129214505
4.12438267896
4.25556250035
4.3827480721
4.48548678356
4.53470475222
4.49556630036
4.33406616668
4.02650359163
3.56920388493
2.9846549606
2.32068913569
1.64153690589
1.01301823855
0.486922274741
0.0903419385963
-0.176411123826
-0.333534981621
-0.410875204272
-0.437496460545
-0.43529376318
-0.417403646176
-0.389952197211
-0.355176855754
-0.314199726982
-0.266906735955
-0.207487705981
-0.126687874654
-0.0451296279694
1.91653733825
17.2555216297
1.31019422014
7.89547789174
3.02548832495
4.90821099233
3.74838918742
4.16745665698
3.95499515828
4.00719520961
3.94485483485
3.90877438404
3.8501276741
3.78995642525
3.7259215812
3.66302844261
3.60327056824
3.54863493167
3.50008904789
3.45788010062
3.42191184487
3.39186407849
3.36713214425
3.34705395789
3.3309643116
3.31855035799
3.30961922931
3.30369418492
3.30133222693
3.30354164959
3.30881733499
3.31645087119
3.3261331975
3.33776222429
3.35141417652
3.366859338
3.38420760325
3.40351803913
3.42472965952
3.44782931025
3.47288317858
3.50013492571
3.53023577016
3.56421532809
3.60365548944
3.65043273974
3.70663498612
3.77419712757
3.85477181545
3.94948055226
4.05853794869
4.1803692468
4.31009502808
4.43746760296
4.54487071256
4.60653039194
4.59025433764
4.46263989309
4.19740035382
3.78479190277
3.23876763219
2.59838335701
1.92166051548
1.27301258682
0.708291878975
0.262772171164
-0.053755490349
-0.253766791517
-0.363093390225
-0.410684725606
-0.420959432774
-0.410479495291
-0.388298841216
-0.358199352949
-0.321363810368
-0.278492265487
-0.229300894077
-0.167893244426
-0.0846579571697
-0.000211177542601
1.98162213311
17.1572463734
1.54595816723
7.80356690426
3.13620224704
4.89365462922
3.7979479036
4.18646836834
3.98538970589
4.0310867264
3.96811862544
3.92883441789
3.86732522903
3.80394599544
3.73669895808
3.67066072093
3.60792517063
3.55053042248
3.49947056652
3.45503820933
3.41716496029
3.38555448972
3.3595632944
3.33857314871
3.32209345536
3.30975244669
3.30127134587
3.29661338473
3.29653867275
3.30079167455
3.30874220342
3.31949196648
3.33279057426
3.34846691312
3.36648345823
3.38667219087
3.40914212774
3.43387639631
3.46083309621
3.49002861696
3.52162825783
3.55605940977
3.59420466837
3.63736995659
3.68734987601
3.74613462675
3.8157298337
3.89777117569
3.99330145832
4.10237921949
4.22345541124
4.35221610523
4.47989696234
4.5914092032
4.66416983336
4.66890200698
4.57348133322
4.34999348468
3.98358766219
3.48025515833
2.8701457945
2.20408857181
1.5434646909
0.946399650403
0.455035385517
0.0882805631345
-0.157923961055
-0.303999172322
-0.377285619878
-0.403666686975
-0.402702089828
-0.386534847415
-0.361240688625
-0.329026966586
-0.290420447509
-0.245847842424
-0.194638195092
-0.13006883249
-0.0415539111953
0.049170951641
2.02525106876
17.0920145374
1.73211543079
7.69519903633
3.25135889907
4.86254775154
3.84348617998
4.19273473478
4.00764714401
4.04466897251
3.9825026322
3.93998540338
3.87632597609
3.81022072888
3.74035578337
3.67171439996
3.60651646618
3.54681985142
3.49367039462
3.44745329167
3.40809214476
3.37523355932
3.34829506093
3.32675095068
3.31020451995
3.29833204795
3.29081670777
3.2878903713
3.2901037153
3.29660609134
3.3071792012
3.32100397544
3.33789603957
3.35759597105
3.37998590209
3.40494604214
3.43254073357
3.4627120686
3.49545703559
3.53085966761
3.56923198421
3.61122120679
3.65795636814
3.71098707196
3.77223868583
3.84367039685
3.9269998509
4.02327360686
4.13253041763
4.25325719969
4.38155551534
4.50982119565
4.62511297271
4.70781308096
4.73166923588
4.66640008157
4.4833998553
4.16376528268
3.7063157655
3.13243268701
2.48504056108
1.82100920751
1.19892530689
0.666252401954
0.250289357388
-0.044294747481
-0.231355922112
-0.335154264776
-0.381811321648
-0.393227238825
-0.384539323562
-0.364454014982
-0.336941587244
-0.303126530825
-0.263108285357
-0.217249826443
-0.164378006502
-0.0956312738943
0.00228389353729
0.104833773004
2.06791786081
17.0129889388
1.89425796723
7.58502058205
3.35209645559
4.82340680902
3.88008030155
4.18884692078
4.02066239681
4.04852418225
3.98783569791
3.94234697486
3.8771391559
3.8088428611
3.73695302514
3.66626788357
3.59913689811
3.53763482886
3.48286468286
3.43528060696
3.39482522976
3.36109915687
3.33359006997
3.31184448331
3.29551934132
3.28432054072
3.27806471603
3.27707925081
3.28165265065
3.29056401812
3.3037423112
3.32068448317
3.34113448645
3.36481329824
3.39156661301
3.42129067602
3.45399525458
3.48962337338
3.52823285816
3.57001812498
3.615475972
3.66548924317
3.72141617177
3.78497712409
3.85809909182
3.94251267848
4.03938264178
4.14882074812
4.26943930109
4.39767907986
4.52684137716
4.64575069771
4.73742854017
4.77861223402
4.74127188292
4.59697109804
4.32384533212
3.91449463429
3.38193324721
2.76074740023
2.10203234607
1.46306743642
0.894940025631
0.432284052983
0.0884264459484
-0.143071538766
-0.282022846987
-0.353459771609
-0.380746970232
-0.381691428449
-0.367717426012
-0.344986407123
-0.316036761917
-0.281203444717
-0.240208358381
-0.193670708743
-0.140374898478
-0.0675633904516
0.045425750856
0.169851638393
2.1131770352
16.9075738187
2.04613148918
7.46867807523
3.43936202561
4.77763691247
3.90577317459
4.17626578373
4.02372705492
4.04317096039
3.98404612912
3.93612210579
3.86986861885
3.79997646853
3.72665977359
3.65451930687
3.5860087017
3.52321180684
3.4672823276
3.41871904808
3.3774961489
3.34325272028
3.31552709285
3.29391251282
3.27809158623
3.26781993711
3.26303556652
3.26405619597
3.27082771917
3.28222045812
3.29813437174
3.3182409399
3.34223340407
3.36985807362
3.40094623136
3.43539971355
3.47319694245
3.51432098117
3.55891742195
3.60732901395
3.66025714773
3.71880880901
3.78451665458
3.85915552331
3.94447640648
4.04173502691
4.15123557234
4.27179290659
4.40020412911
4.53050025551
4.65293667748
4.7528051033
4.80966291335
4.79797960812
4.6902184026
4.46262734674
4.10265282449
3.61557595104
3.02750262224
2.38273941951
1.73560876039
1.13903897308
0.633676451614
0.241062071874
-0.0373105406503
-0.215623063291
-0.316461129277
-0.363596761652
-0.376982060208
-0.370674397045
-0.35314316683
-0.328750137975
-0.299154219308
-0.264133211367
-0.222883973096
-0.176523527547
-0.125481828534
-0.0523587431037
0.0816587997373
0.248450984062
2.16062939986
16.7742232126
2.19173214324
7.34484480933
3.51427221894
4.72570138858
3.92021364807
4.15545397141
4.01690885387
4.02895004961
3.97138162894
3.92160937015
3.85478257565
3.78387752747
3.70970399481
3.63667066157
3.56730866307
3.50370600141
3.44705943742
3.39791069293
3.35628108507
3.32186479306
3.29425767015
3.27308446413
3.2580316732
3.24889873748
3.24573461282
3.24878277599
3.25762962974
3.27153638928
3.29025052696
3.31350611272
3.34100823413
3.372530149
3.40790435837
3.44704356281
3.48993073786
3.53662271339
3.58738023356
3.64271873346
3.70354017039
3.7711322361
3.8471071715
3.93313471952
4.03056926006
4.13991142958
4.26028731657
4.38888638693
4.52039712303
4.64624037998
4.75361842059
4.82464755129
4.83638132849
4.7627582966
4.5791354319
4.26893404861
3.83053178348
3.28169619439
2.65921245319
2.01296883095
1.39594294251
0.85325974674
0.413887952347
0.0874092841542
-0.133787995028
-0.268541495781
-0.339836782993
-0.369021150743
-0.372561074989
-0.361313675592
-0.341482411906
-0.31620227068
-0.28672273991
-0.252594268473
-0.212218072177
-0.166682349389
-0.12071468417
-0.0570800859846
0.0964557452764
0.343134066463
2.20962348954
16.6136217717
2.33167038146
7.21358933629
3.57763336544
4.66770821864
3.92377935792
4.12653788407
4.00052630869
4.00610990307
3.95014453709
3.89909656434
3.83217082333
3.76082342575
3.68635056829
3.61297246738
3.54327300447
3.47933789368
3.42240194017
3.37304982504
3.33135860799
3.29709101399
3.26990306081
3.24944884028
3.23541219736
3.22761753613
3.22618942476
3.23129849971
3.24222061563
3.2585833487
3.28004236364
3.30638353416
3.33732970679
3.37267853731
3.41227872829
3.45606739062
3.5040680401
3.55643807203
3.61357427948
3.67616887353
3.74529289533
3.82233692844
3.90885855562
4.00622534151
4.11514485084
4.23507604821
4.36368087833
4.49627950421
4.62529497197
4.73952191974
4.82333314613
4.85631365358
4.81428084767
4.67258010887
4.41173911825
4.02421599298
3.51984666104
2.92745981868
2.29125561075
1.66252643574
1.0891988328
0.606576326182
0.232123836001
-0.0345545995071
-0.207379608122
-0.30730761856
-0.356133152501
-0.372263313839
-0.368943582721
-0.354433597636
-0.333248063379
-0.307693487295
-0.278971679152
-0.246973333903
-0.209475883896
-0.165999992107
-0.12658904913
-0.0893361155092
0.050010239411
0.413645470737
2.25984570463
16.42632121
2.46611480453
7.07527814908
3.6299443442
4.60383474394
3.9169009993
4.08970151605
3.97493101304
3.97493427127
3.92066343699
3.86889608267
3.80234336072
3.73110830794
3.65687721681
3.58368436019
3.51414409733
3.45033398602
3.39352270076
3.34433953163
3.30292035925
3.26909605033
3.24258310415
3.22307226446
3.21026113739
3.20399482852
3.20442316701
3.21160786348
3.2245760711
3.24330096384
3.26743393428
3.29678214546
3.33109235961
3.3701923118
3.41396220945
3.46238321424
3.51555032844
3.57373996403
3.63749256144
3.70765707277
3.78541282406
3.87214149037
3.96917787303
4.07736439395
4.19650509943
4.32475848641
4.45811102958
4.58988907276
4.71024461586
4.80550002724
4.85762301085
4.8445474935
4.74233735004
4.52971208914
4.19429465851
3.73863409402
3.18346795911
2.56631714982
1.9351767016
1.33902252284
0.818142948002
0.397327363386
0.0837167213667
-0.130717221659
-0.263680856532
-0.336349981761
-0.368394321302
-0.375201451658
-0.367218237241
-0.350670286315
-0.328841882299
-0.303445968281
-0.275768152811
-0.246622576173
-0.214371663249
-0.175866890595
-0.140328716051
-0.132197972812
-0.0816968615639
0.279524745421
2.31109520914
16.2127177276
2.5950834053
6.93028704951
3.67162173766
4.53426798437
3.90002814865
4.04516745071
3.94048903216
3.93572417906
3.88327567872
3.83132907524
3.76561822085
3.69503597483
3.62157359833
3.54908051517
3.48018122409
3.41693915213
3.3606529314
3.31199691271
3.27116632379
3.23805434251
3.21242643895
3.19400674371
3.1825280385
3.17788350843
3.18023437822
3.18949432324
3.20456738366
3.22557209237
3.25233270773
3.28461257806
3.32221377834
3.36499713191
3.41289483822
3.46595335349
3.52436262354
3.58852541411
3.65911527892
3.73709224107
3.82365420063
3.92003268284
4.02714772829
4.14508678329
4.27251537365
4.40609739241
4.5400384131
4.66567863044
4.77102674931
4.84022279107
4.85341441697
4.78795078034
4.6217386259
4.3386996839
3.93493782638
3.42325860516
2.83380222582
2.20983569087
1.5996281119
1.04690354358
0.582887103149
0.22223028914
-0.03647560038
-0.206550071412
-0.307413923973
-0.359170535498
-0.378928872679
-0.379238466678
-0.368206321181
-0.350494587654
-0.328492084009
-0.303417557733
-0.276463994503
-0.249411604114
-0.222825276517
-0.192574276975
-0.1553641211
-0.136277717526
-0.224252036531
-0.542682713083
2.36325981784
15.9730667968
2.7185489541
6.77899561453
3.70300727136
4.45922544258
3.87359130473
3.99319236617
3.89757244988
3.8887985616
3.83832795185
3.78672686487
3.72232112804
3.6529171675
3.58073529859
3.50944032959
3.4416481238
3.37940188179
3.32402576947
3.27623954881
3.23629883667
3.20415519098
3.17961216256
3.1624176391
3.15234739866
3.14935874194
3.15358714709
3.16472186016
3.18196881685
3.20532651535
3.23467171086
3.26982277995
3.31064572859
3.35705393622
3.40905096136
3.46676692792
3.5304991554
3.60076975397
3.67835399933
3.76425230763
3.85956623431
3.96521462697
4.08150262775
4.20754880502
4.34069811968
4.47601888049
4.60595032383
4.71996963028
4.80416542855
4.84087970007
4.80915580728
4.68696187396
4.45565276674
4.10588165864
3.64295314444
3.08923174084
2.48205631195
1.86729989561
1.29044038253
0.787956979762
0.381631698539
0.0771060241822
-0.133567586444
-0.266903467936
-0.3424749101
-0.378535262407
-0.389542034773
-0.385516687504
-0.372645905799
-0.354369093824
-0.332354314695
-0.307248333425
-0.279667673499
-0.251501949676
-0.225203011895
-0.197141005116
-0.150519229902
-0.0843497906859
-0.128838231998
-0.553418808603
2.41622245722
15.7075173973
2.83640150782
6.6217929971
3.72439381794
4.3789380745
3.83801023881
3.93404776361
3.84655656692
3.83448523711
3.78617185964
3.73542599976
3.67278199935
3.60506655887
3.53466161824
3.46504661053
3.39881147406
3.33797250905
3.28387393984
3.23727960838
3.19850675177
3.16756510615
3.14429194296
3.12845343326
3.11987189872
3.11857636723
3.12466846108
3.13760856197
3.15695581069
3.18259209463
3.21444846751
3.25239621838
3.29636742136
3.34634539277
3.40241813086
3.46481010661
3.53392461537
3.61037960675
3.69499955415
3.78873292728
3.89245131231
4.0065897409
4.13064854743
4.26260525966
4.39838096449
4.53145692043
4.6526290746
4.74971234399
4.80714591989
4.80592452039
4.72481628675
4.54370234146
4.24888648956
3.83884573698
3.32808205523
2.74707666287
2.13774962488
1.54559029802
1.01090817431
0.561892201959
0.211334938343
-0.0425689208026
-0.21232785124
-0.315926464152
-0.372010924325
-0.396602465407
-0.401627540969
-0.39492275011
-0.381091336589
-0.362564688518
-0.34034010664
-0.31431397506
-0.284035095644
-0.250791735263
-0.218470224999
-0.184897816638
-0.12331960976
-0.00370616261198
0.047578258401
-0.333080474972
2.46989015072
15.4161215116
2.94844860092
6.45908116106
3.73603295371
4.29364807469
3.79369318149
3.86801447261
3.78781605872
3.77311752262
3.72716126035
3.67776600451
3.61733257945
3.55180016723
3.48365235567
3.41618187898
3.35193671924
3.29289938945
3.24042744302
3.19532532145
3.15797167838
3.12843783715
3.10659986763
3.0922448089
3.08523828589
3.08567369479
3.09360700751
3.10828391535
3.12960061321
3.15740535725
3.19167283558
3.23232588643
3.27936597822
3.33285524233
3.39297160528
3.46003401207
3.5345357141
3.61715033438
3.70868041051
3.80991392736
3.92135028624
4.04277557881
4.1727266702
4.30793191139
4.44288189976
4.56958457037
4.67739174546
4.75268171779
4.77852532842
4.73507959178
4.60177564139
4.36173365546
4.00748472824
3.54588055648
2.99991202144
2.40618077628
1.80845748451
1.24927862537
0.762199592746
0.366915986532
0.0682651533147
-0.141277311446
-0.277015228162
-0.357091165932
-0.398559417085
-0.415112229414
-0.416388335906
-0.408380139507
-0.394386718983
-0.376017036458
-0.353729058733
-0.326694011068
-0.293229240109
-0.254152355117
-0.216232227008
-0.180986757346
-0.113361878549
0.0401339655265
0.153377822148
-0.184777523232
2.52414400621
15.0988422652
3.05439535169
6.29127254722
3.73814309044
4.20360255497
3.74103956091
3.79537738934
3.72172263142
3.70503038014
3.66164955971
3.61408665674
3.55630422177
3.49343320009
3.42800587919
3.36312638577
3.30128623609
3.24442725995
3.19391296842
3.15058176818
3.11486879956
3.08690787971
3.06662448367
3.05384149053
3.0484704545
3.05064958351
3.06037499142
3.07673857277
3.0998970083
3.12976911499
3.16634024441
3.20960073795
3.2596218678
3.31654941842
3.38064940819
3.45232432198
3.53212744065
3.62073309683
3.71883652049
3.82694867861
3.94505751431
4.07215792375
4.20571446862
4.34117997045
4.47170712145
4.58802671823
4.67827048588
4.72758177964
4.71793884582
4.6292470585
4.44264151948
4.14576411447
3.7383120704
3.23546416148
2.66737747132
2.07445657402
1.49975167981
0.980871195819
0.543815587048
0.200250843652
-0.0515723851273
-0.223212994592
-0.331312075778
-0.393251996967
-0.424157312615
-0.435483412729
-0.43488370935
-0.426828002706
-0.413546867772
-0.39601373016
-0.374429588579
-0.347550843944
-0.312290997554
-0.268565457929
-0.227932120644
-0.200631159601
-0.142683963344
0.0326922852477
0.201651639598
-0.0592235741756
2.57885664796
14.7555638123
3.15383618658
6.11878482966
3.7309171997
4.10905062994
3.68044270903
3.71642387231
3.64864395797
3.63055850872
3.58998791628
3.54472626217
3.49002613201
3.43027840336
3.36801731226
3.30615630457
3.2471172759
3.19279539779
3.14455364407
3.10325723708
3.06938862629
3.043137831
3.02448510837
3.01330935076
3.00958313797
3.01346319783
3.02483356881
3.04288880056
3.0678286185
3.09967497216
3.13844282409
3.18420252827
3.23709736217
3.2973577275
3.36532875293
3.44147493353
3.52636754933
3.62061503601
3.72471231297
3.83877793491
3.96216550446
4.09297435395
4.22755382856
4.3601435239
4.48273820051
4.58502739972
4.65411592707
4.67405631877
4.62602147057
4.49035836204
4.25102831113
3.90133696571
3.44864601977
2.91581692886
2.3383866553
1.75816851305
1.2152942765
0.741140240572
0.354043443033
0.0585688707938
-0.152130768525
-0.29214526487
-0.37833647009
-0.426753730438
-0.450503008145
-0.459023327239
-0.45833331542
-0.451728898101
-0.440649662591
-0.425699285955
-0.407345726898
-0.384804497226
-0.353786667422
-0.31171277066
-0.275746174515
-0.276878128368
-0.273454755987
-0.110194223771
0.157770064533
0.0500037931473
2.63385931584
14.3861074513
3.24623839088
5.94203496643
3.71452897075
4.01024063547
3.61229279966
3.63144301182
3.56894368131
3.55003522769
3.51252437484
3.47002052932
3.41882443825
3.36264503848
3.30397768046
3.24554274376
3.18968067304
3.13823458985
3.09256235368
3.05355101478
3.02172199627
2.9973121597
2.98035570095
2.97080281557
2.96870278323
2.97421288808
2.98706864275
3.00676952037
3.03342842849
3.0671368252
3.10797660997
3.15609837328
3.21172119812
3.27515403228
3.34680460189
3.42716796278
3.51678171185
3.61611515471
3.72536960206
3.84416770256
3.97113424919
4.1034202006
4.23629120752
4.36292170412
4.47438614177
4.55955508222
4.60461781844
4.59262026874
4.50427283937
4.32119420303
4.03132346358
3.63452083429
3.14580258895
2.59453507217
2.01957669971
1.46190201159
0.957040074364
0.529490570593
0.190367478021
-0.0616715531523
-0.237126841496
-0.351375705217
-0.420717300189
-0.459584324279
-0.479164574381
-0.487201291237
-0.488493020612
-0.485604970535
-0.479610805928
-0.471177299398
-0.461846754941
-0.45303922193
-0.440915591083
-0.418037264968
-0.40134963643
-0.450514564996
-0.554238154011
-0.455821378812
0.0262553052571
0.330461079449
2.68893918693
13.9902422211
3.33093099444
5.76143071149
3.68914114851
3.90741995785
3.53698146282
3.54072734896
3.48298286621
3.46379287466
3.42960387689
3.39030238105
3.34302177866
3.29083854564
3.23617353203
3.18155179406
3.12922127676
3.08096783408
3.03814075196
3.00164696451
2.97204208573
2.94960191881
2.93441005172
2.92649503341
2.92599831383
2.9330774465
2.94732127514
2.96852530333
2.99675726071
3.03217313739
3.07491849815
3.12521974518
3.18336809486
3.24973730057
3.32477352567
3.4089627538
3.50275169576
3.60639645581
3.71971996243
3.84176700961
3.97037886674
4.10176503723
4.23021580085
4.34805745162
4.44569731153
4.5113369001
4.53025063571
4.48453386802
4.35489568842
4.12519966778
3.78845788062
3.3516160243
2.83680797108
2.2783142474
1.71618872875
1.18864648768
0.72550388369
0.344321907231
0.049812767469
-0.163987525659
-0.309946725492
-0.403780208924
-0.460750396718
-0.49363963707
-0.511998211994
-0.522343855652
-0.528863944466
-0.534165217345
-0.539893736856
-0.547799723691
-0.56175283089
-0.587535082297
-0.623792382484
-0.652103289344
-0.664385588011
-0.725725109761
-0.903423728182
-0.943476333395
-0.306967994094
0.68046638024
2.74382062826
13.5677137059
3.40709135069
5.5773620855
3.65491296746
3.80083619194
3.45490691943
3.44457593419
3.39112272085
3.37216430737
3.34156946756
3.30590258605
3.26293783784
3.21516076578
3.16488723473
3.11444489585
3.06597903715
3.02121213642
2.98148118962
2.94771310296
2.92049886276
2.90015201437
2.88680114186
2.88054815987
2.8816219071
2.89018524639
2.90569002898
2.92821776097
2.95783968254
2.99476563729
3.0392023792
3.09144446628
3.15184424204
3.22082029587
3.29882677073
3.38629641466
3.483527088
3.59049394415
3.70657315974
3.83018061162
3.95836617066
4.08646883205
4.20798117991
4.31464027883
4.39640149742
4.44082484865
4.43216066213
4.3516480433
4.18063360391
3.90631019203
3.52768806692
3.0588843083
2.52812604875
1.97276462068
1.43204927854
0.939959975672
0.520055367185
0.183355570463
-0.0707918875605
-0.251734676726
-0.373654222262
-0.45196057094
-0.500698512589
-0.531216366192
-0.551933854965
-0.568860653375
-0.586478698613
-0.608525072697
-0.638285470213
-0.678901658823
-0.734972582629
-0.812524891602
-0.905206019034
-0.965849106885
-0.922125614594
-0.811798125268
-0.871542673712
-1.1167154672
-0.72514475619
0.994366112197
2.79813834867
13.118257833
3.47373435361
5.390190176
3.61201027218
3.69074164465
3.36648171172
3.34330012226
3.29372911602
3.2754860328
3.24876448468
3.21715139574
3.17889042074
3.13591080471
3.09039747664
3.04447955302
3.00019056005
2.95918251555
2.92277359185
2.89190830914
2.8672153725
2.84905199285
2.83759629339
2.83301798552
2.83561813916
2.84555218614
2.86219146319
2.8858400884
2.91664733277
2.95484735147
3.0007119574
3.05459071652
3.11688286641
3.1880275897
3.26845356362
3.35849566861
3.45824998211
3.56735560345
3.68469774463
3.80804913819
3.93371170588
4.05628624493
4.16870043842
4.26236381426
4.32690117461
4.34910330402
4.31201771238
4.1962467718
3.98462612482
3.66879445049
3.25439242503
2.76230886337
2.2254477013
1.68231495279
1.16963775596
0.716184443102
0.339207973503
0.0439038022679
-0.174641808121
-0.328072325085
-0.431104815675
-0.498509034662
-0.543219908973
-0.575625887398
-0.60375647343
-0.634002005366
-0.67199837482
-0.723097009517
-0.79157399363
-0.878674118317
-0.981963221365
-1.09585837599
-1.19880926763
-1.21475812915
-1.02014506438
-0.652426308701
-0.55890626621
-1.06299121296
-1.22587512171
1.37061069864
2.85143414437
12.6416480888
3.52970559134
5.20023678456
3.56061547493
3.57740015503
3.27214190443
3.23723132104
3.1911788831
3.17410272171
3.15153614058
3.12438109705
3.09119752494
3.05338638811
3.01298009805
2.97190929451
2.93208897726
2.89509394601
2.86221524617
2.83440821162
2.81233661901
2.79640513488
2.78685191192
2.78391823434
2.78795271127
2.79906862001
2.81675131998
2.84135204263
2.8731163595
2.91231586222
2.95928587962
3.01441953975
3.07814649718
3.15090097753
3.23305290782
3.32479879489
3.42598993042
3.53589322548
3.65288787817
3.7741302028
3.89526806057
4.01035108667
4.11200674249
4.19153570011
4.238206605
4.23775576231
4.17185619394
4.02090804082
3.77028901638
3.41711257745
2.97388203849
2.46738900636
1.93354578784
1.41019640798
0.930218346935
0.516681676764
0.180878115465
-0.0769311363328
-0.264872563062
-0.396017918327
-0.485137253783
-0.54632588823
-0.591782455221
-0.631611371935
-0.674260509676
-0.727155270521
-0.797101858379
-0.889762270488
-1.00702981946
-1.14231750187
-1.27854561228
-1.39463474967
-1.46654501886
-1.43012033018
-1.15916086015
-0.674940807669
-0.504065898687
-1.1701191792
-1.95870471811
1.77586898834
2.90310441777
12.1377189615
3.5736759302
5.00777141505
3.50093995872
3.46109806385
3.17235984048
3.126732154
3.08386846536
3.06837365673
3.05024024669
3.02792966608
3.00018004402
2.967886066
2.93290941701
2.89698374527
2.8619012838
2.82915482473
2.80000035137
2.77539589608
2.75603477864
2.74236934587
2.7347047101
2.73335949265
2.73871067444
2.75080416746
2.76937670737
2.79472950188
2.82717585766
2.86704352758
2.91472161463
2.97063716583
3.0352317855
3.10890994651
3.19195275449
3.28438561212
3.38578695948
3.49503853058
3.61003142702
3.72737304394
3.84219810817
3.94823434878
4.03807682506
4.10304091227
4.1318277021
4.1087101215
4.0139281834
3.82839576441
3.54121887891
3.1557853196
2.69122685486
2.17897609142
1.65619530779
1.15849447285
0.714012085342
0.340065449453
0.0425969791877
-0.182130429562
-0.344553632475
-0.458563617317
-0.53879376863
-0.598899814352
-0.650915767771
-0.705393281642
-0.771798390858
-0.858621591906
-0.972778895202
-1.11782279096
-1.29012427941
-1.47357477641
-1.63993855573
-1.76548522612
-1.84613068078
-1.8480327556
-1.62662223596
-1.11778815791
-0.81640091983
-1.49729794769
-2.97858410035
2.20109161331
2.95241173476
11.6064375814
3.60414624377
4.81299949794
3.43323612074
3.34215832627
3.06765971453
3.01221060163
2.97222517281
2.95868099592
2.94524752894
2.92814535228
2.90616544506
2.87971208498
2.8504608559
2.81995067493
2.78984929454
2.76156482934
2.73631156664
2.71504144054
2.69847060664
2.68709883114
2.68130319546
2.68147804962
2.68802105651
2.70091500836
2.7201325038
2.74594966339
2.77873669743
2.81886667625
2.86677033244
2.92289568782
2.98767743195
3.06146818675
3.14443606663
3.23641447967
3.3366993567
3.44380096597
3.55517354798
3.66698176503
3.77402754489
3.86997330272
3.94761689525
3.9982652223
4.00963722728
3.96408465247
3.84058588839
3.62158605238
3.30111463514
2.88926842724
2.41110065812
1.90115437973
1.39615584681
0.928252641495
0.520388186048
0.184411276493
-0.0783298251174
-0.274694851147
-0.41673243942
-0.518814331764
-0.595519353496
-0.660523993499
-0.726396322343
-0.804827806894
-0.906657961545
-1.04114712518
-1.21434008646
-1.42669150495
-1.66979439728
-1.92272238938
-2.15461225024
-2.34350804696
-2.48862927167
-2.54561423527
-2.33828942965
-1.77638937422
-1.30797298125
-2.00230958577
-4.33005637137
2.59901692149
2.99839822243
11.0479380518
3.61945063551
4.61604785889
3.35781166779
3.22096032575
2.95863863666
2.8941390702
2.85672184578
2.84544053438
2.83695128445
2.82539232176
2.80949181212
2.789173658
2.76591362211
2.74105852675
2.71615158312
2.69251617713
2.67132082795
2.65350309702
2.63979179457
2.63072711428
2.62675713712
2.62835638291
2.63594168405
2.64944243935
2.66901605888
2.69495461283
2.72767261147
2.76758113768
2.8151395061
2.87080256832
2.93498106025
3.00795821133
3.08977421025
3.18006426284
3.27785374591
3.38132263569
3.48757175254
3.59246225165
3.69067463086
3.77607111653
3.84181507294
3.87898724293
3.87372177896
3.80605266778
3.65420308415
3.40342285081
3.05370603638
2.62183087463
2.13764977072
1.63717095794
1.15520852435
0.719612104448
0.3480553987
0.0474333734472
-0.18471442198
-0.35763139347
-0.484515160144
-0.580147803441
-0.659392524227
-0.73662097643
-0.825771709292
-0.940413828764
-1.09315339136
-1.29402537571
-1.54813343243
-1.85325144447
-2.19726187158
-2.55441446867
-2.88405642118
-3.1411873482
-3.28770742418
-3.26449224428
-2.96746905845
-2.3935058263
-1.86679359055
-2.60620516939
-5.97506557366
2.92014518611
3.03991380475
10.4626208281
3.61778093963
4.41695722959
3.27504646669
3.09796564267
2.84599329835
2.77307840752
2.73789545406
2.72911494848
2.72577686838
2.72005718426
2.71051262114
2.6965904335
2.6795538946
2.66055959905
2.64102648651
2.62219434925
2.60518562356
2.59092049735
2.58013322661
2.57339241286
2.57120287607
2.57410636457
2.58254196882
2.59639101391
2.61598576059
2.64164774983
2.67382207827
2.71294974068
2.75950591751
2.81393951591
2.87662398201
2.9477628348
3.02726502716
3.11457881176
3.20849352632
3.30692716132
3.40673842126
3.50365085101
3.59245587566
3.66746928665
3.72226545267
3.74725153954
3.72623802511
3.63674124482
3.45713677081
3.17689140937
2.80268029931
2.35743759575
1.87439210198
1.38941405807
0.934238206472
0.531970477018
0.195240588422
-0.0733757769951
-0.279422525453
-0.4339753193
-0.551166956375
-0.646385055021
-0.735377016394
-0.834119881513
-0.958929020594
-1.12605146348
-1.35018790986
-1.64184099915
-2.00394418059
-2.42843001357
-2.89214685291
-3.35011419795
-3.72960651964
-3.94226217501
-3.92869309699
-3.70549265653
-3.34184125206
-2.88061244242
-2.39834298137
-3.18461074836
-7.81896114656
3.11697393267
3.07550676714
9.85122928365
3.59722688479
4.21568236539
3.18541497273
2.97375181403
2.73055446666
2.64970880013
2.61637053608
2.61023038065
2.61219286249
2.61255659904
2.60960163695
2.60229584896
2.59167746871
2.57871383524
2.56469844192
2.55078652529
2.53805258277
2.52739813312
2.51956132126
2.51513346079
2.51465999145
2.51873106401
2.5278002723
2.54172503416
2.56095900754
2.58590193096
2.61699909129
2.65471793631
2.699536062
2.75188769033
2.81210153601
2.88030058145
2.95627332707
3.03931069178
3.12802317162
3.22015900429
3.31246878566
3.40072328326
3.48006977283
3.54549682967
3.5908715845
3.60523433283
3.56928873714
3.45817170967
3.25172230238
2.94499680136
2.55160197669
2.09964307371
1.62415166238
1.15943792824
0.733348513388
0.364146378431
0.059845779373
-0.180640079729
-0.365340126976
-0.506825069996
-0.620199149593
-0.721911321522
-0.829450737524
-0.961503138433
-1.13773938169
-1.37739002761
-1.69625074617
-2.10222077836
-2.58978583649
-3.13411801382
-3.68516056282
-4.16228395814
-4.45777792786
-4.47525256694
-4.21978613026
-3.85348250671
-3.54425475017
-3.2595235371
-2.86939326342
-3.63832687207
-9.72666648215
3.15107335983
3.10353562486
9.21504008323
3.55586563067
4.01210616216
3.08950900019
2.84905025696
2.61332795706
2.52486750836
2.49288845396
2.48939679987
2.49672476156
2.50334602549
2.50715842855
2.50663987318
2.50259066464
2.49578925761
2.48740218798
2.47849726483
2.47009568437
2.4630740087
2.45816967533
2.45599496423
2.45712851601
2.46218222522
2.47160029229
2.48533608298
2.50384670998
2.52758822953
2.5570244302
2.59264156918
2.63491420393
2.68425758994
2.7409561697
2.80506277427
2.87627084592
2.9537620543
3.0360454928
3.12081175058
3.2048530308
3.28418483675
3.35456046595
3.41180114175
3.44973791001
3.45511601243
3.40483155909
3.27224350067
3.0402891374
2.71073457207
2.30382644488
1.85150218107
1.38903257695
0.948027462758
0.551998318486
0.214538797798
-0.0604174533743
-0.277019031814
-0.445347395692
-0.579349205237
-0.695366605043
-0.811589406693
-0.948273076093
-1.12782661231
-1.37353075813
-1.70608661799
-2.13809488579
-2.66699655015
-3.26732176127
-3.88421716661
-4.43187546993
-4.80204170346
-4.892499618
-4.67159220057
-4.26029942319
-3.90116808928
-3.71143894653
-3.58701737337
-3.29059353723
-3.92347195533
-11.5583584898
3.00476665598
3.12208794033
8.55599061822
3.49184368058
3.80604526835
2.98805291742
2.72478655797
2.49554427157
2.39959691067
2.36834494003
2.36733424792
2.3799718852
2.39293055016
2.40361492027
2.40999250159
2.41261035291
2.41205753853
2.40937195052
2.40553109732
2.40149694948
2.39811299846
2.39610758824
2.39610717281
2.39871568769
2.40454819138
2.4140255068
2.42723546851
2.44459979951
2.46660877343
2.49374541311
2.52650759788
2.56536561696
2.61071657398
2.66280990698
2.72164974559
2.78687437829
2.85762069292
2.93239089101
3.00894389315
3.08427274995
3.15484335115
3.21726628711
3.26826653744
3.30105781881
3.2989703973
3.23462722673
3.0807556128
2.82518172711
2.47704704224
2.0624120871
1.61550703631
1.1704324906
0.755295302832
0.389148080095
0.0812758547681
-0.167912510532
-0.365134355527
-0.522268499818
-0.654711733056
-0.780483818381
-0.920312945988
-1.09816800755
-1.34052683943
-1.67275925422
-2.11244262656
-2.66087658099
-3.29442353623
-3.95778731931
-4.56327393304
-5.00239041107
-5.17548789025
-5.04014057978
-4.66581557127
-4.24362835616
-3.97118349257
-3.8790604881
-3.88698939467
-3.69896124953
-4.05349090938
-13.190894324
2.68410503371
3.12902940531
7.87681060492
3.40344813321
3.59724641303
2.88191156151
2.60212487927
2.37872013092
2.27520647743
2.24383954038
2.24490707894
2.26262922611
2.2818782136
2.29944385409
2.31274922127
2.32206788874
2.32779652792
2.33084151068
2.33208612042
2.332426702
2.33266566152
2.33351325768
2.33559914166
2.33953537342
2.34592436636
2.35516657874
2.36745394345
2.38319277019
2.40289062409
2.42704099255
2.45614787985
2.49067800423
2.53101724742
2.57739762959
2.62980704721
2.68788129422
2.75079079144
2.81713748409
2.88488261421
2.95138285543
3.01376762464
3.06975603639
3.11692660426
3.14700882051
3.13868197311
3.06023056564
2.88545338871
2.60877036122
2.2467627034
1.8300398064
1.39355483577
0.969093102071
0.580801148045
0.24340769425
-0.0376494611823
-0.264972692978
-0.447486190484
-0.598770009008
-0.73588123948
-0.879027744811
-1.0522110217
-1.2836096125
-1.60273342988
-2.03293486034
-2.58105122821
-3.22757306411
-3.92028847319
-4.57436370536
-5.08334999392
-5.34628326229
-5.31074005725
-5.01740831528
-4.61059821541
-4.26964433335
-4.08370387619
-4.04867466642
-4.15925296969
-4.12332130905
-4.08404225334
-14.5370000006
2.21556243865
3.1214764188
7.18089517268
3.2891508334
3.38541293095
2.7721227805
2.48253169375
2.26474073345
2.15335613147
2.12074227538
2.12317032463
2.14551614798
2.17083713612
2.19516887227
2.21533726311
2.23131295713
2.24329306237
2.25204703172
2.25835795171
2.26304806287
2.26686876013
2.27050101755
2.27456333821
2.2796593869
2.28636343368
2.29506077296
2.30601121068
2.31961857247
2.3363954589
2.35684151866
2.38146429137
2.4107316056
2.44503111747
2.48460315098
2.52946132778
2.57930215291
2.63341745932
2.69062232469
2.74921564533
2.80708059651
2.86223485449
2.91375902886
2.95987644968
2.98966155375
2.97589534955
2.88302085864
2.68808539818
2.39344148964
2.02252451682
1.60894895353
1.18695061757
0.785181320156
0.42368413521
0.113178461121
-0.14425581433
-0.353799361888
-0.526347797667
-0.677200623855
-0.825335692813
-0.993594470797
-1.20970965714
-1.50572091404
-1.91121174981
-2.44088581818
-3.08215810746
-3.78830474197
-4.47979930485
-5.05523591187
-5.41393946927
-5.49111208516
-5.29743824447
-4.93830644712
-4.5767280103
-4.33341450998
-4.21106311541
-4.2068425156
-4.38531493746
-4.56375097236
-4.08534182276
-15.55492422
1.63955817497
3.09571761908
6.47253576993
3.14787261922
3.17035562157
2.65998577615
2.36786400816
2.1559623146
2.03616266179
2.00078111718
2.00343119759
2.02961476545
2.06055800547
2.09137823556
2.11822463702
2.14072041107
2.15884863039
2.17323251618
2.18454617779
2.19352692054
2.20086273058
2.20719118697
2.21310270199
2.21917105621
2.22593259842
2.23376232534
2.24295357618
2.25391075732
2.26714348904
2.28315548208
2.30245908976
2.3255323917
2.35278391769
2.38449480801
2.42075398135
2.46138862925
2.50590467803
2.55344389073
2.60277351718
2.65246442703
2.70166934117
2.75109142925
2.79919289231
2.83091278861
2.81200147928
2.70426401129
2.49045236501
2.18156313639
1.80671494443
1.40089813736
0.996443336927
0.618393376888
0.282798160741
-0.00321555444355
-0.240462123752
-0.436360263949
-0.60364077683
-0.759392024058
-0.924723761054
-1.12535555861
-1.39275120539
-1.76133855514
-2.255796862
-2.87421625896
-3.57809077387
-4.29421053833
-4.92698022253
-5.3784877303
-5.57558600947
-5.50166305541
-5.22013428654
-4.86378172306
-4.57199853432
-4.40707801233
-4.33220931166
-4.34522018857
-4.54820161909
-4.99457180273
-4.11868759149
-16.2433757214
1.00057790162
3.04831217439
5.75794997818
2.97957739744
2.9522215312
2.54717193799
2.26046451197
2.05532194834
1.92632428084
1.88615107865
1.88732992794
1.916121698
1.95192503219
1.98874352516
2.02193275293
2.05069974435
2.07478740964
2.09465709672
2.11086099524
2.12403736296
2.13479561642
2.14371299499
2.15133182261
2.15817747049
2.16473235191
2.17136715943
2.17837756948
2.18616775341
2.19523830624
2.20609676813
2.2192649239
2.23524461599
2.25448919724
2.2773583939
2.30407038461
2.33465576216
2.36892615462
2.40645681597
2.44660303295
2.48878490893
2.53357731597
2.58358424013
2.63686651167
2.67244350994
2.64815835123
2.52519360073
2.29443442098
1.9754282271
1.60138940887
1.20715528462
0.822291471888
0.468071451876
0.156841843675
-0.107411470121
-0.327989287534
-0.514291890644
-0.680806510767
-0.846462253373
-1.03457171808
-1.27367758307
-1.59842955252
-2.04296521146
-2.62050463662
-3.3052786237
-4.03166540348
-4.70899883445
-5.24277532344
-5.55640070576
-5.61372570697
-5.4405026126
-5.13026735484
-4.81359541523
-4.59251621114
-4.48596623628
-4.44953082228
-4.47389624634
-4.64958510029
-5.377740715
-4.22131283079
-16.6292106675
0.339620905844
2.97948761105
5.04751938576
2.78607842258
2.7315921304
2.4357392106
2.16320351342
1.96641197683
1.82724123121
1.77964189511
1.77694557463
1.80652108965
1.84600114154
1.88804795575
1.92705607852
1.96171081584
1.99147006782
2.0166083123
2.03753713452
2.05477713651
2.068840144
2.08022319814
2.0893995471
2.09682301777
2.10291263112
2.1080335013
2.11245540789
2.11658053645
2.12089648692
2.12591602006
2.1321780968
2.14022495761
2.15058220039
2.16372836511
2.18006589823
2.19989947247
2.22343116225
2.25076219059
2.28193780466
2.31739187258
2.35947818547
2.4130175418
2.47475734721
2.51570842785
2.48534493945
2.34709539669
2.10198732827
1.77718550619
1.40822792677
1.02851919734
0.664350531448
0.333323581511
0.0444754620865
-0.200910263969
-0.408278809231
-0.588816086802
-0.758699019283
-0.938672453228
-1.15412062186
-1.43602002494
-1.82114612687
-2.33957887896
-2.98583271219
-3.70603684503
-4.4131847664
-5.01415260117
-5.4318681841
-5.61979046074
-5.57539154097
-5.35201888874
-5.05268450149
-4.79063100536
-4.63222462669
-4.56748991348
-4.56386176813
-4.60427291315
-4.71018361014
-5.67989962289
-4.40286228612
-16.7538249378
-0.309087353283
2.89261080222
4.35573451253
2.57166599173
2.50943122862
2.32788367032
2.07933616868
1.89344981684
1.74310980972
1.68478896413
1.67494217365
1.70269317524
1.74409755416
1.79022983751
1.8342924481
1.87428822453
1.90931536904
1.93942199665
1.96485269268
1.98598648883
2.00321398216
2.0169276938
2.02750707944
2.03531589785
2.04069399696
2.04400042774
2.04545561703
2.04545613154
2.04447366051
2.04302910392
2.04168830173
2.04105249527
2.04174794292
2.04441186266
2.04968311328
2.05820483863
2.07064196216
2.08769181588
2.11016436398
2.1396791816
2.18083496678
2.24106088366
2.31457180918
2.36194765639
2.32443974813
2.17137551334
1.91510516108
1.58876746715
1.22851064604
0.865367069024
0.522171918819
0.213135421695
-0.0555818734882
-0.285002510006
-0.482433704766
-0.660682922728
-0.837522896093
-1.03537351117
-1.28133651158
-1.60813100759
-2.05320889782
-2.63798606232
-3.33146390624
-4.05229720832
-4.70424339448
-5.2080523813
-5.51385918171
-5.60350428423
-5.49741993971
-5.26172728109
-4.99496529756
-4.787656536
-4.6789343242
-4.64311350825
-4.66589793357
-4.73480974368
-4.75820790902
-5.88470254062
-4.6545396307
-16.6602603976
-0.915453322458
2.77922790204
3.69575977029
2.34379582646
2.28703149128
2.22512328693
2.01201066607
1.8411257536
1.67900381379
1.60606508065
1.58477381536
1.60707594624
1.64787995709
1.69644895822
1.74448879358
1.78907877738
1.82883438026
1.86351454843
1.89315932359
1.91797629848
1.93820711806
1.95411201683
1.96594874023
1.97396516209
1.9784143301
1.97963557328
1.97779171823
1.97326706524
1.96651466892
1.95806672884
1.94852660513
1.93857298182
1.92895986971
1.92051938196
1.914172721
1.91095627773
1.91205402171
1.91879961644
1.93280161271
1.95703891277
1.9989877051
2.06923461032
2.15788334468
2.21222763936
2.16632407266
1.99960464889
1.73576289469
1.41183503856
1.06312595612
0.717727658137
0.395107214971
0.106470112082
-0.144476289791
-0.360717678807
-0.55118574949
-0.730150730129
-0.916834244534
-1.13506293766
-1.41309897691
-1.78449201149
-2.28571004713
-2.92435082044
-3.63870625953
-4.32643272256
-4.89814989283
-5.30113549344
-5.5134725809
-5.53654783973
-5.40217594452
-5.1787106796
-4.95256463421
-4.79257257271
-4.72245124585
-4.70801914325
-4.74703022925
-4.84997346757
-4.81413082449
-5.99421533326
-4.96563787634
-16.3898668845
-1.44199672305
2.59954813718
3.0680065667
2.10959426843
2.06496841478
2.12718201629
1.96373957158
1.81449839297
1.64098092691
1.5491014381
1.51094273258
1.5228864595
1.55952125062
1.60818263641
1.65870633989
1.70689490367
1.75068106979
1.78943314425
1.82293097819
1.85117176007
1.87421499401
1.89215738733
1.90510466327
1.91316818473
1.91650704378
1.91542818616
1.9100264352
1.90066197737
1.88776773248
1.87189034977
1.85368069193
1.83391134213
1.81348698128
1.79346420297
1.77508349983
1.7598181618
1.7494102802
1.7458340966
1.75146990043
1.77081627462
1.81507599397
1.8988595088
2.00617019553
2.06748050751
2.01197536693
1.8335072678
1.56583169619
1.24772948533
0.912593644649
0.585356189206
0.28239633006
0.0123398497997
-0.223174451486
-0.428803962522
-0.614895049409
-0.797007968422
-0.995603878113
-1.23553372684
-1.54551036826
-1.95888050479
-2.50943017475
-3.1854958683
-3.89214567199
-4.51826475364
-4.99770411717
-5.30965246944
-5.45312711366
-5.43819170885
-5.29931616923
-5.10160889957
-4.91714247258
-4.7951561759
-4.75319858461
-4.75551649156
-4.80370204406
-4.93100088607
-4.88142408639
-6.02033672573
-5.32496788628
-16.0033516413
-1.83156835558
2.32598024497
2.43942464228
1.85854214939
1.84230299147
2.03328959887
1.93671198685
1.81896691614
1.63607017465
1.52080440209
1.45923794289
1.45438405228
1.4819068778
1.52736075308
1.57831080843
1.62878686053
1.67572098045
1.71792747335
1.75484298657
1.78620450978
1.8118528097
1.8316896604
1.84563764206
1.85363796958
1.85573724904
1.85220585661
1.84306920972
1.82864429897
1.80934631587
1.78573679088
1.75852215941
1.72858062311
1.69698349306
1.66503151748
1.6343105279
1.60676438799
1.58471930977
1.57075782223
1.56792027281
1.58232283687
1.63001389371
1.73105886857
1.86093950785
1.92860452978
1.86259631018
1.67495431121
1.40703700568
1.09748724168
0.777141866791
0.467840165682
0.183264531755
-0.0701262469963
-0.292428155447
-0.489721582574
-0.673570898771
-0.860631097822
-1.07233645951
-1.33410022758
-1.67428813371
-2.12497785722
-2.71566797607
-3.40989279181
-4.0805929522
-4.62474971725
-5.01218234725
-5.25097756298
-5.35011133557
-5.31968516679
-5.19199120715
-5.02687945525
-4.88274364421
-4.790521189
-4.76888703265
-4.78195882819
-4.83759891504
-4.97042544771
-4.94577626329
-5.9875167178
-5.66962910399
-15.6009095941
-2.03755006355
2.06170415942
1.74675369195
1.56083125171
1.62397355644
1.94689529526
1.9333597011
1.85967267781
1.67173673279
1.52910899596
1.43681442189
1.40714046985
1.4189113123
1.45656618611
1.50510491324
1.55614105604
1.60511778571
1.65003173541
1.68984661948
1.72396740209
1.75196498002
1.77350660997
1.78830485173
1.7961244225
1.79690209341
1.79085543268
1.77791897302
1.75834872626
1.73253439851
1.70104959689
1.66465847118
1.62434959439
1.58136621154
1.53725953769
1.49397448269
1.45395376372
1.42013191005
1.3956387355
1.38395556287
1.39279222319
1.44439875945
1.56664062297
1.72375643399
1.79646189681
1.71959426026
1.52581360238
1.26082864952
0.961790005236
0.656715893913
0.364627708102
0.0969378224443
-0.141690198883
-0.352804732302
-0.543690831298
-0.726939577719
-0.920081899631
-1.14522078054
-1.42783231785
-1.79511895882
-2.276835866
-2.89675241518
-3.58809184865
-4.19723457782
-4.64875260476
-4.95423136977
-5.14059370538
-5.2162111294
-5.18727831062
-5.08125528932
-4.94902346864
-4.84307030754
-4.77862023382
-4.7734715307
-4.79792825189
-4.85270826933
-4.97679568738
-4.97627213234
-5.93344344041
-5.93833161708
-15.1246974082
-2.15995832478
1.78408726922
1.29026409151
1.27338963646
1.4237122748
1.87488130246
1.95549462849
1.93981025432
1.75438110874
1.5820099711
1.45188244971
1.38825536548
1.37579391049
1.3993762867
1.44156146695
1.49084134472
1.5404642429
1.58719025416
1.62931291802
1.66581993124
1.69597059421
1.71916298798
1.73485018744
1.74254772755
1.74202102302
1.73343996787
1.71669405801
1.69196980746
1.65961951558
1.62021841119
1.57458254616
1.52380570184
1.46929470643
1.41283973535
1.35674427991
1.30398072266
1.25813618641
1.22282124675
1.20161898331
1.20359032132
1.25872881362
1.40625142595
1.59658229404
1.67220230663
1.58483447819
1.38807518841
1.12854812103
0.841174967483
0.551203834121
0.275224588927
0.0227951899957
-0.202902590646
-0.404626426694
-0.590672787441
-0.774466833905
-0.974187753958
-1.21228237336
-1.51381391878
-1.90403196928
-2.40936739577
-3.04654071232
-3.71317326621
-4.23988578437
-4.59810607135
-4.83795741853
-4.99172737516
-5.06032773045
-5.04481309145
-4.96803597235
-4.87053939184
-4.79960943273
-4.76448232648
-4.76572057009
-4.79073933605
-4.83920664293
-4.94836196518
-4.9648938445
-5.84837061239
-6.13877473367
-14.5156191223
-2.24895234688
1.54070460065
1.00763367868
1.0881444542
1.2659744847
1.82747551186
2.00336248248
2.05760197942
1.88630707503
1.68534339439
1.5125372717
1.40624091253
1.35966225274
1.36091188861
1.39124261309
1.43555667283
1.48399492726
1.53141982723
1.57510240203
1.6134380837
1.64527284034
1.66968435674
1.68588360133
1.69323577516
1.69143594279
1.68054752883
1.66027471493
1.63068353737
1.59206668171
1.54498169156
1.49028057914
1.42914599451
1.36312370071
1.29420695172
1.22503560454
1.15915203396
1.10089425137
1.05432514399
1.0226797024
1.01585362688
1.07309925703
1.24984864217
1.48127567078
1.55676982695
1.46000273511
1.2632393299
1.01092905299
0.735659562329
0.460113975853
0.198906134519
-0.0399120464431
-0.254364594874
-0.448218034566
-0.630590422131
-0.815562972466
-1.02172111795
-1.27156308582
-1.58929498411
-1.997552385
-2.51837377634
-3.16024309347
-3.78020260204
-4.21009251848
-4.48342178487
-4.67669222053
-4.81479912412
-4.88804058634
-4.89432234528
-4.8533560071
-4.79523613865
-4.75214853696
-4.73429117898
-4.73771117418
-4.75864861056
-4.79371718184
-4.8817100768
-4.90741347404
-5.72772721345
-6.26604401049
-13.7585017159
-2.31393770129
1.35046000717
0.825724947017
1.1276852387
1.22355720079
1.81240434211
2.0685727946
2.20108252313
2.06115199849
1.83896177035
1.62393049594
1.46973733488
1.37945694081
1.34834294631
1.35930670791
1.39410100285
1.43885977886
1.48562967167
1.53015833117
1.57008556018
1.60382434345
1.63008541884
1.64764288276
1.65535390677
1.65254164065
1.63929938841
1.61546306176
1.58101414486
1.53615306305
1.48138366545
1.41756181044
1.34592908846
1.26812674165
1.18628197266
1.1033085065
1.02336690896
0.95175018411
0.89307703053
0.849714396468
0.831514869838
0.888341408188
1.09787365222
1.3811838217
1.45248280748
1.34809535571
1.15362460127
0.909415388018
0.64590447365
0.383629407445
0.135594756386
-0.0913097384169
-0.296124572301
-0.483412206247
-0.662968869586
-0.849322818756
-1.06129302001
-1.32111161445
-1.65189860582
-2.0729879309
-2.60117591555
-3.235057351
-3.78721591991
-4.11409365386
-4.3183776742
-4.48338861277
-4.6183153992
-4.70531979625
-4.74214448438
-4.74184663849
-4.72339230704
-4.7042649244
-4.69518888469
-4.69559555988
-4.70472809878
-4.71780922989
-4.77633034295
-4.80247045464
-5.56835321595
-6.31104574739
-12.8556057007
-2.35361723205
1.26337918086
0.722391628183
1.23404726919
1.30600271059
1.82098741805
2.12648778153
2.34414706223
2.25995554161
2.03232979693
1.78379529178
1.58444721473
1.44480038028
1.37089911384
1.35281879018
1.37164829953
1.40917057519
1.45335136535
1.49736293628
1.53744334358
1.57124225581
1.59709720705
1.61377818401
1.62046481127
1.61677698376
1.60241067698
1.57642161981
1.53846751006
1.48860537979
1.42723951031
1.3551877204
1.27371275346
1.18450200653
1.08971248468
0.992395703156
0.897342053038
0.811152620945
0.739391313784
0.683108122799
0.650867293151
0.703915446137
0.948163552233
1.29704092043
1.35908534346
1.2492368
1.05888982576
0.822920929653
0.570481473824
0.32008877671
0.0836902176602
-0.132867673267
-0.32935237337
-0.511029201863
-0.688121859787
-0.875524260271
-1.091978081
-1.35943885456
-1.69953824987
-2.12826066258
-2.65544616766
-3.2686239809
-3.73228283035
-3.95836546005
-4.11277129123
-4.26355312997
-4.4060448407
-4.51695417276
-4.58992840058
-4.63160525715
-4.65128356737
-4.65556107634
-4.65188882538
-4.64338367935
-4.63181343217
-4.61437376626
-4.634345854
-4.65198900757
-5.37240613192
-6.27045170332
-11.8195587991
-2.37215864593
1.21083734177
0.727964417091
1.38608971119
1.43424287213
1.82302970185
2.13805954335
2.44701306663
2.45127043692
2.24327554523
1.97950260199
1.7506886844
1.56580584147
1.44134766125
1.38245535055
1.37584378305
1.40077712456
1.44035425016
1.48414212775
1.52662847429
1.56475671176
1.5961540455
1.6182265284
1.62820260571
1.62433722294
1.60707937717
1.57693414274
1.53367424511
1.47715442788
1.40759247668
1.32568371353
1.23264467287
1.13013702143
1.0201888898
0.90570248052
0.791943639908
0.687321016514
0.599374733325
0.527898522355
0.478469899246
0.523562809453
0.803703436329
1.2377327746
1.28368159509
1.17113851387
0.984858836824
0.756309783031
0.512988543991
0.272513892594
0.0455696941374
-0.162471812072
-0.352245625262
-0.529296033174
-0.704386950744
-0.892286832773
-1.11193192709
-1.38432293092
-1.73064906261
-2.16202768108
-2.68181361982
-3.26140037738
-3.6186223559
-3.7535122869
-3.87779021652
-4.03031388255
-4.19494908166
-4.34016006575
-4.45485720716
-4.53902733715
-4.59414781672
-4.61925083081
-4.61728080951
-4.5916139913
-4.54835320582
-4.49130170588
-4.4656087376
-4.47159932298
-5.15927173001
-6.15179473528
-10.6596609701
-2.35623154955
1.20144592668
0.766983324979
1.56520631474
1.5275977649
1.78390699161
2.07135239684
2.46388873239
2.59455084505
2.44043674859
2.18682923114
1.96137030702
1.75549888699
1.58355692463
1.47219926569
1.42515105888
1.42590789327
1.45320736553
1.49012627561
1.52609613171
1.55561382111
1.57648525918
1.58856228212
1.5927005504
1.58943176957
1.57667181009
1.55055070873
1.509544068
1.45317390892
1.38139152807
1.29470446499
1.19423843125
1.08162917558
0.958698671738
0.827823358589
0.694249922728
0.568596696784
0.462329052019
0.37549206183
0.308924230947
0.343126567994
0.652763332363
1.19086354662
1.2149978669
1.10198837025
0.921463613014
0.698916389878
0.464159506729
0.231943590959
0.0135488885287
-0.187188538474
-0.370670328153
-0.543374708961
-0.715538720249
-0.902625760728
-1.12219068752
-1.39622111503
-1.74327896654
-2.17412944425
-2.67703463708
-3.20939100327
-3.44125970653
-3.49550658952
-3.61002665871
-3.78434880062
-3.98134512398
-4.16387506756
-4.31859933967
-4.44012506271
-4.52341934569
-4.56333301115
-4.56027692855
-4.52209719921
-4.45618056709
-4.36473229223
-4.29565734704
-4.29745474437
-4.96025041491
-5.94489044289
-9.33634728135
-2.22113016755
1.22510394567
0.811819877485
1.71343566877
1.58125409357
1.70168526288
1.92640136893
2.35680916504
2.63787614226
2.57684998167
2.3533371088
2.17474789768
2.00578499102
1.82247170364
1.66396890195
1.56282717689
1.52308000691
1.53025993231
1.5661383507
1.61654851277
1.67224896351
1.72562686706
1.76787397498
1.78919103
1.78433117192
1.75838640003
1.71712850378
1.66066089322
1.58799455
1.49870549967
1.39297194006
1.27170841359
1.13643911307
0.988607407472
0.829276940478
0.662055091672
0.498964315575
0.358428471838
0.246483211974
0.160010816418
0.181158144168
0.519803622313
1.19789233722
1.18902281072
1.08055838226
0.899059369251
0.679390188204
0.447267728505
0.219850418175
0.00549591508637
-0.190775660497
-0.37120945653
-0.541118872551
-0.712140463412
-0.897669630027
-1.1170971063
-1.38835861251
-1.73587733928
-2.16232691392
-2.6506205612
-3.11269416958
-3.20927775111
-3.2077127152
-3.35055169675
-3.58597560633
-3.83924919209
-4.07293537007
-4.27704542046
-4.44264723257
-4.55804098905
-4.61323472243
-4.60542676518
-4.53435993672
-4.41044538364
-4.25851581873
-4.13666970139
-4.12616279152
-4.72570587746
-5.53543960847
-7.74412791627
-1.8481204759
1.3239523168
0.806826158492
1.79048528321
1.61560957884
1.63824616598
1.75602151451
2.12794934639
2.51851043189
2.57845968769
2.3790845095
2.26012113243
2.19837903961
2.0875655191
1.93739296354
1.79776692364
1.70177022538
1.65177964414
1.62964858493
1.6124244748
1.5866408206
1.55326854695
1.52407030508
1.51213715255
1.52125553047
1.53664375793
1.53825071612
1.51889840108
1.47746156489
1.41336458435
1.32650487001
1.21741870737
1.08749056502
0.937934520101
0.768263999116
0.578782223095
0.381010407382
0.203907211768
0.071693314095
-0.0142533484998
0.0120139407622
0.335587817891
1.14960235731
1.12719519833
1.01765048726
0.847521666677
0.62542574586
0.403622773376
0.179891540135
-0.0250897719618
-0.216615424972
-0.389283976648
-0.555602660784
-0.718816392674
-0.901316158293
-1.10822586496
-1.3746589818
-1.70042197602
-2.13306864297
-2.58577332854
-2.94609673004
-2.88102609381
-2.85323371246
-3.05438307869
-3.36096766768
-3.65043927449
-3.89882612323
-4.11058773098
-4.27634211928
-4.37935597412
-4.40938009496
-4.37488582131
-4.31212778784
-4.23144601881
-4.0753229785
-3.85989506232
-3.76142123533
-4.22086671704
-4.73972254097
-5.9138819135
-1.36564584853
1.64507989217
0.671001097863
1.7390246212
1.6601550338
1.61854241343
1.63509369189
1.85802524547
2.21937858823
2.39196068287
2.22225667173
2.12784983735
2.17722577105
2.20389519507
2.143926154
2.02927054708
1.92763946317
1.89815606787
1.97003451142
2.13297271612
2.34632305791
2.55620354607
2.7138591466
2.78567825908
2.76490369045
2.68899545198
2.58662652001
2.46679529256
2.32911200857
2.17253179662
1.99619258658
1.80000698253
1.58505708195
1.35271410472
1.10115404977
0.823789683223
0.520536519351
0.220751337746
-0.0160062621589
-0.135793161409
-0.0683181674097
0.274972440123
1.34315984337
1.25426612331
1.16231850343
0.950478589694
0.724968863412
0.483113685822
0.257094783692
0.0409297107811
-0.152836540552
-0.333899828873
-0.501775899904
-0.672371322877
-0.851448779056
-1.06323381814
-1.3111360439
-1.63629899124
-2.04785523564
-2.54678642608
-2.71327807995
-2.49821409431
-2.57448518969
-3.01479533392
-3.52505921574
-3.94960043139
-4.31142123335
-4.63892372966
-4.91709461099
-5.11960295379
-5.22807570576
-5.21313063274
-4.99818075477
-4.47704738305
-3.74892679443
-3.1759021088
-3.1016782424
-3.63251112532
-3.97917582387
-4.44914763035
-1.30194059958
2.1100634888
0.706114314657
1.44537795973
1.59659242671
1.57429229761
1.55830695435
1.65723626402
1.88842309107
2.09062904133
2.04478980543
2.07538243508
2.3096537898
2.58345647748
2.73531654407
2.6774242777
2.40100356134
1.95265287027
1.41909910441
0.896066022933
0.465551736897
0.182358295897
0.0767837450492
0.158245306377
0.37427611606
0.595889835236
0.796731568628
0.961627953001
1.0866819414
1.1694963909
1.20805795966
1.19998680244
1.14414153999
1.0407732151
0.885199344878
0.656154457143
0.322391272815
-0.0947911968992
-0.42514465674
-0.42260421952
-0.184398901277
-0.0561605841221
1.17362603322
1.02463725788
0.955151759479
0.733131437948
0.532704837708
0.307350995836
0.106992070283
-0.0886946566106
-0.262312706026
-0.42388235876
-0.577007337286
-0.724275669945
-0.887846425279
-1.05918826172
-1.28015147453
-1.52249283589
-1.89743024814
-2.41695178531
-2.30043289925
-1.83659689127
-2.13852506291
-2.83126644053
-3.34062740759
-3.58275407088
-3.69517035629
-3.72828287681
-3.6500608998
-3.42883558544
-3.06025239083
-2.58882191282
-2.09581752919
-1.95450901431
-2.45003042583
-3.54695252203
-4.79117910054
-5.52009907744
-5.045039826
-4.15010221205
-1.58852246049
2.49083198684
1.148393552
1.19112792412
1.33110953156
1.34983102569
1.39119758801
1.56432486736
1.7845779222
1.90879872582
1.88937253008
2.09414324101
2.77576512481
3.79635587592
5.03831727922
6.36508651225
7.65262239193
8.78112153674
9.66323749237
10.2532157845
10.5494778135
10.5852084374
10.415677574
10.1156261594
9.79448613982
9.50313865035
9.16366103037
8.7578303765
8.28491583455
7.749303279
7.15456463938
6.50436485075
5.80527740223
5.06863521064
4.30049993603
3.47710729405
2.54738468676
1.54293721655
0.747075572006
0.480721745126
0.237076074637
0.659611765422
3.27908698274
1.63800730129
2.19037810087
1.29435253756
1.40025058176
0.839638566477
0.770666967868
0.381609423589
0.272279796003
-0.0375920423642
-0.125013204068
-0.44415261189
-0.468928015918
-0.912808749523
-0.803555639485
-1.52014017919
-1.14882780263
-2.59482659677
-1.63648399759
-1.17965700059
-3.07997681591
-5.33849106785
-7.09260925056
-8.55382730047
-9.98470824762
-11.3877764443
-12.6732242742
-13.7790814899
-14.6900187756
-15.4624817602
-16.3853802809
-17.2884170559
-17.6409894925
-16.9057387666
-14.708818174
-11.14559156
-6.81865930133
-3.09742515089
-0.234904226897
2.48139934576
1.78950206727
1.59184864885
1.72407541598
1.85537354307
2.00518562632
2.17663730914
2.22989967625
2.11028358566
1.70115205422
1.19981323935
0.848505068561
0.530152098578
0.290836886437
0.159394782581
0.177548954277
0.354956566875
0.679807247219
1.11876886569
1.62645840397
2.15160643302
2.6395048622
3.0293652362
3.26547929254
3.37834866265
3.44113732818
3.47949081169
3.49867283428
3.49735017846
3.47140327686
3.41505091318
3.32405495881
3.19846972538
3.0313774793
2.77521481192
2.33202801926
1.66751526718
0.983922037247
0.503311634022
0.0592064083678
-0.0789033534105
2.43998946947
-0.457365444685
1.3112976195
-0.156067409654
0.650817610276
-0.0966909529277
0.263318814739
-0.175319020201
0.0209482694391
-0.333288589155
-0.120738308697
-0.568257837849
-0.153272370452
-0.922264953455
-0.0190330015962
-1.45686305332
0.402854489171
-1.97201020484
0.5912381987
0.3586800248
-2.31006676664
-3.93684404768
-4.33764128615
-4.42703050463
-4.59514906326
-4.79745005966
-4.94469008245
-5.01420367538
-4.98698105411
-4.74359557968
-3.93111881651
-2.42438465837
-0.431755225308
1.70836195523
3.55783406505
4.69130444199
4.86476549142
4.30047604919
3.51075708195
)
;

boundaryField
{
    frontAndBack
    {
        type            empty;
    }
    upperWall
    {
        type            zeroGradient;
    }
    lowerWall
    {
        type            zeroGradient;
    }
    inlet
    {
        type            zeroGradient;
    }
    outlet
    {
        type            adjointOutletPressure;
        value           nonuniform List<scalar> 
20
(
-0.701352821539
-0.485824150761
-0.36112564333
-0.318666305548
-0.295089415085
-0.266208801236
-0.233425937578
-0.198969249705
-0.163224543282
-0.125948385313
-0.0867579317721
-0.0451082866609
-0.000194573393551
0.0491813171191
0.104836001819
0.169843229505
0.248427861171
0.343089564895
0.413559700068
0.279362975014
)
;
    }
}


// ************************************************************************* //
