/*--------------------------------*- C++ -*----------------------------------*\
| =========                 |                                                 |
| \\      /  F ield         | OpenFOAM: The Open Source CFD Toolbox           |
|  \\    /   O peration     | Version:  v1806                                 |
|   \\  /    A nd           | Web:      www.OpenFOAM.com                      |
|    \\/     M anipulation  |                                                 |
\*---------------------------------------------------------------------------*/
FoamFile
{
    version     2.0;
    format      ascii;
    class       volScalarField;
    location    "700";
    object      p;
}
// * * * * * * * * * * * * * * * * * * * * * * * * * * * * * * * * * * * * * //

dimensions      [0 2 -2 0 0 0 0];


internalField   nonuniform List<scalar> 
6400
(
0.185069763748
0.184668147105
0.184258760825
0.184041796769
0.184163363586
0.184037424418
0.183255055616
0.181776258146
0.179736008401
0.177193720229
0.174235692459
0.170956879527
0.16745291935
0.163813877105
0.160120375402
0.156441665478
0.152835162348
0.149346969274
0.146012988382
0.142860308216
0.139908652441
0.137171753758
0.134658578607
0.132374371556
0.130321516248
0.128500226064
0.126909085758
0.125545468606
0.124405854808
0.123486075109
0.122781494531
0.122287141077
0.121997811704
0.121908263909
0.122013604682
0.122309758127
0.122793276402
0.12345861573
0.124297663284
0.125303580098
0.12647060844
0.127792384811
0.129262473528
0.130874504132
0.132622233816
0.134499568776
0.136500559866
0.138619376043
0.140850255402
0.143187432918
0.145625044881
0.148157011793
0.150776903868
0.153477796053
0.156252122226
0.159091540734
0.16198682508
0.164927794186
0.167903295673
0.170901253149
0.173908784243
0.176912390376
0.179898211948
0.182852334315
0.185761121146
0.188611543311
0.191391460477
0.194089798069
0.196696554554
0.199202575643
0.201599002544
0.203876174494
0.206021576218
0.208016827856
0.209835349686
0.211441610723
0.21278227629
0.213756570283
0.214228628779
0.214247421429
0.184866970606
0.184443716326
0.184203753395
0.184009405351
0.183850734458
0.183836842462
0.18311097473
0.181639382463
0.179566273754
0.176978632386
0.173974937312
0.170655619149
0.167119027284
0.163456186497
0.159747550877
0.156061510822
0.152454257845
0.148970549093
0.145644979439
0.142503465278
0.139564739689
0.136841737991
0.134342812263
0.132072753558
0.130033625696
0.12822542796
0.126646610325
0.125294466172
0.124165428044
0.123255291525
0.122559383856
0.122072662581
0.12178971438
0.121704781729
0.121812286479
0.12210810715
0.122590408089
0.123255657564
0.124097113736
0.12510711193
0.126277830015
0.127602357695
0.129074097524
0.130686653142
0.132433800846
0.134309482747
0.136307795547
0.138422964295
0.140649295937
0.142981109463
0.145412641738
0.14793792996
0.150550674659
0.153244089735
0.156010749391
0.158842444103
0.161730060081
0.164663497063
0.167631638745
0.170622387343
0.173622770048
0.176619118897
0.179597318735
0.182543109411
0.185442419367
0.188281699659
0.19104821943
0.193730269421
0.196317210431
0.198799316778
0.20116732265
0.203411504848
0.205520071782
0.207476805374
0.209258609071
0.210833457157
0.212155308727
0.213150171023
0.21371328137
0.213815384582
0.185303334499
0.184735755719
0.184308700322
0.184076141596
0.183696573225
0.183191487652
0.182170434949
0.180539291754
0.178345021688
0.175667798997
0.172605880527
0.169258693487
0.165721546075
0.162081112528
0.158412964637
0.154780654462
0.151235957394
0.14781984784
0.14456385355
0.14149153101
0.138619895687
0.135960713766
0.133521613833
0.13130701014
0.129318848436
0.127557194672
0.126020689977
0.124706895568
0.123612552059
0.122733779726
0.122066231039
0.121605142531
0.121345177943
0.121280370718
0.121405652897
0.121720152255
0.122221405538
0.122901926628
0.123754535615
0.124772815067
0.1259499997
0.127279435592
0.128754605127
0.130369144123
0.132116853848
0.133991708688
0.135987853285
0.138099583296
0.14032130481
0.142647468808
0.145072478664
0.147590570975
0.150195672819
0.152881241827
0.155640098809
0.15846426586
0.161344825214
0.164271815292
0.167234179636
0.170219781786
0.173215495333
0.176207372269
0.179180884977
0.18212122992
0.18501366961
0.187843881946
0.190598281795
0.193264271227
0.195830336842
0.198285978952
0.200621377976
0.202826655221
0.2048906798
0.206799322636
0.208532978152
0.210063656562
0.211352878425
0.212346256389
0.21295207809
0.213103718038
0.18614606588
0.185504318894
0.184830133021
0.184173157193
0.183361095677
0.182311784658
0.180860567505
0.178939142432
0.176554351167
0.173762784656
0.170646135352
0.1672922905
0.163786532732
0.160206299894
0.15661877948
0.153080219246
0.149636326847
0.146323277802
0.143168994944
0.140194479257
0.137415062891
0.13484151944
0.13248100814
0.130337853122
0.128414171711
0.126710370777
0.125225530858
0.123957698582
0.122904111928
0.122061381499
0.121425615214
0.120992390444
0.120756520519
0.120712255675
0.120855737174
0.121188575528
0.121707113142
0.122401928479
0.123266694374
0.124294798882
0.125479603111
0.126814537024
0.128293136341
0.129909072736
0.131656180389
0.133528476447
0.135520170096
0.137625654388
0.139839475292
0.142156273223
0.144570693873
0.147077267358
0.14967025789
0.152343489799
0.155090159879
0.157902649745
0.160772355077
0.163689550433
0.166643308042
0.169621485428
0.172610793813
0.175596953348
0.178564930412
0.181499249679
0.184384355847
0.187204994666
0.189946571864
0.192595492721
0.195139314599
0.197566784979
0.19986768664
0.202032274292
0.204050401291
0.205910269909
0.207596232155
0.209085631434
0.21034796359
0.211343616263
0.21197978509
0.212183388229
0.187037863952
0.18618932928
0.185165597158
0.184012104827
0.182685653526
0.181125228697
0.17923764493
0.17698465978
0.174373539575
0.171448153867
0.168273183705
0.164920614814
0.161461371031
0.157960304171
0.154473892896
0.151049599805
0.147726211373
0.144534683117
0.141499186962
0.13863818128
0.135965407625
0.133490770605
0.131221087583
0.129160711475
0.127312037708
0.125675908597
0.124251928248
0.123038704746
0.122034046472
0.121235126585
0.120638552015
0.120240197744
0.120035026111
0.120018129772
0.120187788269
0.120544832265
0.121084087643
0.121796397692
0.122675780186
0.123715823506
0.124910043553
0.126251955659
0.127735136805
0.129353276783
0.131100223106
0.132970018172
0.134956924223
0.137055430198
0.139260234068
0.141566194617
0.143968247831
0.146461285319
0.149039995527
0.151698672971
0.154431005445
0.157229854135
0.160087045438
0.162993196097
0.165937594481
0.168908154572
0.171891456716
0.174872889409
0.17783687991
0.180767220588
0.183647453707
0.186461305762
0.189193054333
0.191828024173
0.194352764214
0.196755172991
0.199024585516
0.201151335864
0.203126071924
0.204938903375
0.206577710335
0.208024872792
0.209255738593
0.210245683761
0.210894994623
0.211148225574
0.187538623772
0.186302419518
0.184941706723
0.183352503161
0.181562149719
0.179549876577
0.177274218017
0.174721381493
0.171904981986
0.168862344499
0.165644767573
0.162308992783
0.158911140562
0.155502919865
0.152129790042
0.148830392956
0.14563674419
0.142574812897
0.139665260173
0.136924204444
0.134363945391
0.131993614623
0.129819741315
0.127846731818
0.126077267661
0.124512627993
0.123152942958
0.121997391465
0.121044371936
0.120291651831
0.119736373365
0.119374742364
0.119201990818
0.11921461024
0.119413971201
0.119797588016
0.120358185376
0.121089254156
0.121984517134
0.123037623526
0.124242158209
0.125591682166
0.127079789412
0.12870016794
0.130446659832
0.132313315953
0.134294439533
0.136384611676
0.138578690962
0.14087177928
0.143259147003
0.145736112699
0.148297876216
0.150939309393
0.153654714326
0.156437565451
0.159280257173
0.162173880923
0.165108062713
0.168070880076
0.171048866131
0.174027144783
0.176989646575
0.179919465375
0.182799246605
0.185611747075
0.188340087171
0.190968555664
0.193482748906
0.195869692628
0.198118279244
0.200218858209
0.202162586561
0.203940846447
0.205544099556
0.206958834234
0.208162313424
0.209146231676
0.209799124308
0.21009843923
0.186897129834
0.185514622235
0.183966660177
0.182062315409
0.179921212998
0.177559280732
0.174980249185
0.172193567339
0.169220647751
0.166095391827
0.162859251673
0.159556510643
0.156230603851
0.152921735774
0.149665657247
0.146493236405
0.143430522153
0.140499074669
0.137716421102
0.135096553034
0.132650418697
0.130386383654
0.128310645494
0.126427595525
0.124740125218
0.123249877562
0.121957445609
0.120862529374
0.119964077557
0.11926041113
0.118749182501
0.118427014883
0.118289622704
0.118334588213
0.118564636997
0.118976106758
0.119560265185
0.120311507645
0.121223813501
0.122290990317
0.123506704155
0.124864543632
0.126358091818
0.127981002786
0.129727079219
0.131590346794
0.133565119297
0.135646046551
0.137828135654
0.140106735421
0.142477474648
0.144936146571
0.147478535417
0.150100188212
0.152796141454
0.15556061964
0.158386733564
0.1612662001
0.164189128337
0.167143905763
0.170117140891
0.173093819763
0.176057469877
0.178990606147
0.1818750113
0.184692657437
0.187425495608
0.190056897501
0.192571667248
0.194955935478
0.197198178846
0.199288672052
0.201218769982
0.202980527539
0.204565832604
0.205964615658
0.20715195245
0.208136779626
0.208791389136
0.209133437878
0.185212388855
0.18382922234
0.182213863233
0.180123520329
0.177759855111
0.175166119784
0.17238307245
0.169440906598
0.166369958401
0.163203437064
0.159976353008
0.156723853383
0.153479623817
0.150274772092
0.14713721023
0.144091408661
0.141158402841
0.138355956688
0.135698818746
0.133199027646
0.130866236094
0.128708030574
0.126730230139
0.124937153247
0.123331846322
0.121916271139
0.120691452537
0.119657597114
0.118814201477
0.118160133785
0.117693561872
0.117411659446
0.117310898229
0.117389752748
0.117651193681
0.118090918843
0.11869940978
0.119471611335
0.120401739211
0.121483738419
0.12271133447
0.124078117902
0.125577631346
0.127203461588
0.128949334971
0.130809212715
0.132777380052
0.134848520305
0.137017762528
0.139280689842
0.141633296153
0.144071880538
0.146592870243
0.149192574292
0.151866878166
0.154610891807
0.157418597037
0.160282502116
0.163193355982
0.166140046135
0.169109401649
0.172086467992
0.175054485843
0.177995641725
0.180890861047
0.183721745059
0.1864690726
0.189115499367
0.191645340526
0.194043737539
0.196298802442
0.198400573382
0.20034020753
0.202109973807
0.203701909034
0.205108743669
0.206299984464
0.207300725399
0.207963402606
0.208347260881
0.182756983531
0.181411939648
0.179787725629
0.177610849771
0.175134912891
0.172416320644
0.169523435912
0.166502380957
0.163391787958
0.160225864808
0.157035986143
0.153851229652
0.150698402239
0.147601942758
0.144583830437
0.141663542214
0.138858074983
0.136182033439
0.133647776266
0.131265606313
0.129043986263
0.126989760799
0.125108369006
0.123404035216
0.12187993081
0.120538303503
0.119380577617
0.118407438679
0.117618908732
0.117014367271
0.116592425645
0.116350787804
0.116286916778
0.116400344561
0.116693360524
0.117161152144
0.117794040891
0.118587410683
0.119535678616
0.120632891161
0.121872801365
0.12324897044
0.124754867517
0.126383975166
0.128129901498
0.129986496666
0.131947967887
0.134008983164
0.136164750383
0.138411055493
0.14074424365
0.143161130889
0.145658828171
0.148234476924
0.150884917156
0.153606272063
0.156393546908
0.15924022588
0.162137836556
0.165076015416
0.168041935254
0.171020999581
0.173996231951
0.176949981103
0.179862200042
0.182714890731
0.18548764478
0.188162626728
0.190724183554
0.19315618763
0.195446678772
0.197585445857
0.199562955272
0.201371447533
0.203001936808
0.204448516266
0.205673080953
0.206712264824
0.207397022044
0.207826493765
0.179714993537
0.17842749591
0.17683084802
0.174638813528
0.172134769046
0.169377290507
0.166453517045
0.163419949836
0.160321683997
0.157194471043
0.154067954624
0.150967549019
0.147915570573
0.144931871185
0.142034162942
0.139238176883
0.136557756565
0.134004946842
0.131590105662
0.129322042961
0.127208177264
0.125254695596
0.123466703342
0.121848354456
0.120402955843
0.119133043546
0.118040437908
0.117126297559
0.116391165402
0.115834911652
0.115456493531
0.115254016148
0.115226293939
0.115374981806
0.115699646215
0.116194484084
0.116851448932
0.117665962025
0.118632539248
0.119745267182
0.120997889651
0.122383910182
0.123896696435
0.125529594341
0.127276054091
0.129129766915
0.131084807135
0.133135768595
0.135277880314
0.137507081416
0.139820031978
0.142214051954
0.144686955182
0.147236759668
0.149861351011
0.152557977877
0.15532279493
0.158150484535
0.161033403882
0.163962287202
0.166924665718
0.169906789282
0.172891381051
0.175861852306
0.17879679723
0.181679750086
0.184489028418
0.187206383946
0.189817239442
0.192303702056
0.194654940253
0.196861140326
0.198910914895
0.200795903486
0.202505226996
0.204031285463
0.205328443289
0.20643542265
0.207163247613
0.207649382216
0.17623150652
0.175019711597
0.173479742948
0.171325012977
0.168854770589
0.16612350377
0.163230338665
0.160237344396
0.157194037495
0.154137564391
0.151096932874
0.14809554562
0.145152984608
0.142286108404
0.139509679186
0.13683670454
0.134278634583
0.131845502791
0.12954605507
0.127387881137
0.125377545531
0.123520709254
0.121822233575
0.120286260661
0.118916268143
0.117715097675
0.116684968533
0.115827502038
0.115143742087
0.114634022644
0.114297596888
0.114132893741
0.114140183367
0.114323804344
0.114679463244
0.115199813736
0.115880140847
0.116715410955
0.117700125884
0.118828358945
0.120093817895
0.12148993021
0.123009943552
0.124647042996
0.126394487116
0.128245762995
0.130194755698
0.132235919884
0.134364435962
0.136576331135
0.138868521551
0.141238789609
0.143685651463
0.146208006914
0.14880485818
0.151474677611
0.154214811453
0.15702146353
0.15988765901
0.162805778543
0.16576350166
0.168748743241
0.171743536714
0.174733665019
0.177695511665
0.180615358897
0.183470295014
0.186241713463
0.188918545725
0.191480219247
0.193919406692
0.196228058453
0.198389991748
0.200394791525
0.202229434423
0.203880573079
0.205299122104
0.206514154803
0.207317402014
0.207883643832
0.172446728486
0.171321736518
0.169858400339
0.167777982567
0.165385296561
0.162727227152
0.159909968014
0.156997477245
0.154041910405
0.151081344252
0.148144664468
0.145254267004
0.14242816558
0.13968134295
0.13702658097
0.134474956653
0.132036152607
0.129718675355
0.127530029784
0.125476867784
0.123565113323
0.121800060723
0.120186443502
0.118728473769
0.117429853656
0.116293762401
0.115322833172
0.114519147061
0.113884224235
0.113418842942
0.113122624231
0.112994435653
0.113035433515
0.113250671689
0.113635403027
0.114181381787
0.114884620022
0.115740203926
0.116742702371
0.117886203575
0.119164387965
0.120570610216
0.122097996289
0.123739560692
0.125488348845
0.127337607214
0.12928097975
0.131312717406
0.133427874291
0.13562249126
0.137893664222
0.140239559858
0.142659388283
0.145152880058
0.147720188037
0.150361122017
0.153074057992
0.15585728549
0.158703961138
0.161609000796
0.164559682698
0.16754668302
0.170550509029
0.17356047939
0.176549684157
0.179508634108
0.182414358361
0.185248028564
0.188006775553
0.190665328778
0.193219347363
0.195662897347
0.197973512694
0.200138866786
0.202145664045
0.203974941618
0.205576936267
0.206960408003
0.207890582117
0.208581339345
0.168486754109
0.167452003666
0.166076048788
0.164093641123
0.161807221593
0.159254194963
0.156544229192
0.153740468787
0.15089626844
0.148050050935
0.145230714919
0.14246017432
0.139755574997
0.13713075108
0.13459718028
0.132164601692
0.129841433123
0.127635072401
0.125552126623
0.123598587616
0.121779959529
0.120101340969
0.118567465202
0.117182703982
0.115951041307
0.114876025223
0.113960714268
0.11320764125
0.112618768605
0.112195287831
0.1119372566
0.111844097313
0.11191751627
0.112162470213
0.112574545973
0.113145045109
0.113870224572
0.114745259648
0.115764776426
0.116922884594
0.118213249657
0.119629168161
0.12116365695
0.122809565427
0.124559719082
0.12640709993
0.128345066869
0.130367611423
0.132469578708
0.134646947498
0.136896915232
0.139217898121
0.14160981119
0.144073091954
0.14660899614
0.14921889421
0.151901643422
0.154658619871
0.157482086431
0.160370649509
0.163310284339
0.16629512459
0.169303273439
0.172328146119
0.17533970984
0.178335311015
0.181296707375
0.18420056312
0.187055766809
0.189834023426
0.192522334517
0.195116813249
0.197604096948
0.199973022289
0.202207615511
0.204282861222
0.206144932991
0.207772679436
0.208903015308
0.20978318261
0.164454520656
0.163508647086
0.162224283008
0.1603532755
0.15818998661
0.155761734153
0.153179081404
0.150502449543
0.147785277934
0.145065735744
0.142372643856
0.139727634521
0.137147354401
0.134644927316
0.132230977978
0.12991433973
0.127702562633
0.125602289914
0.123619538438
0.121759899742
0.120028670482
0.118430920101
0.11697150534
0.115655042452
0.11448584787
0.11346786047
0.112604565495
0.111898932979
0.111353327387
0.110969283967
0.110747273461
0.110687361351
0.110791720837
0.111064786894
0.111502750845
0.112096442719
0.112842292936
0.113735554023
0.114770909232
0.115942501954
0.117244003791
0.118668679657
0.120209464194
0.121859063118
0.123610091723
0.125455260618
0.127387607354
0.12940082931
0.131489476204
0.133649391472
0.135877830447
0.138173225553
0.140536267259
0.142967913025
0.145470306907
0.148046890334
0.150695904055
0.15342325041
0.156218878291
0.15908574919
0.162007779153
0.164982085818
0.167985066725
0.171015508367
0.174045878294
0.177075559668
0.180103511259
0.183086135245
0.186028683329
0.188917579671
0.1917450851
0.194507512932
0.197198139726
0.199808558912
0.202323488347
0.20471424122
0.206922594895
0.208891408799
0.210336241581
0.211522408711
0.160430548346
0.159569567252
0.158376825079
0.156623205783
0.154591141578
0.152298166135
0.149853955542
0.147314948855
0.14473385235
0.14214803264
0.139586030199
0.137069198802
0.134613839164
0.132232606633
0.129935564119
0.127730950887
0.125625760513
0.123626176761
0.121737893572
0.119966333444
0.118316775717
0.116794407828
0.115404314996
0.114151424001
0.113040415194
0.11207562058
0.111260934412
0.110599737849
0.110094748308
0.109747710025
0.109559348664
0.109530649508
0.109664905018
0.109964869667
0.110427125029
0.111042380479
0.111807268042
0.112717118933
0.113766669361
0.114950106989
0.116261133304
0.117693015358
0.119238643188
0.120890614085
0.122641356591
0.124483326376
0.126409200421
0.128412385243
0.130487044115
0.132628797181
0.13483501758
0.137103758646
0.139436656465
0.141835011289
0.144301364925
0.146842147099
0.149453364607
0.152146680344
0.154908430911
0.157745075667
0.16063937802
0.163591247703
0.166580625362
0.169608141952
0.172669317438
0.175727036273
0.178786545803
0.181827473368
0.184845887772
0.187836159723
0.190796013346
0.193726683495
0.19662910354
0.199501582757
0.202333863846
0.20509845494
0.20773549035
0.210154971548
0.212074761047
0.213727158474
0.156476901233
0.155695339389
0.154591509238
0.15295606674
0.15105706664
0.148903099002
0.146601756562
0.144204748041
0.141763483878
0.139314067295
0.136884523625
0.134495829578
0.132163968175
0.129901245309
0.12771734626
0.125620140289
0.123616306071
0.12171180746
0.119912237057
0.118223040113
0.116649633165
0.11519743565
0.113871835402
0.112678107795
0.111621304762
0.110706134754
0.109936868354
0.109317261219
0.108850333801
0.108537899208
0.108380742791
0.108381299683
0.10854588654
0.108872264733
0.109355786624
0.109990489689
0.110772420197
0.111696853521
0.112758532156
0.113951687797
0.11527007396
0.116706997281
0.118255346836
0.119907659655
0.121656205399
0.123493242177
0.125411017854
0.12740271096
0.12946200722
0.131584147395
0.133766890932
0.136007310296
0.138308257717
0.140671346418
0.143098650427
0.145600600231
0.148169179732
0.150821856461
0.153541443235
0.15633621063
0.15919346528
0.162113342026
0.165096767527
0.168109200657
0.171157410272
0.174220977329
0.177293656103
0.180365160782
0.183432153285
0.186494914817
0.189558014929
0.192630338057
0.195722557018
0.198843516571
0.201992792175
0.205150244106
0.208258736864
0.211200057863
0.213696867737
0.21583360777
0.152640663679
0.151932242119
0.15091282428
0.149392757537
0.147624318271
0.145608261157
0.143449312473
0.141194081168
0.138892323736
0.136578520943
0.134279965765
0.13201712252
0.129805623952
0.127657476339
0.125582103982
0.123587168118
0.121679218176
0.119864187191
0.118147741979
0.116535499979
0.115033130532
0.113646363809
0.112380933131
0.111242473703
0.110236395328
0.109367751474
0.108641143529
0.108060644179
0.10762952289
0.107349657301
0.107221937316
0.107249971407
0.107441869028
0.107792850225
0.108296331675
0.108948631888
0.109745529925
0.110682294263
0.111753694499
0.112954025567
0.114277118007
0.11571635826
0.117264675887
0.118914614232
0.120658289977
0.122487900552
0.124395118854
0.126373035728
0.128414800892
0.13051496594
0.13267226129
0.13488202213
0.137148548307
0.139473936356
0.141858504184
0.144317178465
0.14683668253
0.149438839731
0.152109140506
0.154851669046
0.157677734993
0.160552725122
0.163489687532
0.166468773738
0.169483015582
0.172519832177
0.175571449447
0.178632109362
0.181701335046
0.184784314192
0.187892306459
0.191042612929
0.194256680504
0.197556021571
0.200953044436
0.204439299878
0.207956832179
0.211337177581
0.214293800501
0.216770023631
0.148956727662
0.148314856913
0.147374280445
0.145964411874
0.144321127056
0.142438552673
0.140418056234
0.138301049533
0.136135434295
0.133953810318
0.131782564765
0.129641517235
0.127545897899
0.125507429272
0.123535350006
0.121637229885
0.119819627147
0.118088584305
0.116449968773
0.114909670945
0.113473681526
0.112148076199
0.11093893743
0.109852238827
0.108893710698
0.108068709018
0.10738212185
0.106838285236
0.106440685516
0.10619139163
0.106091661736
0.106145817054
0.106361857865
0.106734949605
0.107257021666
0.107924965792
0.108734604771
0.10968124267
0.110759694623
0.111964337389
0.11328909312
0.114727470749
0.116272460683
0.117916719664
0.119652135084
0.121471123579
0.123364501384
0.125325490148
0.127346764951
0.129421661536
0.131550749587
0.133726879223
0.135955629537
0.138239872515
0.140576522578
0.142984805451
0.145450407303
0.147989873171
0.150617716379
0.153299176037
0.156057966043
0.158876042145
0.161749254717
0.164664983211
0.167613007191
0.170582773126
0.173566525479
0.176560168307
0.179565094831
0.182589435273
0.185648884461
0.188766931474
0.191973405714
0.195299973401
0.198768570021
0.202376005788
0.206024149411
0.209452894091
0.212894539961
0.216808705744
0.145450232323
0.144868353858
0.144000507659
0.142694192319
0.141168829504
0.139413119208
0.137524784508
0.135540133809
0.133505131367
0.131450329192
0.12940108922
0.12737647789
0.125391274033
0.123456918727
0.121582514476
0.119775620729
0.118042900144
0.116390597924
0.114824859222
0.113351899413
0.111978053674
0.110709738637
0.109553358868
0.108515184424
0.107601218669
0.10681707844
0.106167907118
0.105658266452
0.105291824386
0.105070946569
0.104997546235
0.105076468376
0.105314521503
0.105707506771
0.106246126374
0.10692751423
0.107747499164
0.108701393665
0.109784040374
0.110989911638
0.112313009142
0.113747024411
0.115284965457
0.116919801781
0.118642930155
0.120447482219
0.12232298713
0.12426305499
0.12626018047
0.128305747293
0.130402960748
0.132541605655
0.134727640667
0.136965382299
0.139249070473
0.14159601958
0.144015526043
0.146488858392
0.149039990205
0.151654768644
0.154335443204
0.157072225961
0.159856233489
0.162675628674
0.165518456034
0.168373419967
0.171231620154
0.17408799907
0.176942877432
0.179803297782
0.182684021242
0.185607908386
0.188604682064
0.191705749066
0.194928720378
0.198245672388
0.201427062373
0.204437673232
0.208015044035
0.214087568606
0.142138684986
0.141610483558
0.140809083805
0.139598869908
0.138183160002
0.13654635753
0.134782402662
0.132922724159
0.13101135278
0.129076704971
0.127143052248
0.125228631377
0.123347735334
0.121511522792
0.119728992071
0.118007744078
0.116354603555
0.114776068519
0.113278594484
0.111868731642
0.110553146445
0.109338564332
0.108231667946
0.107238975695
0.106366718969
0.105620742496
0.105006432106
0.10452855912
0.104190896922
0.103996077616
0.103947048343
0.104049516365
0.104307625521
0.104718321874
0.105271284704
0.105963785738
0.106791615782
0.107750054884
0.108833921749
0.110037819128
0.111355760991
0.112781739078
0.114308592987
0.115929979683
0.117636264646
0.119422039266
0.121275101702
0.123189594183
0.125158295472
0.1271696931
0.129230019131
0.1313259411
0.133462924104
0.135646704165
0.137881049483
0.140166550195
0.142511499213
0.144915855093
0.147385445001
0.149914656834
0.152499428425
0.155130574352
0.157796554882
0.160483716287
0.16317762353
0.165864277807
0.168531456977
0.171169952543
0.173774643149
0.176345256123
0.17888660034
0.181407892361
0.18392022673
0.186429813648
0.188920795368
0.191307822491
0.193230036348
0.194328416565
0.194672961019
0.198232278939
0.139033720274
0.138553243423
0.137812076553
0.13669017183
0.135375373495
0.133848810879
0.132200607693
0.130457620436
0.12866201183
0.126840039802
0.125014868682
0.123203861055
0.121420806676
0.119676581418
0.117980098109
0.116339026002
0.1147603767
0.113250914235
0.111817400263
0.110466696682
0.109205761814
0.108041579868
0.106981057976
0.106030912159
0.105197557741
0.104487034328
0.103904958355
0.103456301271
0.103144827338
0.102973278925
0.102946319729
0.103072173275
0.103349161081
0.103774664798
0.10433953347
0.105040689616
0.105873786662
0.106834021047
0.107916066037
0.109114758774
0.110423938783
0.111838142117
0.11334961945
0.114953350564
0.116637920312
0.11840021748
0.120226115096
0.122109938211
0.124045142146
0.126016222845
0.1280324232
0.130080636521
0.132165454564
0.134297263204
0.136464129367
0.138680526892
0.140949392319
0.143271632062
0.145648363456
0.148075010461
0.150544227945
0.153044734344
0.155562073068
0.158079406818
0.160578529602
0.163040896843
0.165448540685
0.16778469361
0.170033916004
0.172181421516
0.174211072112
0.176101044582
0.177815056677
0.179284346445
0.180369029093
0.180760842324
0.179795552927
0.174914757441
0.15875252776
0.103511926215
0.136142505637
0.135704223929
0.13501730271
0.133975896242
0.132753189654
0.13132793637
0.129786485255
0.12815147683
0.12646331292
0.124746120515
0.123021979777
0.121307362342
0.119615553151
0.117957146093
0.116340976371
0.114774787742
0.113265776604
0.111820957187
0.110447365799
0.109152130517
0.107942446557
0.106825498537
0.105808362512
0.104897904684
0.104100688292
0.103422923033
0.102870442574
0.102448417858
0.102160597
0.102009828686
0.102002809425
0.102151006254
0.102446062643
0.102882884048
0.103457136098
0.1041644905
0.105000260961
0.105959579368
0.107036715763
0.108226999039
0.109523706546
0.110922372471
0.112414034876
0.113995837424
0.115653965772
0.117387965181
0.119181878551
0.121028951505
0.122923834214
0.124849010745
0.126811825415
0.128816287754
0.130840776577
0.132904748471
0.135004036409
0.137144194718
0.139328312402
0.141556847653
0.143827965505
0.146135359789
0.14846865923
0.150813383666
0.15315140359
0.15546167008
0.157721001455
0.159904748053
0.161987126361
0.163940965761
0.165736511974
0.167338721372
0.168702047715
0.169760837616
0.170411550317
0.170478862597
0.169648152105
0.167322667143
0.162337238567
0.151928926667
0.127815666165
0.0768126760266
0.133468849934
0.133067677741
0.132429335914
0.131460813417
0.130321566625
0.1289887433
0.1275450133
0.126009180739
0.124420020154
0.122799592546
0.121168947328
0.119543670185
0.117936552277
0.116357906965
0.114816490945
0.113320112516
0.111876131017
0.110491775309
0.109174308515
0.107931068905
0.106769430193
0.105696722418
0.104720143403
0.103846673377
0.103083001002
0.10243549168
0.101910166323
0.101512367809
0.10124599461
0.101114393036
0.101125452673
0.101290041683
0.101600098791
0.102047778612
0.102629615463
0.103340957838
0.104176823793
0.105132592406
0.106201644554
0.107380316783
0.108660758579
0.110040166153
0.11150782815
0.113063591877
0.114690998585
0.116391368488
0.118147209104
0.119949760708
0.121794467214
0.123675864485
0.12558383222
0.12752383596
0.129488030248
0.131481362293
0.133504536901
0.135560484527
0.137650885231
0.139774547092
0.14192683949
0.144098615135
0.146276058061
0.148440827104
0.150570475457
0.15263903317
0.154617527287
0.156474212216
0.15817424939
0.159678500704
0.160940951594
0.161903990219
0.162490215732
0.162588398576
0.162029178541
0.160542203989
0.157678495733
0.15266849749
0.14415167474
0.129737295848
0.104362352356
0.0628897633304
0.131014066466
0.130645358074
0.130050301781
0.129147382515
0.128083323178
0.126834312238
0.125479475796
0.124034165854
0.122535678481
0.121004099522
0.119459522775
0.117916668583
0.116387854595
0.114883114971
0.113411120297
0.111979721727
0.11059640615
0.109268568726
0.108003641377
0.106809109168
0.10569245964
0.104661104837
0.103722302312
0.10288308497
0.102150210832
0.101530156734
0.101029083205
0.100652475486
0.100404635007
0.100290100729
0.100317866775
0.100496190431
0.100818715482
0.101275317619
0.101862666589
0.102575737188
0.103408937386
0.104358514423
0.10541617836
0.106580058106
0.107840702233
0.109197457989
0.110637660831
0.112163233865
0.113754940849
0.115413589018
0.117123321171
0.118875800072
0.120671199654
0.122493967177
0.124344484323
0.126219179615
0.128114206361
0.130030943355
0.131970582034
0.133934390469
0.135922047455
0.137930018901
0.139950614039
0.141971248665
0.143974247199
0.145937024502
0.147832477848
0.149629418241
0.151292812726
0.15278358518
0.154057684576
0.155064045216
0.155740899919
0.156009608677
0.155764636076
0.154857394715
0.153070080819
0.15007305267
0.145354668423
0.138108473401
0.127042232015
0.110162513527
0.0839071741503
0.0475350120345
0.128777639578
0.128437169633
0.127880498414
0.127036314722
0.126039631905
0.124866210179
0.123591796091
0.12222866548
0.120812791968
0.119362393504
0.117896697785
0.11642959064
0.114972942788
0.113536509909
0.112128864221
0.110757870363
0.109431099222
0.10815605681
0.106940280483
0.105791334513
0.104716750973
0.103723954099
0.102820191304
0.102012479644
0.101307589912
0.100712089112
0.100232280633
0.0998737458139
0.0996412601512
0.0995413074812
0.0995845780119
0.0997744099386
0.100107609496
0.100571146398
0.101161780758
0.101874252856
0.102701732921
0.103642442075
0.104685618981
0.105831853846
0.107069954422
0.10840087567
0.109809784266
0.111298182107
0.11284782667
0.114452504669
0.116117250286
0.117814192847
0.119551881509
0.121316496564
0.123102662234
0.124906577485
0.126725525776
0.128559379783
0.130408482748
0.132272445726
0.13414864397
0.136030732625
0.137907650984
0.139763053961
0.141575199446
0.143317171771
0.144957245387
0.146459178679
0.147782204807
0.148880466587
0.149701607313
0.150184153239
0.150253180405
0.149813513528
0.148739306486
0.146858240914
0.143927658627
0.139598821073
0.133363727321
0.124481153398
0.111865072864
0.0940430814396
0.0685271024391
0.0364751172405
0.126757731263
0.126441668127
0.12591887568
0.125127011266
0.124190405983
0.123084818589
0.12188280203
0.120593914801
0.119252966014
0.117876421933
0.116482742372
0.115085015372
0.113694695516
0.112321260038
0.110973168004
0.109658264204
0.108384156534
0.107158404244
0.105988586009
0.104882277581
0.103846985362
0.102890073648
0.102018707485
0.101239818123
0.100560130095
0.0999862769948
0.0995247066672
0.0991809652823
0.0989601458214
0.0988718942129
0.0989309207577
0.0991309963349
0.0994727687319
0.0999409086475
0.100532182602
0.101241681269
0.102060448216
0.102989908293
0.104016311488
0.105142296683
0.106354836073
0.107653927423
0.109025541127
0.110462307541
0.111969584823
0.113520718147
0.115128306718
0.116773085463
0.118449779516
0.120149133205
0.121864683475
0.123592136302
0.125328796736
0.12707356811
0.128825540705
0.130582442696
0.132339089244
0.134086022574
0.135808617666
0.137486678357
0.139094456342
0.140600938187
0.141970189286
0.143161532061
0.144129333198
0.144822168652
0.145181112605
0.145136842005
0.14460514747
0.143480280927
0.141625338464
0.138858583229
0.134934283452
0.12951658407
0.122144873155
0.112194307955
0.0988228822792
0.0810305901658
0.0571628610575
0.0293489710951
0.124951561107
0.124656440792
0.124163402877
0.123417901941
0.122534600398
0.12148959073
0.120352435286
0.119130311494
0.117857020743
0.116547397105
0.115219235404
0.1138848653
0.112555358928
0.111239914712
0.109946863342
0.108683995746
0.10745891053
0.10627916485
0.105152318378
0.104085895276
0.103087310165
0.102163797734
0.101322371322
0.100569810873
0.0999127394249
0.0993578229833
0.0989116334321
0.0985796268077
0.0983672630695
0.0982883008604
0.098362708107
0.0985735972853
0.0989199486315
0.099389921389
0.0999791580147
0.100683761469
0.10149164943
0.102407700096
0.103414836329
0.104514866405
0.105696021439
0.106949066818
0.108279976829
0.109667108209
0.111120384325
0.11262433792
0.114174428159
0.115758955779
0.117369555391
0.118997823839
0.120637012498
0.122282447744
0.123931119943
0.12558103343
0.127229824672
0.128873115662
0.130502963807
0.132106647808
0.133665959671
0.135157000189
0.136550354677
0.137811457197
0.138900922808
0.139774631768
0.140383364507
0.140671795673
0.140576649844
0.140023793534
0.13892398474
0.137166925308
0.134613175704
0.131083441889
0.126344797844
0.120093912895
0.111937935555
0.101379547013
0.0877987259613
0.0705551509723
0.0485465006557
0.0241868316388
0.123355682801
0.123078396346
0.1226113506
0.121906706746
0.121070446245
0.120079253194
0.118999916532
0.117837543593
0.116625082312
0.115375853239
0.114107091165
0.11283040716
0.111556526833
0.110294369434
0.109052123482
0.107837494069
0.106658028437
0.105521232793
0.104434596529
0.103405541277
0.102441338528
0.101549040184
0.100735465371
0.100007219034
0.0993708289511
0.0988330164667
0.0984004469794
0.0980785421927
0.0978736297653
0.0978023585279
0.0978831778603
0.0981013237592
0.0984533671015
0.0989242677933
0.0995097637865
0.100207879473
0.101002391731
0.101899099117
0.102881534647
0.103940963189
0.105085214591
0.106293965975
0.107575595338
0.108919382651
0.110320731474
0.111769693977
0.113258473258
0.114777174244
0.116316640284
0.11786853077
0.119426050239
0.120984291568
0.122539812189
0.124089657634
0.125629861127
0.127153767995
0.128650567803
0.130104281445
0.131493299449
0.13279040817
0.13396313187
0.134974172702
0.135781729437
0.13633950035
0.136596206305
0.13649449317
0.135969082679
0.13494403718
0.133328990927
0.131014190485
0.127864202191
0.12371023941
0.118341299137
0.111494981564
0.102849464383
0.0920235146446
0.07857557238
0.0621167239107
0.0419003345577
0.0202902097735
0.121966170706
0.121703993363
0.121259509426
0.120590640324
0.119795634081
0.118851964585
0.117823876651
0.116714692428
0.115556657983
0.114361695305
0.113146584699
0.111922257177
0.110699129694
0.109485842241
0.108290430105
0.107120484366
0.105983465319
0.104886788507
0.103837833869
0.102843885628
0.101912038679
0.101049114873
0.100261702303
0.0995561962663
0.0989389945556
0.0984168300452
0.097996240674
0.0976821983103
0.0974824135913
0.0974174033114
0.0975012509277
0.09772434186
0.0980819103855
0.0985531560996
0.099131429733
0.0998175203884
0.100592958186
0.101453478674
0.102405442324
0.103426007992
0.104526588835
0.105696871067
0.106932791967
0.108226912183
0.109572712568
0.110961633363
0.112384895972
0.113832916804
0.115296401899
0.11676703947
0.11823806986
0.119704436362
0.121162213527
0.122607399622
0.124034298709
0.125433874994
0.126792452175
0.128090967084
0.129304797654
0.130404033446
0.131353974415
0.132115627155
0.132645993794
0.132897992169
0.132819888617
0.132354157181
0.131435700094
0.129989378389
0.127926816821
0.125142479016
0.121509079234
0.116872554545
0.111047103889
0.103811449317
0.0949078530691
0.0840500360696
0.0709294089283
0.0553231557188
0.0367145443151
0.0172664151366
0.120778711754
0.12052945036
0.120104365608
0.119466576147
0.118707459255
0.117805442001
0.116822462402
0.115760317127
0.114650699739
0.113504242922
0.112337377997
0.111160391926
0.109983432708
0.108814861132
0.107662551486
0.106533956889
0.105436422142
0.104377242238
0.103363661536
0.102402811167
0.101501604741
0.100666578821
0.0999040648793
0.0992202288569
0.0986213212761
0.0981141615699
0.0977049787361
0.0973971930821
0.0971997874044
0.0971440656305
0.0972294454515
0.0974570396893
0.0978140657068
0.0982806835097
0.0988416032868
0.0994995401256
0.100250763829
0.10107688894
0.101991492425
0.102980188909
0.104040813781
0.105167065343
0.106353539151
0.10759361402
0.10888011479
0.110204647758
0.11155812185
0.112930984343
0.114313980296
0.115698911662
0.117079125949
0.118449464333
0.119805477057
0.121142019846
0.122451568539
0.123722680796
0.124938947631
0.12607857218
0.127114510123
0.128014974413
0.128744059275
0.12926225523
0.129526677452
0.129490887567
0.129104238265
0.128310706356
0.127047206133
0.125241398583
0.122809042597
0.119650986449
0.115649988362
0.11066772327
0.104542590571
0.0970894719506
0.0881027472275
0.0773676698468
0.0646688538419
0.0498877411386
0.0326596445748
0.0148905187284
0.119788572593
0.119551013806
0.119142244141
0.118531182598
0.117802938172
0.116937063444
0.115993423129
0.114972525885
0.113905660197
0.11280227189
0.111678548563
0.1105441656
0.109409043429
0.108281263228
0.107168533457
0.106078148565
0.10501731485
0.103993185003
0.103012853665
0.10208330293
0.101211324692
0.100403055197
0.0996645490833
0.0990017408252
0.0984206740766
0.0979285996359
0.0975310148676
0.0972290256525
0.0970314286017
0.0970007972738
0.0970805083598
0.097306795253
0.097641608951
0.098090275489
0.0986307721458
0.0992598982375
0.0999816707665
0.100782719846
0.101661989668
0.102612443868
0.103629490479
0.104707668414
0.105841152713
0.107023310212
0.108246674441
0.109502763747
0.110782342532
0.112075868328
0.113374215675
0.114669399558
0.115954943893
0.117225606156
0.118476355244
0.119700807627
0.120889551008
0.122028806348
0.12309971085
0.124078261849
0.124935766277
0.125639543542
0.126153622671
0.126439224061
0.126454886361
0.126156164324
0.125494872975
0.124417887665
0.122865535355
0.120769638494
0.118051308056
0.114618638998
0.110364549979
0.105165164177
0.0988793365666
0.0913503569185
0.0824108997454
0.0718953172482
0.0596486677466
0.0456124992071
0.0295246856443
0.013025877658
0.11899004381
0.118765792469
0.118369431483
0.117781039719
0.117078899835
0.116243951481
0.11533418275
0.114349037441
0.113319543304
0.112254055243
0.111168621864
0.110072335249
0.108974931045
0.107884209005
0.106807708808
0.105752546403
0.104725768109
0.103734364002
0.102785269444
0.101885312545
0.101041405645
0.100258990964
0.0995438253912
0.0989016959526
0.0983383761219
0.0978636139295
0.0974793072111
0.0971881391774
0.0969924699339
0.0969672807418
0.0970346725715
0.0972485745841
0.0975632240796
0.0979888424418
0.0985091999479
0.099116591004
0.0998080745825
0.100576385606
0.101417284932
0.102325351555
0.103295388618
0.10432188235
0.105398800035
0.106519349183
0.1076758407
0.108859640775
0.110061423738
0.111271705021
0.112481575671
0.113683358073
0.114870807058
0.11603858281
0.117180991617
0.11829031905
0.119355260721
0.120359883601
0.121283304336
0.122100010743
0.122780587375
0.123292556119
0.123601078469
0.123669343935
0.123458551273
0.122927454379
0.122031488028
0.120721515985
0.118942264541
0.116630527037
0.113713256298
0.110105712293
0.10570990631
0.100413719065
0.0940912291171
0.0866051570865
0.0778123713895
0.0675756873662
0.0557734355029
0.042374112667
0.0271835541211
0.0115915536806
0.118379054515
0.118169967534
0.117781803739
0.117212657
0.116532046328
0.115723047529
0.114841907273
0.113887241741
0.112889954962
0.111857404904
0.110805603696
0.109743084854
0.108679442669
0.107622191492
0.106578699714
0.105555883129
0.104560603315
0.10359965753
0.1026798173
0.101807713079
0.100991512468
0.100234531666
0.0995421921605
0.098920403921
0.0983734126202
0.0979100552857
0.0975350335547
0.0972541213775
0.0970656076065
0.0970031831687
0.0970826799638
0.097289847813
0.0975945395774
0.097997584466
0.0984923458838
0.0990711202897
0.0997289339032
0.100460033027
0.101259280608
0.102121393336
0.103040979144
0.104012342957
0.105029241184
0.106084663763
0.107170698113
0.108278549199
0.109398843709
0.110522225562
0.111640095033
0.112745165043
0.113831448535
0.114893455756
0.115924723928
0.116916133409
0.117854560079
0.118722228469
0.119496822923
0.120152165945
0.120659157787
0.120986675045
0.121102201769
0.120972064861
0.120561230726
0.119832677368
0.118746388047
0.117258029432
0.115317389064
0.112866661007
0.109838689096
0.106155312605
0.101726010008
0.0964471549863
0.0902023100709
0.0828643888392
0.074300607658
0.0643828230799
0.0529985185656
0.0401146285358
0.0255767079664
0.0105464823447
0.117953423364
0.117757832336
0.117376061726
0.116822712746
0.116159014009
0.115371109177
0.114513474725
0.113584180407
0.112614105909
0.111609712932
0.110587065452
0.109554162547
0.108520498284
0.10749329726
0.106479754636
0.105486562352
0.104520365249
0.103587693465
0.102695065584
0.101848249226
0.101054823948
0.100319491114
0.0996473540159
0.099043604157
0.0985113724265
0.0980566115845
0.0976905209053
0.0974184824154
0.0972441833196
0.0971809971593
0.0972574102418
0.0974489913619
0.0977343686564
0.0981120940436
0.0985775498733
0.0991236428782
0.0997446241194
0.100434974764
0.101189312284
0.102002229285
0.102868154222
0.103781169756
0.104734788788
0.105721751958
0.106733917348
0.107762341944
0.108797656335
0.109830716531
0.110853326145
0.111858651916
0.112840952055
0.113794488739
0.11471190438
0.115582636229
0.116391911334
0.11712056312
0.117745577229
0.118241070977
0.118579360153
0.118731824668
0.118669393139
0.118362575043
0.117781047372
0.116892845448
0.115663224533
0.114053263132
0.112018279557
0.109506134546
0.106455495503
0.102794149825
0.0984374740935
0.0932872652351
0.0872311904125
0.0801436539719
0.0718888696692
0.062328504964
0.0513347004273
0.0388411104947
0.0247049221449
0.00988173574191
0.117708473626
0.117522871685
0.117146984585
0.116607139274
0.115956853606
0.115185821923
0.114346711799
0.113437604258
0.112489451397
0.111508054922
0.110509616577
0.109501667912
0.108493631767
0.107492433013
0.106505071527
0.105537976184
0.104597539895
0.10368996534
0.102821510643
0.101997336993
0.101223278425
0.100507284026
0.0998542023163
0.0992683671671
0.0987534268122
0.0983144267472
0.0979618982287
0.0977005499404
0.0975378525323
0.0974754687516
0.097542283726
0.0977154964955
0.0979786792105
0.0983292057576
0.0987628595981
0.0992732948298
0.0998546505416
0.100501382952
0.101207978199
0.101968857762
0.102778243141
0.103629971666
0.104517288786
0.105432667829
0.10636773939
0.107313441514
0.108260473829
0.109199996771
0.110124304273
0.111027047845
0.111902665304
0.112745024601
0.113545742396
0.114292836646
0.114970176048
0.115557796602
0.116032842792
0.116370760291
0.116546386273
0.116534689648
0.116311044308
0.115851025252
0.115129780002
0.114121051326
0.112795927947
0.111121391113
0.109058712353
0.106561741311
0.103575099835
0.100032276634
0.0958535949122
0.0909440983995
0.0851913735933
0.0784640950618
0.0706115020461
0.0614666901212
0.0508595340716
0.0386458919804
0.0246559907648
0.00963490945702
0.117637804087
0.117458964613
0.117086969628
0.116558626625
0.115918710794
0.115160754034
0.114335629644
0.113441918379
0.112510666787
0.111547319606
0.110568256127
0.109580667268
0.1085939295
0.107614701695
0.10664979403
0.105705381274
0.104787631342
0.103902483169
0.103056040746
0.102253650594
0.101500743989
0.10080497835
0.100170957962
0.0996030883029
0.0991055924126
0.0986829085649
0.0983433863497
0.0980904054122
0.0979361194039
0.0978762621381
0.0979319910996
0.0980848990855
0.0983236816588
0.0986452601688
0.099045349286
0.0995181070286
0.100057750747
0.100658672515
0.101315240021
0.102021700957
0.102772055994
0.103559882515
0.104378144159
0.105219040293
0.106073987392
0.106933848482
0.107789470412
0.10863241335
0.10945552955
0.110252938286
0.111019127063
0.111747380035
0.112428175447
0.113048226711
0.113590470163
0.114034871809
0.114359683284
0.114542734902
0.114562438947
0.114398320812
0.114031034942
0.113441915466
0.112612151199
0.111521677478
0.110147862624
0.108464045703
0.106437954983
0.104029997112
0.1011913495
0.0978617187689
0.0939665467347
0.0894134650429
0.0840876760999
0.0778470134765
0.0705158180569
0.0618831118924
0.0517098529544
0.0397219247282
0.0256732957569
0.00995993857504
0.117735869875
0.117561456629
0.117190486888
0.116669795176
0.116036403659
0.115287824295
0.114472781644
0.113590672371
0.112672388672
0.111723271058
0.110759792401
0.109788932152
0.108820021485
0.107859516629
0.10691406629
0.105989630603
0.105092187671
0.10422747928
0.10340142379
0.10261951988
0.101887015288
0.101210743023
0.100595116216
0.100044486866
0.0995631121347
0.0991549119904
0.0988264983252
0.0985803343461
0.0984299969409
0.0983743827535
0.098418322746
0.0985502518551
0.0987638567269
0.0990558028171
0.0994215404651
0.0998555398674
0.100352156425
0.100905748976
0.101510580744
0.102160732551
0.10284998089
0.103571635597
0.104318372064
0.105082118972
0.105854103991
0.10662517283
0.107386407385
0.108129856927
0.108848965439
0.109538237334
0.110192008367
0.110802761025
0.111359773585
0.111848689915
0.112252082189
0.112550686418
0.112724856966
0.112755832187
0.112626544428
0.112321876485
0.111828399159
0.111133692857
0.110225369423
0.109089893799
0.107711278347
0.106069691449
0.104139979458
0.101890035246
0.0992788474042
0.096253932559
0.0927476816789
0.0886720370661
0.0839105750422
0.0783082142552
0.0716558134243
0.0636808438758
0.0540380840961
0.0422800907372
0.0280766855653
0.0111011866356
0.117998301857
0.117826677796
0.117454163517
0.116937187881
0.116306325854
0.115563210769
0.114754234344
0.113879894453
0.112970696603
0.112032094453
0.111080554838
0.110122961931
0.109168590782
0.108223753198
0.107294954943
0.106387969901
0.105508587836
0.104662362515
0.103854947886
0.103091750651
0.102377797512
0.101719333459
0.101120694383
0.100586015287
0.100119313951
0.0997241573734
0.0994058225059
0.099166908763
0.0990164295404
0.0989601702259
0.0989925275086
0.099104957513
0.0992940795615
0.0995566574135
0.0998880489514
0.100282964845
0.100735918652
0.1012412741
0.101793206371
0.102385634217
0.103012107397
0.103665662623
0.104338684785
0.105022842489
0.105709210476
0.106388686167
0.107052677844
0.107693794512
0.108306051121
0.108884171258
0.109422067131
0.10991120199
0.110339683689
0.110692466022
0.110952461583
0.11110209547
0.111124816583
0.111006205182
0.110734498414
0.110300531931
0.109697205707
0.108918617983
0.107958998003
0.10681153661
0.105467179957
0.103913413474
0.102133007082
0.100102602772
0.0977908906154
0.0951559337173
0.0921409374657
0.0886674390129
0.0846241157087
0.0798497445743
0.0741032379431
0.0670333098264
0.0581105401778
0.0466021952084
0.0319639680085
0.0127735863441
0.118421430928
0.118251365159
0.117875087152
0.117358305184
0.116726181193
0.115984514746
0.115177389068
0.11430670494
0.113402445306
0.11247039519
0.111526941391
0.110578983717
0.109635726693
0.108703383656
0.107788320083
0.106896135144
0.106032412038
0.105202499993
0.104411759595
0.103665386499
0.102968168466
0.102325825781
0.101742608803
0.101222404108
0.100768890291
0.100385288995
0.10007563837
0.0998426081428
0.0996910154921
0.0996306563479
0.0996512949471
0.0997454196766
0.0999108869824
0.100144626166
0.100442040887
0.100798013321
0.101207173302
0.101663884487
0.10216222734
0.102695947213
0.103258354739
0.103842203233
0.104439584609
0.105041922443
0.10564018275
0.106225391002
0.106789367516
0.107325315609
0.107827723168
0.108291269404
0.108709115831
0.109071532535
0.109365619835
0.109576178971
0.109687283971
0.109684003286
0.109553813402
0.109287427201
0.108878968397
0.108325588126
0.10762669287
0.10678295265
0.105795222502
0.104663470235
0.103385767813
0.101957361751
0.100369771232
0.0986097580055
0.0966578655836
0.0944860341729
0.0920535224933
0.0892999626505
0.0861333302953
0.0824098618022
0.0778941418844
0.0722021392745
0.0646226703497
0.053994963476
0.0385801175251
0.0145393381559
0.119001945588
0.118832410534
0.118450227403
0.117930281651
0.117293186613
0.116548891509
0.11573929914
0.114867986066
0.113964346457
0.113034707471
0.1120953287
0.111153230625
0.110217535766
0.109294397251
0.108390036905
0.107509884507
0.106659300581
0.105843411857
0.105067283938
0.10433584946
0.103653635031
0.103025811186
0.102456448053
0.101949149995
0.101507193078
0.101133423064
0.100830917796
0.100603714641
0.100450387655
0.100383903198
0.100392393713
0.100468943617
0.100611535763
0.100817093472
0.101081124052
0.101398619343
0.101764247086
0.102172321981
0.102616793405
0.103091201549
0.103588591523
0.104101414648
0.104621464381
0.105139936649
0.105647738817
0.106136102357
0.106597326781
0.10702518595
0.107414440232
0.107759358318
0.108052003012
0.108281377048
0.108433906563
0.108494934224
0.108450599296
0.108289551717
0.108004114828
0.107590734918
0.107049769841
0.10638480181
0.105601684852
0.104707502821
0.103709562264
0.102614503089
0.10142757627
0.10015209212
0.0987889669207
0.0973361874173
0.0957878856763
0.0941325843207
0.0923500106729
0.0904056484571
0.0882415131138
0.0857612007047
0.0827998977117
0.0790829418792
0.0740487673878
0.0667407112532
0.0540643001841
0.0260214232151
0.119736766637
0.119566842089
0.119176548584
0.118650058725
0.118004221136
0.117253118287
0.116436657678
0.11556031528
0.114652876361
0.113721398959
0.112781990145
0.11184188584
0.110910121169
0.109992822053
0.10909606371
0.108225109621
0.107385086618
0.10658087974
0.105817253879
0.105098837501
0.104429865375
0.10381494975
0.10325787743
0.102761909665
0.102329828117
0.101963872825
0.10166509123
0.101442967884
0.101293023566
0.101219690718
0.10121480742
0.101273624887
0.101393770147
0.101571820089
0.101803246566
0.102083016487
0.102405715478
0.10276552439
0.103156199563
0.103571026364
0.10400274488
0.104443477124
0.104884708741
0.105317426702
0.105732532949
0.106121536654
0.106477247955
0.106793901474
0.107066203516
0.107287555948
0.107448611724
0.10753719391
0.107539581901
0.107442491237
0.107235067794
0.106910409713
0.106466341279
0.105905416291
0.105234322485
0.104462941449
0.103603290765
0.102668513219
0.101672019588
0.100626855094
0.0995453277013
0.0984388824047
0.0973181180113
0.0961927385499
0.0950711455789
0.0939593382182
0.0928587868446
0.0917629770478
0.0906522130388
0.0894867991567
0.0881956727725
0.0866752853362
0.084731630496
0.0823253106681
0.0787961549228
0.0769219922632
0.120623015943
0.12045184884
0.120051142486
0.119514650008
0.118856176013
0.118093946622
0.117266101924
0.116380199035
0.115464434619
0.114526760108
0.113583125179
0.112641063029
0.111709523055
0.110794631273
0.109902315004
0.109037671597
0.108205585072
0.107410678479
0.106657404248
0.105950054034
0.105292542324
0.104688940827
0.10414268542
0.1036566775
0.103233274138
0.102874343487
0.10258032059
0.102358819194
0.102210234218
0.102130610492
0.102113461202
0.102155695324
0.102254644032
0.102406480325
0.102606553101
0.102849733874
0.103130458393
0.103442706723
0.10377997887
0.104135247786
0.10450089995
0.104868693338
0.105229792867
0.105574996015
0.105895252104
0.106182402507
0.106429740822
0.106631733929
0.106782566029
0.106874265478
0.106895880959
0.106834362246
0.106676566588
0.106411515432
0.106032286371
0.105537165068
0.104929921203
0.104219339155
0.103418277225
0.102542550854
0.101609855096
0.100638864649
0.099648594166
0.0986580738939
0.0976863603679
0.0967528294894
0.0958775944611
0.0950817960764
0.0943874796799
0.0938168249993
0.0933906110843
0.0931259625927
0.0930335484668
0.0931150325295
0.0933601055725
0.0937551322934
0.0942558048408
0.0949991371073
0.0955826818093
0.0981681933964
0.121657974425
0.121484761276
0.121071233382
0.120521177486
0.119846023196
0.119068186946
0.118224302474
0.117324157322
0.11639541801
0.115447066236
0.114494909672
0.113546846836
0.112611750239
0.111695766989
0.110804676875
0.109943408412
0.109116594695
0.108328578301
0.107583486575
0.106885252421
0.106237446007
0.105643624228
0.105106828363
0.10462958318
0.104213856377
0.103861114178
0.10357160343
0.10335022507
0.103200695944
0.103114968596
0.103086746647
0.103113617057
0.103192673097
0.103319713579
0.103489870775
0.103697828566
0.103937791566
0.104203457182
0.104487989186
0.104783975616
0.105083388849
0.105377579775
0.105657376008
0.105913404966
0.106136710273
0.106319487625
0.106455398285
0.106538758656
0.106562625571
0.106517172553
0.106389859142
0.106167324562
0.105837904833
0.105393911719
0.10483320386
0.104159812831
0.103383653745
0.102519603013
0.10158628598
0.100604878291
0.0995980970893
0.098589483489
0.0976030333507
0.0966632147183
0.0957953600395
0.0950263171389
0.094385117809
0.093903348933
0.0936149418827
0.0935552243293
0.0937592453023
0.0942595446086
0.0950836146567
0.0962515768896
0.0977734031883
0.0996516207049
0.101855099065
0.104440676414
0.106923724943
0.110544998626
0.122839025316
0.122663000884
0.122234127358
0.121666818635
0.120970766504
0.120172666842
0.119307934733
0.118388710321
0.117442222175
0.116478594174
0.115513526219
0.114555336255
0.11361283537
0.112692206491
0.111799083796
0.110938222338
0.110113997172
0.109330454924
0.108591385691
0.107900348421
0.107260547064
0.106675044214
0.106146451756
0.105676885339
0.105267927937
0.104920653633
0.104635665638
0.104414398864
0.104262899559
0.104171291782
0.104133187032
0.10414608788
0.104206729293
0.104310563995
0.104452446771
0.104626780697
0.104827445751
0.105047761755
0.10528046314
0.105517668377
0.105750865321
0.10597094796
0.106168387667
0.106333660174
0.106457936479
0.106533735401
0.106554842717
0.106514855403
0.106405000583
0.106213254796
0.105925800693
0.105529792862
0.105016079655
0.10438123765
0.10362861758
0.102768326367
0.10181635743
0.100793282613
0.0997228699969
0.0986309089843
0.0975443536397
0.0964908467627
0.0954986592156
0.094597064452
0.0938170849592
0.0931923974303
0.092760044891
0.0925605760146
0.0926373443335
0.093034889158
0.0937964850481
0.0949610315625
0.0965593968764
0.0986102681739
0.101114448803
0.104049318246
0.107341316352
0.110914413191
0.114222263168
0.117928418785
0.124163572303
0.123984009646
0.123537149475
0.122948749057
0.122227390738
0.121404185773
0.120513643017
0.119570353884
0.118601229584
0.11761762368
0.116635178571
0.115662671892
0.114708874027
0.113780012484
0.112881578734
0.112018148402
0.111193832001
0.110412367308
0.109677195536
0.10899149003
0.108358069058
0.10777951455
0.107257981129
0.106795129489
0.106392110734
0.106049364472
0.105769759256
0.105550107402
0.105396373259
0.105299062086
0.105252087327
0.105252387788
0.105296168692
0.105378527053
0.105493972385
0.10563651558
0.105799596085
0.105976043887
0.106158057961
0.10633719213
0.106504371173
0.106649977337
0.106764105816
0.10683709549
0.106860251993
0.106826303791
0.106728742361
0.106559675277
0.106307794479
0.10595881711
0.105498316914
0.104915023617
0.104203401992
0.10336518829
0.102409735474
0.101353287191
0.100217571918
0.0990282195009
0.0978133293156
0.0966024269546
0.095425830648
0.0943144613787
0.0933001171191
0.0924162098999
0.0916988221274
0.091187733276
0.0909269399155
0.0909642519057
0.0913497610036
0.0921332079413
0.0933603993113
0.0950688182597
0.0972824100899
0.10000533036
0.10321358242
0.106844810088
0.110773718909
0.114821236095
0.118485293122
0.122080960849
0.125628947666
0.125445164184
0.124977567983
0.124364078272
0.123612808986
0.122759471045
0.121838005829
0.120865534244
0.119868793941
0.118860432135
0.117856096251
0.116865050372
0.11589604805
0.114955364391
0.114048351025
0.113179396998
0.112352341899
0.111570603814
0.110837264688
0.110155103693
0.109526538889
0.108953682954
0.108438217353
0.107981300074
0.107583538037
0.107244153675
0.106969134234
0.106754674091
0.106599747163
0.10649731032
0.106442513499
0.106431705573
0.106460433784
0.106523345638
0.106614496019
0.106727379294
0.10685487075
0.106989192227
0.107121895772
0.107243870076
0.10734539337
0.107416278759
0.107446225433
0.107425441569
0.107345331634
0.10719859743
0.106977786458
0.106672572242
0.106268561786
0.105749568844
0.105101590437
0.104316163127
0.103392466847
0.102338136875
0.101168778769
0.0999065397856
0.0985782701544
0.0972138091377
0.0958446299472
0.0945030302167
0.0932217727405
0.0920342115542
0.090974922526
0.0900808088941
0.0893924155141
0.0889549261309
0.0888182498659
0.0890358063832
0.0896619417138
0.0907481421779
0.0923382662949
0.0944629194922
0.097132882034
0.100331338302
0.104004111718
0.10804807843
0.112290921555
0.116491455051
0.120235301762
0.123499340834
0.127232284913
0.127043659445
0.126552491513
0.125909760948
0.125123787573
0.124235114465
0.123277484454
0.12227060835
0.121241212003
0.12020327782
0.119172528554
0.118158728415
0.117170638538
0.116214579039
0.115295763302
0.114418385407
0.113586007434
0.11280171866
0.11206823333
0.111387931264
0.110762823177
0.110194570588
0.109684402691
0.109233029305
0.108840651125
0.108506142555
0.108233727827
0.108023372541
0.107868796747
0.107763287356
0.107702732421
0.107683049168
0.107699139433
0.10774512251
0.107814515454
0.107900205821
0.107994401085
0.108088603182
0.108173605265
0.108239526985
0.10827591279
0.108271948032
0.108216915359
0.108100880391
0.107915242943
0.107652261729
0.107302609201
0.106852506447
0.106284296245
0.105580758001
0.104729658255
0.103726658849
0.102576661628
0.10129370582
0.0998995906162
0.0984218292785
0.0968915319511
0.0953417281328
0.0938062069484
0.0923190316578
0.0909144786215
0.0896274986212
0.0884947314786
0.0875559991218
0.0868558240399
0.0864442310373
0.0863761654802
0.0867092665843
0.0875001447012
0.0887994972735
0.0906463471862
0.0930615156913
0.0960402198346
0.099543629926
0.103488841934
0.107737712138
0.112082324777
0.116252236493
0.119839691165
0.122346587741
0.128970364952
0.128776359593
0.128258732631
0.127582475878
0.12675684082
0.12582748181
0.124828347417
0.123781783265
0.122714677525
0.121642367967
0.120580725581
0.119540015658
0.118529028957
0.117554122432
0.116620370318
0.115731761986
0.114891574973
0.114102561937
0.113367062823
0.112687054941
0.112064137922
0.111499536156
0.110994042702
0.11054794656
0.11016103241
0.109831974567
0.109563180747
0.109356605722
0.109203544142
0.109096967419
0.109032872794
0.109006743489
0.109012845991
0.109044686263
0.109095142566
0.109156392565
0.109219861839
0.109276210165
0.10931535025
0.10932652095
0.1092984404
0.109219606445
0.109078860078
0.108866080194
0.10857245538
0.108189125285
0.107703657896
0.107097937992
0.106351464032
0.105447373169
0.104376762186
0.103140724212
0.101750701956
0.100227333019
0.098598208429
0.0968953749089
0.0951531288524
0.0934065496447
0.0916906310066
0.0900401946341
0.088490115094
0.0870761346261
0.0858363129371
0.0848129536731
0.0840542693479
0.0836147978551
0.0835539261271
0.083932523989
0.0848081219712
0.0862291305613
0.0882284208428
0.0908163571006
0.0939731919245
0.0976407969915
0.101713240292
0.106027624412
0.110356803573
0.114410113079
0.117722115273
0.120130399821
0.130839408725
0.130639602081
0.130092630107
0.12937846827
0.128508093197
0.127532593789
0.12648656985
0.125395033727
0.124285216344
0.123173810436
0.122076905056
0.121005254886
0.119967696944
0.118970611118
0.118018928028
0.117116421102
0.116266075755
0.115470301319
0.114731058483
0.114049919947
0.113428071029
0.112866305007
0.112364983833
0.111923993316
0.111542733534
0.111220073296
0.110955871774
0.110753688021
0.110603599122
0.11049823031
0.110433200613
0.110403416781
0.110402505459
0.110423305057
0.110457962212
0.110497835679
0.110533446122
0.110554479461
0.11054983749
0.110507758945
0.110416038536
0.110262425875
0.110035282855
0.109724205969
0.109319809072
0.108811075727
0.10818101182
0.107406740239
0.106466102424
0.105344416491
0.104037757455
0.102553834299
0.100911159976
0.0991367904472
0.0972633532706
0.0953263322182
0.093361974939
0.0914062052217
0.0894941020961
0.0876602745983
0.0859393117041
0.0843669878326
0.0829822477694
0.0818296510006
0.0809611039571
0.0804356554349
0.0803169003694
0.080668414492
0.0815479692979
0.083001143387
0.085054626716
0.0877092461494
0.0909326510473
0.0946517463831
0.0987446091385
0.103035813744
0.107292187496
0.111197565123
0.114376937424
0.117214544756
0.132834828278
0.132628954202
0.132049825034
0.131293350683
0.130373105661
0.129345976537
0.12824770678
0.127105997352
0.125948602238
0.124793548659
0.123657204458
0.122550789066
0.121483193993
0.120460802151
0.119488391696
0.118569507394
0.117706834705
0.116902434437
0.116157885558
0.115474356386
0.114852616738
0.114293029525
0.113795515346
0.113359536449
0.112983930834
0.112669319227
0.11241198152
0.112215379678
0.112069841246
0.111967990135
0.111904747002
0.111874289127
0.111869579654
0.111882728675
0.111905041684
0.111926927348
0.111937859897
0.111926406026
0.111880315542
0.111786699201
0.11163232697
0.111404136207
0.111089946398
0.110678900043
0.11016042846
0.109519857108
0.108734174817
0.107776166259
0.106623995454
0.105267241932
0.103708560169
0.101963218746
0.100056941438
0.098022607773
0.0958967905422
0.0937171029266
0.0915204093575
0.0893422672291
0.0872167539572
0.0851773620393
0.08325754493
0.081492408118
0.0799214128902
0.0785914636026
0.0775585644239
0.0768866749207
0.0766437586427
0.0768960165441
0.0777013458781
0.0791026796602
0.0811213958484
0.0837506946515
0.0869488003013
0.0906318468377
0.0946670389139
0.0988739009761
0.103011308413
0.106744939859
0.110043969516
0.112838790218
0.134950907861
0.134738906927
0.134124981456
0.133321855865
0.132346661399
0.13126247852
0.130106738476
0.128909846484
0.12770025313
0.126497279727
0.125317618443
0.124172915152
0.123072112927
0.122021571403
0.121025902609
0.120088408709
0.119211467813
0.118396789587
0.117645573038
0.116958587717
0.116336193611
0.115778327364
0.115284448912
0.114853514675
0.114483293881
0.11417708986
0.113930692551
0.113741989946
0.113603002401
0.113507104038
0.113448546767
0.113420693018
0.113415764162
0.113425038246
0.113438847786
0.113446505516
0.113436287279
0.113395487138
0.113310553826
0.113167334465
0.112951469902
0.112649010866
0.112247126722
0.111734225614
0.111097560587
0.110316788134
0.109361882114
0.108202896482
0.106820925969
0.105211943207
0.103386603097
0.101368308202
0.099189662904
0.0968883549944
0.0945035232553
0.0920734636849
0.0896342927822
0.0872200455334
0.0848627743239
0.0825940437114
0.0804453412455
0.0784504792156
0.0766493266919
0.0750916826046
0.0738385724361
0.0729597170513
0.0725279741204
0.0726124198731
0.0732713102726
0.0745455094941
0.0764523758302
0.0789798526043
0.0820804533295
0.0856644211893
0.0895933941412
0.093677783355
0.0976412932985
0.101392014439
0.104636597178
0.107155886044
0.137180429379
0.136962505928
0.136311445966
0.135457535515
0.134422506347
0.133276050895
0.132057886393
0.130801136247
0.129535107825
0.128280356087
0.127053922115
0.125867825164
0.12473104346
0.123649880351
0.122628763242
0.1216707371
0.120777866778
0.119951512086
0.119192500052
0.118501216221
0.117877632544
0.117321295796
0.116831273874
0.116406155759
0.11604335703
0.115745022076
0.115509907754
0.11533169686
0.115202372913
0.115115703527
0.115065413268
0.115044054995
0.115043026226
0.115052675702
0.115062250552
0.115059834968
0.115032357939
0.114965684139
0.114844803521
0.114654154719
0.114378141321
0.11400182612
0.113511556844
0.112894561967
0.112134313847
0.111202423013
0.110061971525
0.108683180077
0.107052991088
0.105175765042
0.10307125799
0.100771084251
0.0983138814141
0.0957407458803
0.0930917926093
0.0904045023539
0.0877129197665
0.0850485122213
0.0824403645008
0.079917414885
0.0775083392575
0.0752451511448
0.0731684335058
0.0713320852199
0.0698037110763
0.0686600899842
0.067979750812
0.0678350138039
0.0682847668533
0.0693683644237
0.0711003201161
0.0734653427187
0.0764130970697
0.0798525563788
0.0836528287186
0.087637528035
0.0914950402975
0.0952714119023
0.0982448796186
0.100511324263
0.139514215305
0.139290906208
0.138600838062
0.137692398926
0.13659304037
0.135379489203
0.134094399306
0.13277362954
0.13144748461
0.130137672427
0.128861581593
0.127631535754
0.12645651675
0.125342731828
0.124294400994
0.123314297715
0.122404170422
0.121565035392
0.120797362323
0.120101175128
0.119476087235
0.118921293874
0.118435520831
0.11801701584
0.117662956727
0.117374357431
0.117151544377
0.116986102387
0.116869516101
0.116795510679
0.11675729122
0.116746596785
0.116753910237
0.116768536742
0.116778513515
0.116770553158
0.11673007719
0.116641349962
0.116487727389
0.116252081979
0.115917463326
0.115467788493
0.114888338075
0.114164431008
0.113273277561
0.112176207016
0.110831361911
0.109213062493
0.107316957475
0.105157500296
0.102764174033
0.100176282396
0.0974371369793
0.0945895385669
0.0916728793183
0.0887223710297
0.085768768896
0.0828400853913
0.0799615746981
0.0771589827664
0.0744572513556
0.0718863012607
0.0694883928444
0.067323621381
0.0654684360125
0.0640083212396
0.0630282840873
0.0626040677512
0.0627951416154
0.0636395087591
0.0651495780477
0.0673083373835
0.0700640250039
0.0733231730087
0.0769492092547
0.0807306799465
0.0846241340005
0.0882546920997
0.0909935985652
0.0931014281336
0.141940611356
0.141712856241
0.14098256987
0.140016488315
0.138848956687
0.13756413573
0.136208310719
0.134820101225
0.133430924575
0.132063540651
0.1307356545
0.129459808403
0.128244940498
0.1270971158
0.126020321141
0.125017046032
0.124088723834
0.123236040138
0.122459129424
0.12175768331
0.121130991239
0.120577935804
0.120096947801
0.119685983273
0.119342086131
0.119065065437
0.118856399024
0.118706267
0.118605711491
0.11854814945
0.118526166876
0.118530655886
0.11855111105
0.118575688656
0.118591091635
0.118582512104
0.118533692949
0.118427111655
0.118244292743
0.117966373765
0.117574912916
0.117052426458
0.116382817623
0.11554822029
0.11451602606
0.113236203312
0.111666155722
0.109788674441
0.107610623675
0.105157825197
0.102469479167
0.0995914050681
0.0965697836101
0.0934472296774
0.090260720855
0.0870418854195
0.0838171292552
0.0806103141175
0.0774420563689
0.0743344996269
0.0713077564228
0.0683897598766
0.0656264179778
0.0630872488266
0.060860488344
0.0590420913045
0.0577240306996
0.0569850773316
0.0568845330111
0.0574584463625
0.0587170679496
0.0606425028798
0.0631843084404
0.0662592046006
0.0697510299093
0.0733688820869
0.0770957173447
0.0805252592448
0.083094258358
0.0850900545126
0.144444892135
0.144214107634
0.143443294784
0.142417390508
0.141178829674
0.139819544112
0.138390170747
0.136932125809
0.135478024346
0.134051557492
0.132670684363
0.131348063479
0.130092527038
0.128909946813
0.127804049987
0.126777033946
0.125830025545
0.124963401701
0.124176993782
0.123470200062
0.122842028823
0.122291095433
0.121815593086
0.121413264403
0.121081446816
0.120818090798
0.120625743461
0.120493686657
0.120412656805
0.120375557634
0.12037423337
0.120398695369
0.120437395495
0.120477244909
0.120503484227
0.120499623916
0.120447542138
0.120327721751
0.120119630028
0.119802494625
0.119356192088
0.118761446465
0.118000426339
0.117049752762
0.115862558365
0.114378966069
0.112561847463
0.110406548025
0.107933147894
0.10517951852
0.102193796137
0.0990265170979
0.0957246058096
0.0923285614383
0.0888713810168
0.0853800165929
0.0818756515381
0.0783775094875
0.0749007692463
0.0714637550987
0.0680803406455
0.0647773214251
0.0616076817677
0.0586548867079
0.0560223671802
0.0538180117764
0.0521404464381
0.0510700795425
0.0506643037144
0.0509557329496
0.0519515568396
0.0536318692854
0.0559439757408
0.0588064860716
0.0620814825252
0.0656600914735
0.0691838218972
0.0724016429728
0.0748115283285
0.0766925508817
0.147008631734
0.146776773478
0.145966297458
0.144879692179
0.143568656302
0.142133111611
0.140628758805
0.139099855569
0.13758026519
0.136094471209
0.134660594416
0.133291292581
0.131995217662
0.130777995261
0.12964306929
0.128592344678
0.127626661221
0.126746122007
0.125950301018
0.125238354884
0.124609061892
0.124060808492
0.123591562191
0.123198632454
0.122881160909
0.122634946391
0.12246140159
0.122350208478
0.122292217973
0.122279668612
0.122303559426
0.12235299213
0.122415321858
0.122476112232
0.122519001567
0.12252564038
0.122475841372
0.122347858996
0.122118846304
0.121765949534
0.121267052577
0.120600560191
0.119746452371
0.118671655345
0.117310783445
0.115599595361
0.113513592864
0.111063922041
0.108285291392
0.105227511452
0.101946039494
0.0984938182245
0.0949162420872
0.0912498837519
0.087522424943
0.0837553299603
0.0799638730806
0.0761623608556
0.0723596708162
0.068570343996
0.0648000886843
0.0610767495943
0.057465777414
0.0540703870924
0.0510126014898
0.0484127814401
0.0463745126254
0.044977052595
0.044272913008
0.0442889012194
0.0450280095561
0.0464689007446
0.0485641548517
0.0512520381249
0.0542953863392
0.0576330058531
0.06096676927
0.064040961615
0.0663366930565
0.0681150259639
0.14960904839
0.149378656377
0.148530846287
0.147384395433
0.146001364396
0.144489690637
0.142910788144
0.141311799652
0.139727848168
0.138184055817
0.136698587826
0.135283974646
0.133948607261
0.132697815198
0.131534743426
0.130461016646
0.129477222539
0.128583242648
0.127778458072
0.127061855546
0.126432056693
0.12588728299
0.125425315487
0.125042894161
0.12474110097
0.124515761164
0.124364059489
0.124276853982
0.124245535349
0.124261736576
0.12431559406
0.124395263886
0.124486935739
0.124574717136
0.124640500839
0.124663890491
0.124622428562
0.12449187624
0.124246790587
0.123862074198
0.123313067803
0.122575300098
0.121625688557
0.120414525458
0.118856192611
0.116891944906
0.114516486019
0.111758995924
0.108669523202
0.105308725659
0.101736982146
0.0980070134846
0.0941604612246
0.0902284308215
0.08623226103
0.082187425377
0.0781027580182
0.0739875642288
0.0698434032671
0.0656814135712
0.0614964183942
0.0573217795363
0.0532431907602
0.0493903471439
0.045906438007
0.0429231081315
0.0405452681968
0.0388466410937
0.0378706702013
0.0376349664618
0.0381353691795
0.0393455939512
0.0412241489919
0.043712776156
0.0465992791508
0.0496914166219
0.0528064695539
0.0557206424221
0.0579000332704
0.0595749456622
0.152218404141
0.151992606126
0.151111552866
0.149908327519
0.148456314058
0.146871201048
0.145220620435
0.143554619551
0.141909548139
0.140311003298
0.138777062598
0.137320002128
0.135947873823
0.134665671763
0.133476241099
0.132380957026
0.131380210838
0.130473737083
0.129660812158
0.12894035146
0.128310929486
0.127770734492
0.127317535861
0.126948092564
0.126662926822
0.126459657992
0.126332798508
0.126273239871
0.126272622942
0.126322102754
0.126411001797
0.126526499193
0.126653561026
0.126774751398
0.126870094241
0.126916964885
0.126890441116
0.126763481275
0.1265077631
0.12609577062
0.125499348796
0.124690843207
0.123641836921
0.122276003743
0.120491820211
0.118248899675
0.11556580112
0.112491087073
0.109089935661
0.105431677958
0.101578607864
0.0975805286703
0.0934733563423
0.0892815805269
0.085019508715
0.0806964214554
0.0763142789782
0.0718774746327
0.06737898195
0.0628273862439
0.0582027535547
0.0535521241496
0.0489917153474
0.0446845274776
0.0407954943677
0.037463726336
0.0347894635121
0.0328350937087
0.031630294913
0.0311805332372
0.0314719862495
0.0324699017805
0.0341357241137
0.036364807402
0.0390271018567
0.0419282957463
0.0448685203092
0.0476389937712
0.0497092556341
0.0512821108159
0.154803516424
0.154585975678
0.153677803045
0.152423599846
0.150908837998
0.149256280293
0.147540019489
0.145812963112
0.144112603144
0.142464845963
0.14088754999
0.13939262357
0.137987717249
0.13667747124
0.135464453577
0.134349846276
0.133333926479
0.132416382628
0.131596499725
0.130873242628
0.130245262909
0.129710841018
0.129267835747
0.128913170836
0.128646739656
0.128467272142
0.12836799979
0.128339569483
0.128373616323
0.128460876276
0.128589913733
0.128746916087
0.128915578758
0.129076847139
0.129208767118
0.129286306597
0.129281903577
0.129165330894
0.128905159545
0.128471169228
0.127830218276
0.12695184236
0.125796519695
0.124249994838
0.122208477265
0.119662629574
0.11665716782
0.113260642344
0.109551935444
0.105605858541
0.101483295183
0.0972286400032
0.0928705318115
0.0884261616394
0.0839024377577
0.07930250921
0.0746210491618
0.0698577807236
0.0649954833929
0.0600416522174
0.0549561412047
0.0498134995394
0.0447727194928
0.0400356201798
0.0357859831707
0.0321630982113
0.0292540201112
0.0271030238141
0.0257214958504
0.025101343655
0.025219510885
0.0260390134492
0.0275363589524
0.0295129845186
0.0318777126236
0.0345776229618
0.0373507115514
0.0399825551521
0.0419502933347
0.0434247098482
0.157325522689
0.157120294815
0.156193358586
0.154897202138
0.15332989537
0.15162003199
0.149847989366
0.148069368593
0.146322660022
0.144633922349
0.143020684881
0.141494407778
0.140062310606
0.138728695568
0.137495910547
0.136365034755
0.135336346477
0.134409620156
0.133584291033
0.132859518491
0.13223417444
0.131706770088
0.131275379825
0.130937217958
0.130691544321
0.130537939825
0.130468870393
0.130474851816
0.130547418778
0.130676891824
0.130851118241
0.131055302679
0.131271848813
0.131480033701
0.131655844836
0.131771680123
0.131797206725
0.131698523552
0.131441043589
0.130991191882
0.130308892296
0.129362193527
0.12808781988
0.126326322022
0.123995114447
0.12112475994
0.117786652421
0.114069057822
0.110061701314
0.105840921688
0.101462903729
0.0969645999375
0.0923663555929
0.087677858885
0.0828985034437
0.0780255796043
0.0730459978636
0.0679551910518
0.0627237312245
0.0573602300844
0.0517968409553
0.0461576884418
0.040657147596
0.0355381022206
0.030995218228
0.0271567526075
0.0240859344236
0.0218021754727
0.020295039555
0.0195426486172
0.0195117070532
0.0201647235528
0.0214796380398
0.023258281113
0.0253919947986
0.027874093641
0.030452801202
0.032929568761
0.0347904709984
0.0361673917498
0.15974001839
0.159551294247
0.158616253678
0.157290852961
0.155685954136
0.153933967894
0.152120765062
0.150304282785
0.148523802183
0.146805400541
0.145166214679
0.143617232058
0.142165264109
0.140814340472
0.139566692265
0.138423429849
0.13738498859
0.136451398238
0.135622419211
0.134897579592
0.134276140039
0.133757001937
0.133338602041
0.133018577182
0.132795569793
0.132669879957
0.132633473052
0.132676896833
0.132791592679
0.132967480682
0.133191735512
0.133448612717
0.13371923651
0.133981204525
0.134208410817
0.1343705568
0.134434482865
0.134361982505
0.134115636015
0.133656980888
0.13293726146
0.131924515528
0.130508547736
0.128490944013
0.125839121028
0.122626448862
0.118950710815
0.114918277503
0.110625433676
0.106145758111
0.101527851226
0.096799840894
0.0919733339542
0.0870507419236
0.0820239782192
0.0768849115983
0.0716120715086
0.0661971185469
0.0605959831702
0.0548213992841
0.0487679393373
0.0426426562565
0.036725118079
0.0312959474086
0.026546276131
0.0225784390964
0.0194202130047
0.0170614125209
0.015469566072
0.0146127764224
0.0144476995171
0.0149359684061
0.0160406855752
0.0176016566438
0.0195617460443
0.0218656085145
0.0242673764412
0.0265970719294
0.0283568551836
0.0296421565557
0.161997770564
0.161829456304
0.160899134246
0.15956127109
0.157939273254
0.156166284138
0.154332052587
0.152496251697
0.150698690392
0.148965372146
0.147313049963
0.145752292603
0.144289597605
0.142928852146
0.141672332638
0.140521368065
0.139476755371
0.138538992351
0.137708377489
0.136985013999
0.136368746404
0.135859046835
0.135454878606
0.135154449711
0.134955813212
0.134859860537
0.134858285372
0.134941821788
0.135101866053
0.135327974033
0.135606703633
0.135921420499
0.136252023473
0.136574475928
0.136860612319
0.137077378801
0.137188846805
0.137151705408
0.136926687454
0.136467152629
0.135715883236
0.134638882311
0.133044833452
0.130726550842
0.127726429775
0.124158387442
0.120145974614
0.115810171818
0.111248456546
0.106527541256
0.101686273822
0.0967433241474
0.091701639671
0.0865569172127
0.0812936596093
0.0758988953866
0.0703419367184
0.0646113513928
0.0586456265364
0.0524653102694
0.0459150651187
0.0393327131892
0.0330649763581
0.0274191178129
0.0225611229197
0.018550009778
0.0153672535361
0.0129728124167
0.0113172645667
0.0103692759103
0.0100865981309
0.0104531632348
0.0113500587211
0.0126627096973
0.0144625161419
0.0166130831048
0.0188626888862
0.0210665911499
0.0227419100796
0.0239490136895
0.164046167102
0.163901245441
0.162990176384
0.161661095648
0.160048844139
0.158282674267
0.156453648778
0.154622357911
0.152828852204
0.151099028973
0.149449356084
0.147890130046
0.146427712051
0.14506605236
0.143807703449
0.142654462914
0.141607749969
0.14066879259
0.139838682353
0.13911833873
0.138508412783
0.138009149498
0.137620220786
0.137340574101
0.137167699372
0.137102927186
0.137137910875
0.137263720146
0.137471765173
0.137751288414
0.1380883037
0.138465377082
0.138861288379
0.139250487836
0.139602880719
0.139882710771
0.140051494208
0.140059867457
0.139868688282
0.13941686854
0.138644282841
0.137500196076
0.135675796043
0.133013131475
0.129641426242
0.125710727196
0.121368842031
0.116745736349
0.111934263596
0.106990851336
0.101943351405
0.0968010743088
0.0915587949782
0.0862062784171
0.0807206214025
0.0750847606582
0.0692576596746
0.0632257010423
0.0569068852394
0.0503335702245
0.0432862899946
0.0362986510492
0.0297716267966
0.0240189250025
0.0191530034757
0.0151718912802
0.0120033645625
0.00958466067837
0.00785975282888
0.00681115875746
0.00640359903156
0.00664214050056
0.00738846659132
0.00853956312402
0.0101874614367
0.012186871979
0.0143025429623
0.0164048308302
0.0180182957335
0.0191664235589
0.16583158141
0.165711044281
0.164834577129
0.16354073964
0.161972326937
0.160247903814
0.158456569702
0.156658971276
0.154895147054
0.15319092671
0.151562678489
0.150020657531
0.148571345262
0.147219036915
0.145966865257
0.144817415464
0.14377305243
0.142836051258
0.142008597463
0.141292704195
0.140690078632
0.140201959279
0.139828920257
0.139570844422
0.13942467138
0.139391985709
0.139464653578
0.139634222255
0.139892157945
0.140227441401
0.140625632367
0.14106862392
0.141534246132
0.141995653466
0.142421079417
0.14277228678
0.143008650177
0.143073764326
0.142931852482
0.142496811473
0.141721621757
0.140494019466
0.138374496963
0.135328170681
0.131566774595
0.127272910546
0.122614875006
0.117724191936
0.112683621384
0.107536976577
0.102300853718
0.0969759069448
0.0915494845849
0.086006316836
0.0803159720579
0.0744582805015
0.0683803352807
0.0620676188941
0.0554145208014
0.0484687827114
0.040932284136
0.0336176492751
0.0269438830935
0.021202450118
0.016418948403
0.0125158458337
0.00936770830184
0.00690668926616
0.00508465764208
0.00391219571051
0.00336315383141
0.00347425335842
0.0040902751927
0.0051443633326
0.00669186543411
0.00858713221693
0.0106166567488
0.0126593317717
0.0142449302757
0.0153601548362
0.167302826307
0.167203799539
0.166376992779
0.165152214315
0.163669733785
0.162028516335
0.160312866047
0.158582893745
0.15687843645
0.15522534109
0.153640096057
0.152133179758
0.150711497074
0.149380030996
0.148142868133
0.147003771289
0.145966441597
0.145034577387
0.144211807659
0.143501553865
0.142906854414
0.142430178105
0.142073203
0.141837048982
0.141717986537
0.141717543425
0.141828208057
0.142042146052
0.142350865925
0.142743120146
0.143204118034
0.143715244742
0.144253618673
0.144791425563
0.145295637487
0.145725989892
0.146040372061
0.146174557185
0.146100747928
0.14569218239
0.144947527984
0.143592136008
0.141109363992
0.13764640122
0.133483304679
0.128833372876
0.123878049814
0.118742101624
0.113493849263
0.10816346958
0.102756927566
0.0972673266263
0.0916754581278
0.085961949999
0.0800885892138
0.0740334248967
0.0677296411609
0.0611637749192
0.0542034751738
0.0469140038685
0.0389067461557
0.0313725369539
0.0246805709592
0.0190663910907
0.0144329919381
0.0106210799257
0.0074666616616
0.00492456204079
0.00296817677864
0.00164428177435
0.000933563032074
0.000933061757673
0.00144573694856
0.00245317487516
0.00395910962819
0.0058169819233
0.00782909263534
0.00987144381114
0.0114757049996
0.0125915054008
0.168414561375
0.168321350043
0.167561840846
0.16645454826
0.165108404113
0.163596275039
0.161997895293
0.160372758971
0.158760379264
0.157186676476
0.15566838277
0.15421639071
0.152838312693
0.151540188787
0.150327488012
0.149205608759
0.148180047722
0.14725636415
0.146440029938
0.145736224781
0.14514960899
0.144684099991
0.144342497474
0.144127957885
0.144036239152
0.144067482692
0.144215497166
0.144473264517
0.14483233959
0.145281291848
0.145805089839
0.146384795801
0.146997106579
0.147613668174
0.148200763441
0.148716838738
0.149119227672
0.149335717343
0.149352252573
0.148981413862
0.148321714077
0.146750707708
0.143844791094
0.139939254838
0.135370021432
0.130379110302
0.125149959818
0.11979264108
0.114358382652
0.108864000523
0.10330610955
0.0976715532048
0.0919354778841
0.0860753315355
0.0800448063404
0.0738219364251
0.0673232932962
0.0605395937325
0.0533083739562
0.045712116447
0.0372670420601
0.0296497858184
0.023075434564
0.0176909444148
0.0132402817971
0.00949411135836
0.006283013899
0.00361489619081
0.00149279760195
-8.98363422783e-07
-0.000882237659828
-0.000959829003387
-0.000532474262209
0.000492868663326
0.00201516821218
0.00390597875725
0.00598119997445
0.00809450655061
0.00978128193294
0.0109228749783
0.169140353216
0.169009180801
0.168356242986
0.167433085083
0.166273014828
0.164933579515
0.163493430582
0.162010750146
0.160524354064
0.159059932514
0.15763418946
0.156258361996
0.154940931978
0.153689339387
0.152510895579
0.151413152216
0.150403927938
0.149491142284
0.148682560265
0.147985511174
0.14740661264
0.146951526565
0.146624587641
0.146430058866
0.146363898972
0.146425358971
0.14660922417
0.146909170645
0.147316826578
0.147820622832
0.148405372138
0.149051996347
0.149737097274
0.150432298643
0.151103919895
0.151710156573
0.152208976663
0.152521099286
0.152652378043
0.152333427232
0.15183880026
0.149913092522
0.146540352434
0.14217424192
0.137204149992
0.131895153348
0.126419117679
0.120865163984
0.115266694186
0.109628507113
0.103939522837
0.0981816296585
0.0923252746315
0.0863456154952
0.0801880320461
0.0738327883557
0.0671763695272
0.0602187125686
0.052762773592
0.0449052505047
0.0360749234079
0.0285357496349
0.0222115971166
0.0171336336536
0.0128518072298
0.00911188169054
0.00578433983451
0.00295311224013
0.0006518231095
-0.000991204767623
-0.00195432856001
-0.00204976483019
-0.00173825345057
-0.000647691333555
0.000957351242033
0.00295808163895
0.00515765965092
0.00739045483963
0.0091987303725
0.0103690352711
0.169303175209
0.16908958673
0.168748727422
0.168104885644
0.167168234758
0.166035946018
0.16478929144
0.163483593368
0.162156121835
0.160831124498
0.15952424961
0.158246560487
0.15700734704
0.155815714138
0.154681283811
0.153614328801
0.152625577772
0.151725865587
0.150925741604
0.150235098374
0.149662845471
0.149216643086
0.148902601389
0.148725788893
0.148682533467
0.148771757906
0.148988868299
0.149328040306
0.14978095791
0.150335918142
0.150977622361
0.151687006162
0.152440898693
0.153211452747
0.153965839201
0.154663263385
0.155263663026
0.155682981848
0.15595209721
0.155702349536
0.155474302204
0.153015060409
0.149149252119
0.144314592384
0.138961098048
0.13336406288
0.127670549515
0.121945191946
0.116204603205
0.110443606066
0.104645206814
0.0987875731588
0.0928374874758
0.086768662068
0.0805182885979
0.0740714773191
0.0673004563168
0.0602222269174
0.052597915115
0.0445343863205
0.0353970100513
0.0281116311855
0.0221567828205
0.0174207557757
0.0132412039298
0.00943105380427
0.00593821661994
0.00293982667622
0.000492663775186
-0.00123956035243
-0.00215663491671
-0.00226225524523
-0.00199699759265
-0.000844514014676
0.000862850927622
0.00302470179169
0.00538748763284
0.00777026237749
0.00971278648676
0.0109149862714
0.169146117036
0.169103782252
0.16900700857
0.168562715207
0.167832286053
0.166916741266
0.165884233526
0.164782813582
0.163644159062
0.162487622515
0.161325617501
0.16016792868
0.159024310522
0.157905698853
0.156824496409
0.155794310381
0.154829422075
0.153944181414
0.153152440105
0.152467074193
0.151899605594
0.151459915804
0.151156025973
0.150993891671
0.150970178738
0.151083644524
0.151330182082
0.151704287618
0.152197585878
0.152798162135
0.153490582368
0.154255883142
0.155071381997
0.155910265555
0.156741353016
0.157526174297
0.158227901407
0.158761244027
0.159184102785
0.159021523892
0.159163816926
0.15598664217
0.151617183227
0.146319711269
0.140614466285
0.13476570404
0.128885908787
0.123014925329
0.11715495842
0.111293211088
0.105408533154
0.0994765446661
0.0934615748413
0.0873366840332
0.0810316641701
0.0745391301696
0.0677026406698
0.0605675727794
0.0528407009743
0.0446388707329
0.03530366596
0.0284484085476
0.0229593019697
0.018537071672
0.0143554459205
0.0104196591164
0.00676328447602
0.00364313066128
0.00115782467777
-0.000650005767396
-0.00159088701008
-0.00175071555077
-0.00132599819305
-8.54010919144e-05
0.00174166858885
0.00407658620558
0.0066353313652
0.00920868714685
0.0113183477427
0.012573275265
0.169146535453
0.169342301661
0.169249806281
0.168871303567
0.168304875307
0.16759246318
0.166780699624
0.165903763627
0.164980076961
0.164018881514
0.163026310464
0.162009290755
0.160977479943
0.159943749584
0.158923769941
0.157935140358
0.156996379144
0.156125975658
0.155341606073
0.154659535713
0.154094189068
0.153657852002
0.153360531262
0.153209180007
0.153200818079
0.153334073642
0.153605199309
0.154008791912
0.154536211617
0.155175164504
0.155909965969
0.15672173454
0.157588414363
0.158484593175
0.159381391952
0.160243821895
0.161039251441
0.161685366295
0.162264086959
0.162202653904
0.162788619038
0.158748625432
0.153882998342
0.148147184502
0.142136630188
0.136077700875
0.13004432008
0.124054304423
0.118098636629
0.11215929694
0.106212674251
0.100233025096
0.0941836901158
0.0880378336634
0.0817196532669
0.0752314169196
0.0683844630853
0.061267138361
0.0535113396768
0.0452558162914
0.035863760193
0.0296014635034
0.0246414629795
0.0204329926994
0.0161634408003
0.012104596953
0.00836484869876
0.00510318308936
0.00253887533657
0.000691291874197
-0.000262143894083
-0.000421340275546
0.000119126345382
0.0014871972086
0.00351049065994
0.00607989144058
0.00889762807344
0.01171959171
0.0140396740858
0.0153657450979
0.169192539841
0.16931842193
0.169216446735
0.168976286027
0.168568813578
0.168054046107
0.167474179124
0.166842356906
0.166158196762
0.165417032464
0.164616077797
0.163757956746
0.162851765175
0.161912499863
0.160959657708
0.160015540266
0.15910361001
0.158247112025
0.157468037043
0.156786397617
0.156219752571
0.155782909862
0.155487861461
0.155342641345
0.155344723783
0.155492639241
0.15578280333
0.156209622004
0.156763906992
0.157432726623
0.158199918305
0.15904651964
0.159951058291
0.160889668648
0.161836173623
0.162759890833
0.163632943901
0.164380114801
0.165098948442
0.165144998506
0.16618454061
0.16121079768
0.155882990648
0.149756815262
0.143500494442
0.13727693263
0.131124022795
0.125042539346
0.119015757365
0.113022746018
0.107039098935
0.101038993473
0.0949865206524
0.088855723126
0.0825683018364
0.0761371518403
0.0693406601291
0.0623264239442
0.054621872937
0.0464217330963
0.0371382482776
0.0316083544501
0.0271879175494
0.0230681264675
0.0187065412585
0.0145096483191
0.010653938415
0.00728072277467
0.00457391289758
0.00266167396196
0.00169744590463
0.00158468408675
0.00227557597917
0.00384399753478
0.00614410706298
0.00902684298501
0.0121821337674
0.0153185850098
0.0178930685618
0.0193002565439
0.169093959486
0.169094087985
0.16915651872
0.168972680283
0.168650562534
0.168317861758
0.167976682978
0.167606053665
0.167181469807
0.16668038101
0.166088535452
0.165403025188
0.164632100146
0.163793190853
0.162910252742
0.162011027284
0.161124605169
0.160279539548
0.159502540941
0.158817636303
0.158245660595
0.157803974666
0.157506468626
0.157362265956
0.157369463653
0.157526576152
0.157829927055
0.158273370131
0.158846822557
0.159536376371
0.16032504481
0.161193450203
0.162120428229
0.163083510644
0.164059286711
0.165021789242
0.165948161141
0.166773765543
0.167599933772
0.167751901082
0.169176954679
0.163281568937
0.157559781624
0.151116226316
0.14468250255
0.138342058897
0.132104608421
0.125959882183
0.119886957824
0.113864193063
0.107868058511
0.101874091809
0.0958490876237
0.0897688722611
0.0835570713105
0.0772364281076
0.0705569656213
0.063739905291
0.0561735169541
0.0481759687559
0.0391849644731
0.0345107121567
0.0305367575612
0.0264181075669
0.0219201323358
0.0175976538673
0.0135595756017
0.0100423297509
0.00722167869856
0.00525961715544
0.00430288899135
0.00427010454126
0.00515290420849
0.00698752621229
0.00963407721528
0.0129077067047
0.0164794746626
0.0199965231403
0.0228668425829
0.0243571068916
0.168958940398
0.168924925762
0.168924172222
0.168735897482
0.168539356676
0.168400788785
0.168307725287
0.168212624313
0.168062602321
0.167814780326
0.167442288127
0.166936216093
0.166304058053
0.165566152742
0.164751614581
0.163894352712
0.163029677418
0.162191857538
0.161412572729
0.160719985998
0.160138220174
0.159687105694
0.159382249424
0.159233781088
0.159240698621
0.15940169556
0.159712694935
0.16016655139
0.160751874081
0.161453365622
0.162252754479
0.163129733571
0.164062906643
0.16503069976
0.166012126781
0.166985900927
0.167934382342
0.168806233089
0.169695068103
0.169945606404
0.171623510074
0.16488893315
0.158873808063
0.152206418159
0.145666186117
0.139256491793
0.132969337675
0.126789284137
0.120694515188
0.114664748757
0.108678998582
0.102715740448
0.0967465001975
0.0907500832986
0.084657438377
0.0784984895062
0.0720068720194
0.065483528305
0.0581473064125
0.0505476551334
0.0420540724095
0.0383892206004
0.0345610685852
0.0303759714285
0.0257375865419
0.021233527789
0.0170223743974
0.0133582007284
0.0104352450522
0.00843547029355
0.00750767430718
0.00759533648033
0.00871508034702
0.0108771038071
0.0139379606721
0.0176798719345
0.0217451917922
0.0257073209685
0.0289105407467
0.0304778118476
0.168810263064
0.168705855771
0.168565749494
0.168437928338
0.168324713568
0.168358800447
0.168515444842
0.168700461269
0.168828170233
0.168835210705
0.168681528795
0.168352159488
0.167854135113
0.16721120964
0.166458362812
0.165636329556
0.164787044557
0.163950659691
0.16316384841
0.162458844265
0.161862918845
0.161398170221
0.161081649457
0.160924240821
0.160926080021
0.161086297568
0.161400126886
0.161858998047
0.16244983797
0.163155560131
0.163956090073
0.164829513738
0.16575336623
0.166706027988
0.16766806811
0.168622316875
0.169556592177
0.170434946283
0.171336178811
0.171673637233
0.173440284938
0.166001553433
0.159812483285
0.153025210657
0.14644502802
0.140010854572
0.13370692068
0.127517603574
0.121423154344
0.115406538648
0.109450896743
0.103539258365
0.0976497913058
0.0917659000694
0.0858314785122
0.0798798507257
0.0736484758804
0.0675089291021
0.0604982575684
0.0535221197321
0.0456920489846
0.0432516035603
0.0390822297979
0.0348283874617
0.0300343521821
0.0253389020612
0.0209512705354
0.0171422162805
0.0141283125392
0.0121052318215
0.0112272776698
0.0114704919469
0.0128711962936
0.015419399528
0.0189622425535
0.02324921228
0.0278831809199
0.0323530462443
0.0359204870231
0.0375507084513
0.16872021379
0.168547226975
0.168333048936
0.168156372628
0.168042641583
0.168249939511
0.168664359721
0.169122255996
0.169515012053
0.169763236775
0.169814075822
0.169647109805
0.169269129321
0.168707621803
0.16800410146
0.167206638955
0.166363864595
0.165521618226
0.164721299298
0.16399892115
0.163384589644
0.162902342479
0.162570350688
0.162399952416
0.162392812158
0.162548902166
0.162862430966
0.163322921929
0.163915224691
0.164620052353
0.165414965128
0.16627563272
0.167177402261
0.168097190419
0.169015604512
0.169918355825
0.170798869816
0.171638160439
0.17250025495
0.172907135394
0.174601217715
0.166637649778
0.160391996892
0.153587047308
0.147023682644
0.140604309305
0.13431255527
0.128136399631
0.122060694702
0.116073285333
0.110162823118
0.104318381285
0.0985263769304
0.0927768554692
0.0870314451248
0.081323631584
0.0754215942275
0.0697412205864
0.0631680180649
0.0570674527284
0.0499127681479
0.0486418735323
0.044026101146
0.0396281964813
0.0346714046291
0.0297750880811
0.0252082044717
0.021258852626
0.0181645873489
0.0161322381932
0.015324151739
0.0157544651231
0.0174762636632
0.0204631907969
0.0245498334525
0.0294527054778
0.0347257552088
0.0397637904783
0.0437209606553
0.0453938015876
0.168771106992
0.168531629245
0.168262155472
0.167997546305
0.167951643266
0.168208068374
0.168843505028
0.169538536725
0.170163351548
0.170620842186
0.170846721393
0.170816165423
0.170534886106
0.170034054932
0.169362612878
0.16857632788
0.16773006335
0.166874652018
0.166055614277
0.165312217709
0.164676918024
0.164175253227
0.163826119825
0.163640771029
0.163622495845
0.163772379275
0.164083484245
0.164543254625
0.165134363787
0.165835145366
0.166620366257
0.167462463636
0.168333263032
0.169206297975
0.170059868023
0.170880331162
0.171666319234
0.172416822324
0.173188841768
0.173636619407
0.175118874696
0.166857149469
0.160650810721
0.153920064321
0.147418279097
0.141045337356
0.13478870695
0.128642712758
0.122598905303
0.11665131089
0.110795129431
0.105026630184
0.0993416391148
0.093739111803
0.0882014939158
0.0827618844748
0.0772470659825
0.0720743651041
0.0660641020076
0.0610888384367
0.0546816806718
0.0538669200382
0.0492186752417
0.0445806575337
0.0394367991627
0.0343340742301
0.0295927155316
0.0255182905881
0.0223645415096
0.0203440259226
0.0196247378957
0.0202635705997
0.0223319094747
0.0257920386941
0.0304659521613
0.0360387115932
0.0420106162114
0.0476747928581
0.0520438256108
0.0537374121467
0.16906591085
0.168735397882
0.168371553551
0.168024128419
0.168052731269
0.168354327223
0.169160704946
0.170004636975
0.170805341158
0.171419638514
0.171777170635
0.171848085815
0.171633062656
0.171166089108
0.170505128402
0.169713990112
0.168852761347
0.167976191264
0.167133117338
0.16636537924
0.165707168598
0.1651850169
0.16481821298
0.164617604073
0.164588337466
0.164732850013
0.165042717397
0.165503007827
0.166094073061
0.166791731813
0.167567686841
0.168390576662
0.169227621599
0.170047074115
0.170821958173
0.171535424208
0.172188685124
0.172798622341
0.173431741117
0.173876495355
0.175028871984
0.166749575231
0.160645924538
0.154066405637
0.147658159695
0.141352576579
0.135145332131
0.129039148704
0.123033721512
0.117130000393
0.11133017006
0.105638212161
0.100059859986
0.0946049646155
0.0892779800994
0.0841158753281
0.0790249996665
0.0743720468521
0.0690454725174
0.0653603786013
0.0598790405434
0.0588266201309
0.0542769014538
0.04938723247
0.0440356482408
0.0387234180011
0.0338080754051
0.0296116557029
0.0264033219148
0.0244033836825
0.0237883687019
0.0246562082998
0.0270928851109
0.0310514913045
0.0363419966405
0.0426227638453
0.0493453364471
0.055698368701
0.0605069751808
0.0622082717382
0.169657089768
0.169203811887
0.168738136132
0.168314469167
0.168257644695
0.1687412329
0.169593399708
0.170532192114
0.17144846069
0.17215212608
0.172591901554
0.172725331679
0.172544166194
0.172085275904
0.171417257817
0.17061035567
0.169727493509
0.168825957682
0.16795709676
0.167164634306
0.166483913572
0.165942026565
0.165558416319
0.165343152732
0.16530311054
0.165441789689
0.165749622976
0.166209743873
0.166800499606
0.167495423849
0.168263348686
0.16906923278
0.169875567415
0.170644525677
0.171341444189
0.171940699753
0.172437053053
0.172858010888
0.173307348242
0.173697417592
0.174416375633
0.166456750246
0.160473792305
0.154089831944
0.147786540322
0.141552262552
0.135396181551
0.129330002669
0.123361498532
0.117498197954
0.111748721334
0.10612421496
0.100639646524
0.0953163068778
0.0901796223394
0.0852783630486
0.0806051024882
0.076443339285
0.0719501052181
0.0697117763539
0.065109912649
0.0634032821848
0.0587994901271
0.0536461999468
0.0481074432548
0.0426396585317
0.0376121571453
0.033352629186
0.0301369789495
0.0281876676099
0.0276863172063
0.0287764737667
0.0315592183527
0.0359841619792
0.0418511179986
0.0488012411282
0.0562621448236
0.0633348496638
0.0686039376523
0.0703175397875
0.170340973916
0.169775665539
0.169230776135
0.168802293735
0.168725084067
0.169196137415
0.170069540396
0.171084662103
0.172011141622
0.172753024505
0.173250383285
0.173415356701
0.173223231104
0.172734195164
0.172036928669
0.171203281232
0.17029424143
0.169367689242
0.168476298655
0.167664494284
0.166967740226
0.166412971961
0.166019899822
0.165798876449
0.165757162933
0.16589705562
0.166207435222
0.166670004664
0.167261688548
0.167954372827
0.168714885871
0.169505738365
0.17028640903
0.171015229635
0.171652172059
0.172162962403
0.172527051944
0.17275840835
0.173002425949
0.173270877367
0.173511465133
0.166233844142
0.160294006286
0.15407044658
0.147848599165
0.141667522202
0.135549683873
0.129513214402
0.123571646163
0.117737255579
0.1120232789
0.106446050046
0.101027292211
0.0957973277405
0.0907976341896
0.0860925189528
0.0817465511259
0.0779764562078
0.0744172067534
0.0734622231599
0.069287353791
0.0666983005238
0.0619937767474
0.0566618257468
0.0510030823505
0.0454361470058
0.0403341573018
0.0360310695918
0.0328106387764
0.0309006477678
0.0304879067064
0.0317437771971
0.0347941073589
0.0395993038117
0.0459563389683
0.0535122407248
0.0617311018449
0.0696732475545
0.07557583666
0.0774155572336
0.170661469256
0.170115312983
0.169573952983
0.169190983641
0.169155292474
0.169618743836
0.170518086026
0.171597112403
0.172547810395
0.173195661901
0.173673230869
0.173932018144
0.173736548308
0.173204631041
0.172467458619
0.17159814629
0.170654637983
0.169695813095
0.168775998943
0.167940374482
0.167224310357
0.166653543579
0.166243095818
0.16600589428
0.165953967339
0.166086084155
0.166388701516
0.16684240931
0.167423440458
0.168103163559
0.16884807118
0.169620554047
0.170380244263
0.17108598101
0.171698639372
0.172185052359
0.17252344303
0.172708924619
0.172827463178
0.172837971584
0.172840164033
0.16631567727
0.160236308209
0.154060765813
0.147871204678
0.141711649617
0.135609618076
0.129585495766
0.12365508218
0.117832596792
0.112133176451
0.106575302616
0.101183515655
0.0959920026427
0.0910492196648
0.086427408848
0.0822274660886
0.0786456697966
0.0758067707819
0.0752522226445
0.070469346653
0.0675104813713
0.0629839138676
0.0577545348446
0.0522136522529
0.046761042742
0.0417656160374
0.0375619392392
0.0344407370218
0.0326434613091
0.0323762793844
0.0338368702449
0.0371722966868
0.0423636698432
0.0492086125805
0.0573608667216
0.0663349301341
0.0751270882447
0.0814022094544
0.0828251256606
)
;

boundaryField
{
    frontAndBack
    {
        type            empty;
    }
    upperWall
    {
        type            zeroGradient;
    }
    lowerWall
    {
        type            zeroGradient;
    }
    inlet
    {
        type            zeroGradient;
    }
    outlet
    {
        type            fixedValue;
        value           uniform 0;
    }
}


// ************************************************************************* //
