/*--------------------------------*- C++ -*----------------------------------*\
| =========                 |                                                 |
| \\      /  F ield         | OpenFOAM: The Open Source CFD Toolbox           |
|  \\    /   O peration     | Version:  v1806                                 |
|   \\  /    A nd           | Web:      www.OpenFOAM.com                      |
|    \\/     M anipulation  |                                                 |
\*---------------------------------------------------------------------------*/
FoamFile
{
    version     2.0;
    format      ascii;
    class       volScalarField;
    location    "700";
    object      pa;
}
// * * * * * * * * * * * * * * * * * * * * * * * * * * * * * * * * * * * * * //

dimensions      [0 2 -2 0 0 0 0];


internalField   nonuniform List<scalar> 
6400
(
0.777001224983
0.704998905593
0.557632418223
0.46248286584
0.461895757126
0.536949037468
0.68815126395
0.850103476575
1.00189519471
1.14374257157
1.27319764359
1.38528303145
1.47704871495
1.54823691781
1.60003994362
1.63420355072
1.6527096636
1.65764545406
1.65107402789
1.63492414895
1.61092484651
1.58058529287
1.5451984333
1.50585949848
1.46348856012
1.41885744896
1.37261489934
1.32531230331
1.27742629347
1.22938401509
1.18159439372
1.13451841578
1.08880340781
1.0454549895
1.00494189168
0.962108993219
0.89375388723
0.792842595613
0.664507006789
0.519952055799
0.367163234645
0.210138883461
0.0508683223497
-0.10919389212
-0.268694133176
-0.426383472707
-0.58113202335
-0.73189343667
-0.877662923714
-1.01745529427
-1.15029377952
-1.27520655926
-1.39122526075
-1.49739172013
-1.59277111857
-1.67647720696
-1.74770621929
-1.80578270049
-1.8502113122
-1.88073422672
-1.89738517914
-1.90053682837
-1.89093140248
-1.8696916279
-1.83830433299
-1.79857894906
-1.75257638005
-1.7025216406
-1.65068231189
-1.59926613567
-1.55021178569
-1.50516448415
-1.46487628787
-1.42982073825
-1.39764256368
-1.36859880428
-1.33347951407
-1.30838819455
-1.26597345062
-1.32472376005
0.572448446208
0.436769410462
0.366039159994
0.333199684109
0.421230998599
0.725292543563
1.13526684466
1.63927648012
2.23362783193
2.90426179412
3.63239330444
4.39883912718
5.18655094228
5.98136808451
6.77174371179
7.54833811683
8.30374811116
9.03227680625
9.72967328131
10.3928615537
11.0196944543
11.6087489973
12.15915868
12.6704795875
13.142581731
13.5755655982
13.9696957421
14.3253527211
14.6429960311
14.9231394184
15.166332758
15.3731293163
15.5441017894
15.6802297451
15.7862319548
15.8804933484
15.997063146
16.118844002
16.2174094697
16.2823375476
16.312720494
16.3082124817
16.2676103498
16.1895076243
16.072660689
15.9160013919
15.71859556
15.4796528452
15.1985684909
14.8749693464
14.5087596427
14.1001695593
13.6498115421
13.1587432881
12.6285377308
12.0613547788
11.4600108006
10.8280355532
10.1697073341
9.49005274873
8.79480083752
8.09028130464
7.38326360015
6.68073806448
5.98964970684
5.31659961557
4.6675382767
4.04746725273
3.46018635643
2.90806378906
2.39194407405
1.9109397236
1.46281687704
1.04325183443
0.648719840953
0.271381894989
-0.0813055371641
-0.424487335451
-0.651945986227
-0.946082568044
0.428681697844
0.357471873659
0.375935168861
0.392222500894
0.465121453073
0.625776705538
0.849905781264
1.13097806526
1.45807923781
1.81402866402
2.18254458179
2.55048223606
2.90732807345
3.24497114281
3.55761587407
3.84146658166
4.09431284212
4.31516187624
4.5039348986
4.66120909561
4.78800457828
4.88561793828
4.9555000632
4.99916858517
5.01814861516
5.01393373563
4.98796410694
4.94161523839
4.87619667401
4.79295228515
4.69306886543
4.57764909613
4.44759899842
4.30259304089
4.13769473489
3.93623601546
3.70657371871
3.47521364102
3.25451261984
3.04220392307
2.83641236307
2.63808953075
2.44907354032
2.27113762587
2.10588277899
1.95472314776
1.81880097372
1.69889720754
1.59537238555
1.50813158721
1.43660127413
1.3797170377
1.33592261937
1.30318450595
1.27902323181
1.26056690558
1.24462928408
1.22781794114
1.20667254483
1.17783348183
1.13823292432
1.08529836664
1.01715063922
0.9327775728
0.832161996223
0.716346075296
0.587422812344
0.44844239356
0.303261018506
0.156276051969
0.0122107758939
-0.124475256753
-0.249511844523
-0.360932286658
-0.455885293809
-0.541196941993
-0.602502040033
-0.67414467428
-0.581142319275
-0.790823263209
0.138505712201
0.315512958528
0.266922484656
0.248601053193
0.421535484505
0.671498356472
0.954096060538
1.27822695079
1.64048375253
2.02780172994
2.43005878534
2.84052509767
3.25350245344
3.66398420785
4.0680357832
4.46279037254
4.84618507615
5.2167265196
5.57333920743
5.91525689301
6.2419339697
6.55297857108
6.84810598793
7.12710989453
7.38984410238
7.63621299645
7.86616554093
8.07969371057
8.27682798753
8.45763639861
8.62219502159
8.77059165884
8.90283142781
9.01953982628
9.12297727825
9.22000190124
9.28654499608
9.31864192261
9.32359243921
9.30186345249
9.25105512496
9.17016312443
9.05938618022
8.91922317808
8.75028638224
8.55343002572
8.32983356562
8.08101126639
7.80880306766
7.51536215782
7.20313457972
6.87482332042
6.53333796767
6.18172806505
5.82310225691
5.46053159317
5.09694159638
4.73499638346
4.37698573641
4.02472525845
3.67948575898
3.34196427373
3.01230979144
2.69020751497
2.37502156854
2.06598271517
1.76241036652
1.46393633404
1.17074634933
0.883746864824
0.60486678767
0.336935147223
0.0846013429191
-0.147638430241
-0.349887409744
-0.521869063785
-0.62941758183
-0.717713764756
-0.516542315963
-0.786136010025
-0.313743397726
0.526507195694
0.314081103292
0.320062000384
0.668995055481
1.00517176011
1.29133399004
1.58319428466
1.89050426147
2.20457565016
2.52120026283
2.83873077597
3.15450909644
3.46506731828
3.76709669724
4.05776920374
4.33468976313
4.59583244697
4.83951938564
5.0644015247
5.26942638881
5.45379937149
5.61694746583
5.75848646228
5.87819252857
5.97597646601
6.05186200357
6.1059657334
6.1384809739
6.14965835832
6.13979692802
6.10920434495
6.05820202596
5.98680009658
5.89501082049
5.78597959898
5.67284047538
5.55874607907
5.44618515666
5.33622917469
5.22838824714
5.12219357533
5.01754521575
4.91427938306
4.81193404784
4.70977719679
4.60687640004
4.50213933366
4.39435168552
4.28223400225
4.16451341844
4.04000298421
3.90768152223
3.76677080024
3.61680329206
3.45767501153
3.28967470795
3.11348347756
2.93013821293
2.74095800313
2.54743575908
2.35110539028
2.15339961115
1.95551868764
1.75833163366
1.56232580342
1.36762222452
1.17404227018
0.981260901684
0.788933400049
0.5970589989
0.405868517278
0.21716986492
0.0320764869072
-0.141064768203
-0.306218849651
-0.420014104712
-0.549554272589
-0.307016023576
-0.74348797727
-0.643598395389
1.14709637468
0.58034038
0.632791620864
1.08937258194
1.41295414475
1.64274827792
1.87431288706
2.11976862968
2.37230250782
2.63158726803
2.89841853621
3.17121890697
3.44703765578
3.72279844537
3.99569580995
4.26322535648
4.5231869096
4.77369927201
5.01319848698
5.24041477405
5.4543400708
5.65419458584
5.83939678895
6.00953695078
6.16435532889
6.30372411283
6.42763363477
6.53618155577
6.62956513136
6.70807921038
6.77212463355
6.82226729745
6.85929525778
6.8837739066
6.89028310953
6.87470489988
6.83698663718
6.77800776488
6.69872858306
6.59978484535
6.48191109949
6.34628393781
6.19442689584
6.02802339346
5.84882658319
5.6586135464
5.45912536796
5.25199768999
5.0387006234
4.82049753349
4.5984232508
4.37328355701
4.14567637449
3.91603535576
3.68469248123
3.4519551341
3.21818879104
2.98389534759
2.74977396939
2.51675294465
2.28598194933
2.05878147989
1.8365519413
1.62065709238
1.41229739021
1.21240772966
1.02157666843
0.840058429097
0.667753915173
0.504486777531
0.349679470078
0.203810630962
0.0652593905964
-0.0599957751909
-0.183771492923
-0.258593931218
-0.385200832591
-0.0497541136272
-0.659664932695
-0.992265068126
2.05291705848
0.977277038691
1.0824766629
1.54965306441
1.78274073881
1.92800590004
2.09129414324
2.27489343196
2.47130810084
2.68091665349
2.903776764
3.13735460143
3.37803535702
3.62220107241
3.86649756163
4.10785911446
4.34352639601
4.57106401405
4.78835882356
4.99360128973
5.18525890366
5.36204846938
5.52290965939
5.66698125881
5.79357999268
5.90218248983
5.99240962357
6.06401364598
6.11686678164
6.150952212
6.16635104089
6.16322404483
6.14182531427
6.10302154779
6.05162316898
5.99002199042
5.91931830244
5.84063078068
5.75485525948
5.66234006266
5.56302279614
5.45671717892
5.3432233921
5.22232340691
5.09379760912
4.95747569632
4.81328370537
4.66127044684
4.50161749266
4.33463667195
4.16075660125
3.98049948282
3.79445238205
3.60323792551
3.40749045942
3.20784273558
3.00492761734
2.79939654368
2.59195312169
2.38339641056
2.17466286842
1.96685515537
1.76124365137
1.55923624294
1.36230891407
1.17192485518
0.9894233884
0.815972921532
0.652452981032
0.499668523077
0.357820120292
0.228102970255
0.108679375925
0.00626085389095
-0.0955181873562
-0.140714027965
-0.264787926818
0.19063514997
-0.588458861856
-1.3479537994
3.20975919086
1.41753533546
1.56948342725
1.95835830559
2.06647646529
2.1349209649
2.24642921057
2.38743729401
2.54903966299
2.73047855755
2.92988117366
3.14350794483
3.36723564687
3.59719473344
3.82984621981
4.06197323253
4.29068850917
4.51343899243
4.7279971115
4.93244229158
5.12513826798
5.30470952172
5.47001881958
5.62014664667
5.75437319707
5.87216297941
5.97315201472
6.05713799029
6.12407133374
6.1740531379
6.20732153939
6.22427351045
6.22533675112
6.21092942877
6.17996832171
6.13204291387
6.06770675051
5.98793578424
5.89386079539
5.78660373846
5.66726875705
5.53700831806
5.39702224931
5.24848567624
5.09247843153
4.9299486201
4.76170026642
4.58839436602
4.41056239165
4.22863274006
4.04296638917
3.85389607539
3.66176319741
3.46694779873
3.26988834476
3.07108999401
2.87112265448
2.67061299853
2.47023524266
2.27070888635
2.07280386082
1.87735584689
1.68528066885
1.49758694862
1.31535879745
1.13973957038
0.971853716316
0.812782497991
0.663414301666
0.524660342907
0.396758613796
0.281054138606
0.175205886326
0.0867687497586
-0.004656150502
-0.0332410078711
-0.171431380387
0.403584190208
-0.545052594723
-1.69978711916
4.58716143468
1.83770583919
2.05414184581
2.30691823674
2.29485555094
2.30930790078
2.38686995635
2.50045237204
2.6406213102
2.80480810008
2.98917815591
3.18907506674
3.40008921316
3.61825050832
3.83996353203
4.06197034015
4.28134042826
4.4954606896
4.70202042955
4.89899357547
5.08461976932
5.25738543354
5.41600565536
5.55940755816
5.68671549026
5.79723808094
5.89045727045
5.96601871718
6.02372453729
6.06352601044
6.08552308856
6.08996950861
6.07735827204
6.04865486308
6.00523449951
5.94790733881
5.87745619907
5.79471724613
5.70047641271
5.59541616484
5.48014168689
5.35525045023
5.22138200122
5.07922450707
4.92949975507
4.77294584409
4.61029851983
4.44226842948
4.26951796183
4.09264416682
3.91217256563
3.72856374685
3.54223230739
3.35357531631
3.1630057528
2.97098470944
2.77804625858
2.58481183352
2.39198941785
2.20036741735
2.01079957305
1.82419694636
1.64151590173
1.46376655542
1.29198773865
1.12726417452
0.970648244624
0.823167111377
0.685638856389
0.558927367105
0.443071425306
0.339219633681
0.244193075972
0.165959486627
0.0797968907828
0.0603981485534
-0.103659382901
0.587051322096
-0.523142713424
-2.0151421252
6.15209332419
2.18646467921
2.51917532207
2.60364780539
2.4973983405
2.47956677763
2.53499700087
2.6305690353
2.75712463888
2.91008215748
3.08404771224
3.27381377613
3.47486859674
3.68327133224
3.89550453764
4.10840823087
4.31914650383
4.52518229119
4.72425647603
4.91437038098
5.09377017086
5.26093250776
5.41455134794
5.55352606043
5.67695094792
5.78410603615
5.87444933029
5.94760972889
6.00338227579
6.0417230298
6.06275082023
6.06674431173
6.05412760893
6.02536907878
5.98067490743
5.92057727266
5.84585791625
5.75745933023
5.656413296
5.54377930041
5.42060858935
5.28793373487
5.14676383815
4.99807164257
4.84277767324
4.68174046242
4.51575314288
4.34554196968
4.17176443384
3.99500771931
3.81578939712
3.63456226103
3.45172537954
3.26764169737
3.08266257642
2.89715617321
2.7115350776
2.52628234016
2.34196039802
2.1592213515
1.97879537993
1.80148952734
1.62816239066
1.45974236499
1.29717732501
1.14148921242
0.99366254545
0.854691214474
0.725298082387
0.606324687249
0.497595257297
0.399939109488
0.309405103368
0.234313592402
0.14646966817
0.126640360568
-0.0679143311027
0.734355641605
-0.526681852344
-2.27175188075
7.85118074491
2.42498411822
2.96735765387
2.86642210038
2.69933758469
2.66305197455
2.70187471661
2.78413270256
2.90056418286
3.04448928029
3.20935213329
3.38960516408
3.58070231689
3.77878402348
3.98047397811
4.18277550313
4.38300928249
4.57877159936
4.76790680581
4.9484888698
5.11880813359
5.27736084316
5.42284049145
5.55413031146
5.67029684064
5.7705838646
5.85440754518
5.92135010481
5.97115791329
6.00372867647
6.0191255865
6.01753294785
5.99944508189
5.96567099645
5.9166863154
5.85309837924
5.77563844684
5.68512095515
5.58241673784
5.46843654153
5.34412223365
5.21044451764
5.06839870113
4.91899035157
4.76321237996
4.60202065815
4.43631306979
4.26691338885
4.09456041874
3.91990328269
3.74350312642
3.5658410393
3.38733258659
3.20834622283
3.02922669466
2.85032007638
2.67199543217
2.49467319177
2.31882432385
2.14499347464
1.97378001477
1.80585442929
1.6419109122
1.48272714131
1.32907240344
1.18178298864
1.04166415666
0.909546024062
0.785770817785
0.67105741289
0.564789378028
0.466948861517
0.372985760739
0.291076525366
0.193349073472
0.154567681723
-0.0596246497135
0.845043960744
-0.580372249851
-2.45206206473
9.62267418476
2.53516174835
3.41412224279
3.10966799375
2.91291957047
2.86314930616
2.88738323995
2.95881218244
3.06669073489
3.20231292223
3.35826312339
3.52876687634
3.70929480787
3.89612690098
4.08609230337
4.27641978378
4.46464440473
4.64854988197
4.82613476259
4.99559340034
5.1553051562
5.30382811749
5.43989506234
5.56241060013
5.67044879647
5.76325063355
5.84022195188
5.90092884739
5.94509797128
5.97260091666
5.98347907076
5.97787815306
5.9563152714
5.91937232608
5.86735910741
5.80085617581
5.72061586681
5.62749345761
5.52241445722
5.40635425034
5.2803209108
5.14534262965
5.00245836177
4.85270674412
4.69711067312
4.53665877934
4.37228607526
4.20485566753
4.03514332892
3.86382758695
3.69148705909
3.51860529615
3.3455865265
3.17277454823
3.0004791848
2.82900343436
2.65865922464
2.48980749805
2.32283422247
2.15819333998
1.99636222751
1.83789872786
1.68333304313
1.53325898133
1.38834498629
1.24908775401
1.11606839091
0.98996896598
0.870119555613
0.756778544861
0.648765446348
0.544274353267
0.439014294402
0.338746152009
0.222014138078
0.138614752345
-0.0512768922575
0.91830521219
-0.719785777687
-2.54769273199
11.4032335366
2.51760432278
3.87791478011
3.34021833936
3.14140887754
3.07726934995
3.08847663319
3.1509197535
3.25106512183
3.37850820343
3.52520046611
3.68523733741
3.85418432372
4.02853544077
4.20538866921
4.38224857086
4.55690468923
4.72736080041
4.89179715083
5.0485521595
5.19611512522
5.33312442117
5.45836832343
5.57078657088
5.66947198213
5.75367117643
5.82278526878
5.87636732053
5.9141247675
5.93590259854
5.94171598455
5.9316667786
5.90632407246
5.86626802918
5.81179345615
5.74343135833
5.66188000309
5.56793175828
5.46244944854
5.34636128348
5.22065179112
5.08634800753
4.94450449032
4.79618693742
4.64245313053
4.48433168975
4.32280002568
4.15876359989
3.99303740355
3.82633302684
3.65925274498
3.49228916205
3.32584211621
3.16023437325
2.99574065659
2.83261953245
2.67111702054
2.51153383519
2.35415810742
2.19936233582
2.04748816128
1.89897797875
1.75425681551
1.61356601777
1.47783250704
1.34687761944
1.22074922676
1.10034131943
0.983707858911
0.869467567919
0.755139553057
0.636993178706
0.511322615533
0.380871227581
0.23285807895
0.0915286238637
-0.0121408849322
0.891042734645
-0.92157323583
-2.55720057021
13.1363340519
2.38894533887
4.37376214514
3.55746289594
3.38322190927
3.30066766649
3.30135112343
3.35639003934
3.44931714082
3.56849500537
3.7054083098
3.85414615255
4.01047659568
4.17119267817
4.33372229974
4.49588774424
4.65576162832
4.81158832393
4.96174551727
5.10472908436
5.23915040589
5.36373976015
5.47735193274
5.57897224997
5.66772178515
5.74286146205
5.8037950952
5.85007015246
5.8813811707
5.8975596713
5.89860184601
5.88460658131
5.85612321299
5.81361699791
5.75733648699
5.68778251036
5.60563434306
5.51166172064
5.40669801284
5.29163973763
5.16744235055
5.0351095772
4.8956807045
4.750216106
4.59977921641
4.44541469467
4.28812376337
4.12884055728
3.96840938157
3.80756852113
3.64694222179
3.4870316449
3.32823648388
3.1708627948
3.01515672856
2.86134257866
2.70960091346
2.5601972487
2.4133196017
2.26927524102
2.12830729259
1.99068655402
1.8570630691
1.72669379092
1.60122177561
1.48048632419
1.36292213368
1.24922974721
1.13607933333
1.01933608471
0.893643593823
0.753917962872
0.598088557415
0.428511408494
0.240043476618
0.0556620728948
0.0491135579726
0.707740879496
-1.1354592533
-2.48516185466
14.7763115287
2.17589465952
4.90909198402
3.75594949905
3.63567692036
3.52881436023
3.522718422
3.57160218874
3.65770724291
3.76847669562
3.89506204804
4.03170327184
4.17448844709
4.32059100865
4.46782077794
4.61434782139
4.75854431756
4.89890402983
5.03400726118
5.16251100618
5.28315226494
5.39475678297
5.49624957736
5.58666505247
5.66515562419
5.73099897508
5.78360310098
5.82251081254
5.84740305263
5.85809921692
5.85458375668
5.83698438497
5.80583169243
5.76146737104
5.7041207328
5.63425893374
5.55251531059
5.45960854441
5.35632214371
5.24350705389
5.12207866657
4.99300689048
4.85730440521
4.71601372859
4.57019060814
4.42088312685
4.26910512315
4.11581150622
3.9618706329
3.80804513164
3.65498449046
3.50319962166
3.35309760681
3.20497278357
3.05904813293
2.91553244633
2.77455384563
2.63635676321
2.50107519258
2.36896545384
2.240383748
2.11498216702
1.99434757858
1.87775583685
1.76559640878
1.65832982646
1.55338521887
1.44901566037
1.33951690986
1.21774641003
1.07576667203
0.908723098046
0.718293228145
0.509743853239
0.282311362907
0.0708061868371
0.0793199420802
0.346718380616
-1.29693120177
-2.33995933322
16.2900946291
1.90960098295
5.48287792458
3.92881089111
3.89690077895
3.75779676423
3.74973251386
3.7932195635
3.87288895883
3.97511952324
4.09089473833
4.21478081936
4.34329295945
4.47405482573
4.60529793797
4.7355593363
4.86351811015
4.98791921761
5.10754493351
5.22121245751
5.32778380576
5.42618019051
5.51539717922
5.59451888662
5.66272955723
5.71932427816
5.76371485696
5.79544059066
5.81416159312
5.81968880005
5.81193713289
5.79115408876
5.75791057369
5.71228238194
5.65452743288
5.58511023561
5.504618048
5.41371009115
5.31311117739
5.20361619081
5.08608742471
4.96144633272
4.83066407937
4.69475087827
4.55474106401
4.4116745041
4.2665672393
4.12038865465
3.97402770837
3.82827012283
3.68379918075
3.54113972313
3.40071802655
3.26282709209
3.12768661926
2.99548160244
2.86637129389
2.74056981794
2.61834708113
2.49959692778
2.38566038371
2.27621445441
2.17199412981
2.07340945734
1.97990269842
1.89095179741
1.80304565426
1.71105943011
1.60590775022
1.4776380068
1.31792676152
1.12489678772
0.90427236583
0.659448941772
0.38293929305
0.111902772084
-0.00255665254641
-0.133964992297
-1.33256061282
-2.13212752641
17.6566525401
1.62080810866
6.0867488855
4.07052117878
4.16617436047
3.98409825064
3.97989821115
4.01817978401
4.09188573538
4.18549032973
4.29009637947
4.4007579191
4.51450267098
4.62945930676
4.74430818889
4.85796320222
4.96941198213
5.07764861329
5.18165415193
5.28040278717
5.37287885512
5.45809652373
5.53511990886
5.60308101964
5.66119456301
5.70877173478
5.74522775589
5.77009745077
5.78302147135
5.78380141784
5.77229587375
5.74887820433
5.71410425342
5.66784637513
5.61035789244
5.54210767519
5.46364789005
5.37558239899
5.27857668685
5.17336521937
5.06074884047
4.9415890492
4.81680209729
4.68735228795
4.55423890338
4.41848333137
4.28109402683
4.1430506176
4.00526091649
3.8685344782
3.73360011444
3.60100124917
3.4712079691
3.34450270574
3.22118096591
3.10131528871
2.98544260288
2.87336103592
2.76636727688
2.66449694908
2.56828518553
2.47862809401
2.39583942174
2.32058540253
2.25210807255
2.18811481675
2.12245490223
2.04585187651
1.94601565686
1.8116306759
1.63547596949
1.41665186944
1.15616190739
0.844394866444
0.468534973609
0.0791552208616
-0.216986199042
-0.569114943943
-1.22233432464
-1.8729196532
18.8653808427
1.33664624554
6.70729332623
4.17854961613
4.44336152305
4.20433299099
4.21102183084
4.24365097067
4.31201664026
4.3969517215
4.49018167593
4.58735417456
4.68607179055
4.78500812651
4.88330778315
4.98026533219
5.07517589768
5.16727990428
5.25575352406
5.33972443688
5.41829547994
5.49056983249
5.55567642529
5.61279181659
5.66115837528
5.70010121341
5.7290384731
5.74750019782
5.75511453879
5.75167580307
5.73701954889
5.71162096762
5.67591634463
5.62968286812
5.57313913961
5.50674960591
5.43104163588
5.34657414464
5.25395970617
5.15387496894
5.04705749591
4.93430245103
4.81646085816
4.69443911185
4.56918747116
4.44169980189
4.31296628225
4.1839752156
4.05565400133
3.92883592079
3.80431712796
3.68266131669
3.56442782905
3.44981912271
3.33955074751
3.23309565054
3.13228620714
3.03714598349
2.94782098862
2.86566396992
2.79114202534
2.72586779696
2.67079785743
2.62642230761
2.59056571021
2.55765442305
2.51705756387
2.45461170254
2.35453053018
2.2030274506
1.98988367509
1.70795152841
1.34975661781
0.908737259429
0.408156047913
-0.060684750196
-0.419211444295
-0.741657597391
-1.00721217344
-1.5733991385
19.9139517338
1.07887799778
7.32859239831
4.25384010209
4.72805091108
4.41523648602
4.44123710655
4.4670153437
4.53086928777
4.60711909886
4.68892991254
4.77254580754
4.85619270881
4.93911452497
5.02092640705
5.10130416828
5.17984937859
5.25604654857
5.32926401499
5.39877930301
5.46380889364
5.52353925092
5.57715893477
5.62388412816
5.662981013
5.69378548175
5.71571769094
5.72830326413
5.73116767911
5.72409959143
5.70694503322
5.68020177281
5.64416504592
5.59858021743
5.54364340968
5.47980629775
5.40756690373
5.32743783544
5.23997792559
5.14580614699
5.0455967376
4.940077094
4.83002806175
4.71629202855
4.59975766643
4.48138712014
4.36214260145
4.24301974596
4.12497048761
4.00886829599
3.89558367006
3.78569739096
3.68006053322
3.57846121619
3.48266050635
3.39251869369
3.30872864406
3.23226709313
3.16338020236
3.10421967033
3.056409276
3.022284234
3.00278873606
2.99675622863
2.998181441
2.99548802142
2.97079238776
2.90238670689
2.76742643923
2.54527280721
2.22020061336
1.78567149528
1.2516288068
0.658328394697
0.0932364318428
-0.335702676121
-0.605392959808
-0.7837968683
-0.874607122291
-1.24384763116
20.8061721061
0.863340743626
7.93447018779
4.30042934661
5.01886067212
4.61388816545
4.66899193641
4.68583968449
4.74627640246
4.81382499001
4.88433757949
4.9545043754
5.02322596741
5.09032747493
5.1558944728
5.21998403147
5.28250399771
5.34318175348
5.40157515358
5.4571074005
5.50910160277
5.55681992661
5.5995039276
5.63640343902
5.66680396615
5.69004807138
5.70555574652
5.71284627931
5.71154942702
5.70145697902
5.68248277936
5.65505203763
5.61930421331
5.57499637743
5.52231893538
5.46170497692
5.39362032141
5.31853331715
5.23694886969
5.14942565178
5.05657105626
4.9590424398
4.8575454931
4.75285683037
4.64579416604
4.53728710725
4.42826204986
4.31973393774
4.2126627567
4.1080193828
4.00678686318
3.90953988928
3.81762792943
3.73141016625
3.65185777095
3.57917633767
3.51406648158
3.45816066399
3.41312062493
3.38211695671
3.36771541156
3.372083244
3.39411295014
3.42777647779
3.45913984397
3.4660888016
3.41901979454
3.28498410104
3.03284656499
2.64072328479
2.10557019121
1.45453779261
0.752611701663
0.0989051610371
-0.399721426855
-0.690124774461
-0.825163686791
-0.882285507389
-0.908130745999
-0.893484150533
21.5500450651
0.700189891106
8.510167565
4.3245679492
5.31309934534
4.79802411087
4.89295604789
4.89786246823
4.95630767763
5.01509951456
5.0745938729
5.131565094
5.18566692689
5.23729928495
5.28701524116
5.33525354441
5.38222920354
5.42791124708
5.47204424522
5.51419090808
5.55377103996
5.59011314179
5.62250453928
5.65022245868
5.67256773663
5.68888512728
5.69859257181
5.70119390952
5.69632321308
5.68374799496
5.66351513619
5.63604195767
5.60121238068
5.55884844045
5.50913998847
5.45246799378
5.38924486331
5.31989468556
5.24487408942
5.16468618392
5.07987090321
4.99101538738
4.89874624298
4.80377507852
4.70683533753
4.60883957972
4.5106676059
4.41338035575
4.31788577918
4.225543454
4.13722634839
4.05439751791
3.97807518002
3.90812758952
3.84565855778
3.79132825691
3.74684654204
3.71494261843
3.69870557135
3.70202798798
3.72718338962
3.77369623447
3.83452091279
3.89371809794
3.92413759479
3.88899329503
3.74610453997
3.4567783082
2.99717464031
2.37186757568
1.62531345499
0.843925967485
0.139329515208
-0.38897595561
-0.699360952682
-0.831317513284
-0.86286865641
-0.823889631569
-0.711260216079
-0.530345767548
22.1561908671
0.594614123972
9.04339237602
4.33367969119
5.60679654767
4.96629372078
5.11186421494
5.10101425267
5.15926157197
5.20915619106
5.25806574061
5.30220928694
5.34213004731
5.37877355966
5.41315789599
5.44610458931
5.47813633531
5.50946175971
5.54000809461
5.56946813248
5.59734488996
5.62302340927
5.64582977726
5.66506343281
5.68003773791
5.69009737731
5.69465839204
5.69320283976
5.68537520308
5.67083506681
5.64989127561
5.62301976775
5.58972543801
5.549936221
5.50387154168
5.45184480956
5.39418758139
5.33126400121
5.26347471786
5.19126856505
5.11511975203
5.03554842294
4.95309285832
4.86841331336
4.78215758171
4.69521518589
4.6084176207
4.52307306705
4.43972786293
4.36088857971
4.28748557172
4.21990949832
4.15952684553
4.10630699917
4.06182787499
4.02779284259
4.00715573628
4.00380966653
4.02168463314
4.06400398637
4.12999387707
4.21226854266
4.29256852994
4.34006475738
4.3119211243
4.1595717761
3.83945125051
3.32823400361
2.63793532026
1.82579817389
0.99057194393
0.249340720751
-0.302359165126
-0.629931131318
-0.772686166682
-0.808330214166
-0.77981506275
-0.670662824076
-0.495942105533
-0.161314004167
22.636603594
0.547762668477
9.5248055729
4.33539456919
5.89500926228
5.1183731823
5.32435118612
5.29347460975
5.35364831918
5.3943841585
5.43329081535
5.4650568421
5.49134543121
5.51358548923
5.53326254854
5.55158098911
5.56937013148
5.58707426144
5.60479752494
5.6223484459
5.63929730313
5.65507723219
5.66904729251
5.68052554194
5.68883633624
5.69332492855
5.69340650213
5.68855961964
5.67843133908
5.66267899857
5.64174809149
5.61601622699
5.58486820307
5.54824128166
5.50638764097
5.45958728866
5.40809842523
5.35221622263
5.29226695253
5.2286340571
5.16171049274
5.09195795958
5.0198274752
4.94590445821
4.87077993872
4.79539094419
4.72045046158
4.64774946644
4.57833884412
4.51392972131
4.45559471088
4.40364240285
4.35951370448
4.32396575412
4.29933882925
4.28852967079
4.29564556862
4.32520375424
4.38043093088
4.46103307927
4.55890911713
4.65474512662
4.7149392663
4.69308581424
4.5363005001
4.19829614304
3.65603164517
2.92603941925
2.0723267766
1.19900377513
0.423958694881
-0.159758447656
-0.517533875975
-0.681751331362
-0.726580652174
-0.716887016071
-0.661851042234
-0.533040497881
-0.370075035309
0.207811926637
23.0037447023
0.557710921997
9.94807620702
4.33679008957
6.17227852942
5.25491608418
5.5288335539
5.47374652869
5.5381573906
5.56934758614
5.59897253132
5.61886359485
5.63216044376
5.640667079
5.64634875865
5.6507893626
5.65512063783
5.66001697151
5.66575102248
5.67222714564
5.67906695456
5.68574686897
5.69165439628
5.69612412585
5.6984896994
5.69809767255
5.69437050344
5.68680031042
5.67504961882
5.65881547667
5.63859136666
5.61461320295
5.58624807998
5.55340877202
5.51634610634
5.47531684569
5.4305268037
5.38221821686
5.33062855704
5.27607758511
5.21886953086
5.15937481887
5.09797808289
5.03516761397
4.97166736398
4.90823598862
4.84630391186
4.78725880893
4.73202360888
4.68229953787
4.63909078848
4.60321738473
4.57636323513
4.56016837696
4.55789927274
4.57356625596
4.61183792807
4.67634182629
4.76677425432
4.87529407413
4.98194320444
5.05224040547
5.03780770845
4.88362936968
4.54131283534
3.9870634399
3.23791964857
2.35913678757
1.45515730592
0.642934057713
0.0150332802181
-0.390609641335
-0.597418690532
-0.669287001436
-0.674488444021
-0.651038517121
-0.590256232481
-0.46693418909
-0.326918465773
0.572156807268
23.2698827005
0.620366918597
10.309645693
4.34389958954
6.43312150884
5.37737062475
5.7234715993
5.64071885582
5.71161377544
5.73279251257
5.75397439084
5.76252121186
5.76354349724
5.75905350968
5.7515244237
5.74290875992
5.73463336522
5.72759589237
5.72222557533
5.71849724458
5.71607217626
5.71446937847
5.71310084606
5.71131592805
5.70845251743
5.7038593504
5.69697251879
5.68732144861
5.67461637998
5.65864478476
5.63976814111
5.6181424308
5.59316982881
5.5647390466
5.53307086842
5.49837936696
5.46080260895
5.4205563672
5.37779716031
5.33275215058
5.2856479231
5.23674015214
5.18656356116
5.13506869242
5.08385339386
5.03344607996
4.98460520202
4.93922968493
4.89827052358
4.86348854002
4.83602904804
4.81719322745
4.80907990944
4.81429849651
4.83700134491
4.88173231242
4.95225898749
5.04869127445
5.16347990665
5.27728936297
5.35575139808
5.35045738107
5.20543792393
4.87082111249
4.32052485138
3.56894344116
2.6781849363
1.74967244816
0.898649894452
0.219497288665
-0.243238051656
-0.502809748595
-0.613134971922
-0.638335156318
-0.62674603931
-0.596777950579
-0.535318993817
-0.423591364354
-0.303054574621
0.927601039798
23.4466699251
0.730288781017
10.6083379269
4.3614748919
6.67246423923
5.48770775581
5.90621051077
5.79368997081
5.87293382624
5.88365895679
5.89731120396
5.89505918566
5.88458759201
5.86788916507
5.84799306991
5.82719820135
5.80721685105
5.78916261348
5.77360403869
5.7605582183
5.74972258489
5.74066049048
5.7328042692
5.72551539732
5.71812679772
5.70998900114
5.70055286327
5.68942183454
5.67634092427
5.66121784267
5.64437964605
5.62579797312
5.60490435367
5.58152678681
5.55583285153
5.52801010035
5.49814198854
5.46638973381
5.43284283211
5.39764220938
5.36109805685
5.32292768167
5.2843331777
5.24520017331
5.20621241652
5.16856574957
5.13295817524
5.10136615363
5.07505980144
5.05585219899
5.04506689219
5.04447700864
5.05676103875
5.08543285132
5.13501779055
5.20923013244
5.30854495547
5.42625838874
5.54412007629
5.62925942998
5.63432116635
5.50373928543
5.18634354557
4.6529384514
3.91279122399
3.02187914308
2.07599609773
1.18782132499
0.454481196552
-0.0708093936961
-0.389492607678
-0.54551148684
-0.598572273374
-0.599449936975
-0.578404708396
-0.543351844611
-0.481921937438
-0.380024749721
-0.273702084944
1.27057867002
23.5449197982
0.881400787805
10.8448698372
4.39291957647
6.88594107846
5.58811147356
6.07488700519
5.93234558131
6.02109833134
6.02109448522
6.0281391732
6.01564848041
5.99451275705
5.9664322107
5.93505909632
5.90300166456
5.87224805918
5.84411925485
5.81929957476
5.7978221329
5.77942735623
5.76372336516
5.75015975607
5.73810577117
5.72687499118
5.71581720903
5.70442570693
5.69242885758
5.67941718162
5.66567651779
5.65162311154
5.63679333972
5.6206762296
5.60301153516
5.58387348368
5.56339422531
5.54163387845
5.51873782154
5.49486762095
5.46966330601
5.44392053566
5.417357182
5.39027282048
5.36316104644
5.33649320781
5.31151273188
5.28933185844
5.2719924847
5.26097812198
5.25812608907
5.26501941505
5.28396155071
5.31820925996
5.37168220384
5.4480857667
5.54817824683
5.66624888632
5.7857904353
5.87610728001
5.89213744032
5.77952675906
5.48642521357
4.97996467981
4.26291621482
3.38291832536
2.42814897558
1.50740976941
0.720349298848
0.129396457518
-0.253919758823
-0.462285366816
-0.550357153338
-0.570318357062
-0.557841601837
-0.530797689101
-0.492188305461
-0.431373194612
-0.336867072456
-0.240251992782
1.59801317651
23.5745989882
1.06753895382
11.0212348319
4.44029442068
7.07005982928
5.68070940328
6.227394556
6.05670361009
6.15515363655
6.14446162308
6.1457450921
6.12360431884
6.09266495545
6.05405649811
6.01212948302
5.96975041654
5.92917554562
5.89192152973
5.85875895616
5.82971953908
5.80460194913
5.78305595114
5.76455012629
5.74845205813
5.73403207411
5.72064857036
5.70792782575
5.69571402238
5.6835870868
5.67192885627
5.66112467863
5.65061211752
5.63983550402
5.62839532711
5.61627774285
5.60355599591
5.59044748708
5.57654747202
5.56255702447
5.54807833289
5.53307959566
5.51780491501
5.50229758755
5.48702837098
5.47267293076
5.46060410117
5.45228352569
5.44979783236
5.45476595077
5.46908258373
5.49467114238
5.53429741304
5.59141615483
5.66928528102
5.76896806487
5.88575617146
6.00515334183
6.09930645977
6.12614742339
6.03351481921
5.76938864595
5.29739364709
4.61303998182
3.75433830527
2.80012717133
1.85382784976
1.01648534884
0.359278833324
-0.0929589275829
-0.360254694446
-0.490280703252
-0.535470391829
-0.536176634541
-0.515794443087
-0.484649098369
-0.443676358784
-0.383834346772
-0.294942763231
-0.20499711551
1.90719074805
23.5447800413
1.28271585733
11.1400715744
4.50449086096
7.22236206712
5.76743302596
6.36189003434
6.16703448596
6.27423400832
6.25332757604
6.24953498294
6.21838465931
6.17851159294
6.13025073818
6.0787131746
6.02696423889
5.9775230714
5.93208408274
5.89147227786
5.85571471978
5.82468623703
5.79807407965
5.77537477881
5.75593144093
5.73894929585
5.72387446909
5.71056995036
5.69885977199
5.68820726442
5.67918996908
5.67244917066
5.66685433098
5.66180384964
5.65699955319
5.65232169677
5.64744550546
5.64320478236
5.63900489529
5.63477615005
5.63078383466
5.62668807522
5.62259700291
5.61855406362
5.61513419375
5.61325528388
5.6144923745
5.62055840175
5.63354751246
5.65518823864
5.68747319232
5.73260867279
5.7934584743
5.87281644073
5.97170853929
6.08642319354
6.20452309574
6.30130763613
6.33832983388
6.26630146119
6.03384974568
5.60149512698
4.95751568196
4.12955149424
3.18585811053
2.22279351034
1.34117044559
0.619661782045
0.0960603987638
-0.236092078392
-0.415352752417
-0.492130945862
-0.510572023657
-0.499655838849
-0.47408753999
-0.439861241677
-0.397175303063
-0.338270221293
-0.253610344458
-0.168348574646
2.19493132973
23.4630575028
1.52152460911
11.2047520973
4.58589830705
7.3416548985
5.84995197501
6.47694732472
6.26373651488
6.37758172446
6.34743012606
6.33902483625
6.29958593524
6.25163862835
6.19462064194
6.13442461148
6.07425883383
6.01690030171
5.96419595662
5.91699834067
5.87534227539
5.83918918627
5.80826149088
5.78209089694
5.75995957395
5.74103528614
5.725018739
5.71204491638
5.70157191722
5.69299174921
5.68684995782
5.6848295683
5.68494649943
5.68580006118
5.68765510398
5.69067779551
5.69424208912
5.6986522336
5.70400836427
5.70991158749
5.71644331462
5.72316126532
5.7301491972
5.73752390725
5.74607128672
5.7569585709
5.77196262164
5.79297060803
5.82205840271
5.86102351761
5.91189299894
5.97685008067
6.0581261609
6.15657469736
6.26917235891
6.38548585579
6.48402193438
6.53029706016
6.47854080923
6.2787808483
5.88925432655
5.29143069815
4.5025097008
3.57926099747
2.60943252615
1.69161470407
0.910190583613
0.314931312576
-0.0866750123109
-0.32231630957
-0.437857743031
-0.479267420683
-0.480884567502
-0.462537431308
-0.433211001444
-0.39647281705
-0.352332240797
-0.29399370052
-0.212240053881
-0.130063468023
2.45482316572
23.3346758872
1.78123538196
11.2208154222
4.68525034889
7.42790048649
5.92940598281
6.57153898175
6.34716665182
6.46456259406
6.42663367856
6.41384391382
6.36694284573
6.31175763077
6.2469002705
6.1789983788
6.11136446679
6.04702309181
5.9879431472
5.93499399853
5.8882439062
5.84772931217
5.81319869924
5.78420613024
5.75996447901
5.73973350025
5.72353197633
5.71137406959
5.70212609668
5.69656963801
5.6946630878
5.69751809732
5.70326113017
5.71052650587
5.7192795833
5.72983852134
5.74192782136
5.75554962768
5.77060495787
5.78667214835
5.80364379765
5.8210381661
5.83901710558
5.85785276306
5.87857977481
5.90261493951
5.93190407528
5.96842408458
6.01418139688
6.07092231563
6.14045558536
6.22434178972
6.32312526948
6.43422274755
6.54888015662
6.64871301883
6.70329853344
6.67083928176
6.5035544011
6.15832845149
5.6107002995
4.86777395282
3.9744329294
3.00843869524
2.0641186574
1.22936827431
0.564430276942
0.090540151022
-0.207815965837
-0.369660251671
-0.440436957033
-0.458542926361
-0.449322461928
-0.425888595893
-0.393606085917
-0.354672158901
-0.309076914436
-0.250693197118
-0.170424744191
-0.0897514257567
2.67357578711
23.1658208033
2.0654845337
11.1957386527
4.80286800372
7.48123985706
6.00592596035
6.64492826083
6.41751508466
6.5347040632
6.4908992477
6.47375377911
6.420330913
6.35871549389
6.2869596237
6.21229677096
6.13813233043
6.06771400326
6.00309918687
5.9451857751
5.89411025101
5.84994580408
5.81243897959
5.78112900951
5.75522373471
5.73422172271
5.71821115899
5.70645138468
5.6979018394
5.69750809129
5.70173602022
5.70963656968
5.72057007061
5.73408339041
5.75027459962
5.76896327063
5.78983052352
5.81282695866
5.83760752577
5.86372557786
5.89097229336
5.91892842839
5.94787963959
5.97832170589
6.01154775896
6.04919838631
6.09332051129
6.14586737028
6.20865413224
6.28312136639
6.37038016593
6.47051046323
6.58114156358
6.69483858267
6.7959790486
6.85812418911
6.84369604382
6.7077981663
6.40699875541
5.91199956302
5.22059870569
4.36577963172
3.41430594223
2.454257997
1.57467260952
0.844285402436
0.297323518776
-0.0687725807101
-0.284185122219
-0.391493165058
-0.431365371441
-0.4340597614
-0.417601237855
-0.39043337818
-0.355673883519
-0.314708468378
-0.267486494269
-0.208240485404
-0.127820178286
-0.0468548189826
2.8326988979
22.9801741935
2.3775938555
11.1306874789
4.93630045222
7.50129190157
6.07868074552
6.69671678902
6.47480215983
6.58774754561
6.54025917231
6.51865300834
6.45973901199
6.39246507895
6.31475919411
6.23425477697
6.15446844091
6.07882573409
6.00943694527
5.94725108724
5.89249626278
5.84526818138
5.8052833587
5.77203898568
5.74484828055
5.72334381084
5.70761396221
5.6970638939
5.69246100042
5.69613071023
5.70512727546
5.71854925161
5.73571902009
5.75620508921
5.78020357856
5.80724540961
5.83700604306
5.86931542348
5.90370794348
5.9397236952
5.97710241816
6.01557103933
6.05557994072
6.0978916478
6.14403738656
6.19581691517
6.25526495223
6.32414605956
6.40385430772
6.49510685327
6.59763516273
6.70903968621
6.82285780974
6.92578511015
6.9950561723
6.99738072095
6.8912751684
6.63400606456
6.1926942625
5.55690612019
4.74814185349
3.82150895651
2.85710880798
1.94269304828
1.15320636204
0.534563284802
0.0973781493892
-0.178095080542
-0.329317200456
-0.397250398685
-0.415964506882
-0.408342191246
-0.386849045009
-0.356780620842
-0.319869622085
-0.276982244516
-0.227885541778
-0.166749438649
-0.0841123729778
-0.000548839037076
2.92815923537
22.8300460207
2.68744519908
11.0169150542
5.08156361333
7.48899751754
6.14655640683
6.7270378316
6.51890788202
6.62366497299
6.57476191818
6.54853242502
6.4851855351
6.41297536518
6.33024053968
6.24476196467
6.16020848701
6.08012178854
6.00663895478
5.94078773745
5.88285818422
5.83306015831
5.79107984977
5.75640496672
5.72865345912
5.70750321603
5.69277114562
5.68453091026
5.68412800071
5.69157580299
5.70561617386
5.72483165701
5.74859324189
5.77642247612
5.80831865782
5.843711314
5.88232400516
5.92381695969
5.96767320391
6.01344039729
6.06087074904
6.10989593713
6.16116564041
6.21571576059
6.27525556524
6.34163255823
6.41669984588
6.50179184096
6.59752556183
6.70332989075
6.81676124166
6.93197306106
7.03752382029
7.11386830676
7.13184396049
7.0537343916
6.83840316987
6.45069652954
5.87324730872
5.11683225308
4.22466369637
3.2674346802
2.32930651122
1.48894925227
0.802218550561
0.292533497152
-0.0483013346003
-0.250582684496
-0.353462219408
-0.393403585184
-0.397658354617
-0.383017424485
-0.35790184876
-0.325508011045
-0.286717000965
-0.242072167953
-0.190957169524
-0.126754890753
-0.039092524522
0.0503934826091
2.98594754108
22.7283729598
2.94189486861
10.8738245264
5.23063892113
7.45069757393
6.20697483928
6.73717049203
6.54935696037
6.64272945492
6.59437901144
6.56344224879
6.4966586489
6.4202087485
6.33332516404
6.24370198045
6.15519986256
6.07142153665
5.99453768032
5.92572962035
5.86541231252
5.81369090769
5.77027517429
5.73482819246
5.70713425849
5.6870246434
5.67419702012
5.6691646328
5.67309357086
5.68475219431
5.70372820466
5.72860527342
5.75888785992
5.79401446481
5.83372023959
5.87739484857
5.92473731515
5.97525709071
6.02843011037
6.08383814901
6.14132011857
6.2010479605
6.26388352669
6.33109668656
6.40446925221
6.48573061808
6.57631548262
6.67679728527
6.78654891586
6.90306534837
7.02095104452
7.1301580295
7.21385914715
7.24667709741
7.19478971096
7.01939849801
6.68432744101
6.16670636133
5.46764530963
4.61861310727
3.67985188698
2.72983330958
1.84842202329
1.09930951602
0.517813539074
0.10785678497
-0.15196968138
-0.296901397146
-0.364100786309
-0.384342884438
-0.378702693677
-0.359235177433
-0.331508182191
-0.297298906657
-0.256947786266
-0.210910889978
-0.158085124877
-0.089779987904
0.00698129219852
0.107835415933
3.0396696425
22.6145924856
3.15745229187
10.7275711308
5.360318163
7.3981263375
6.25357395225
6.73064228565
6.56478675071
6.64577855205
6.59896301417
6.56361340686
6.49424911453
6.4143279714
6.32417860461
6.23126660484
6.13964783933
6.05296190475
5.97346016372
5.90242738084
5.84042085215
5.78746253365
5.74330993398
5.70775991036
5.68071715685
5.6620596776
5.65167843606
5.65027505216
5.65862751259
5.67480136337
5.6986878849
5.72926923048
5.7660031798
5.80828008807
5.8556460154
5.90747163324
5.96336351648
6.02273566496
6.08509226271
6.15008663194
6.21770594842
6.28836965453
6.36313055562
6.4434026404
6.53088473562
6.62696147309
6.73234182693
6.84642998071
6.96682948316
7.08847478112
7.20239938062
7.29395632541
7.3411122962
7.31384796611
7.17622430924
6.892178337
6.43479997548
5.79681879963
4.99848046039
4.08893835029
3.1391799937
2.22778782726
1.42394985641
0.773489665657
0.29246507544
-0.0303417759841
-0.224267342582
-0.325304521452
-0.366567527031
-0.373040770587
-0.360620563745
-0.337843662727
-0.308331784702
-0.272860352618
-0.231328858986
-0.184437427882
-0.1310570246
-0.0587002156452
0.052792765332
0.174915712088
3.09656455815
22.4674172236
3.35538179114
10.5715076331
5.4709516573
7.3341387488
6.28333821007
6.70973998107
6.56417610705
6.63361103733
6.58842920649
6.5493658409
6.47813109044
6.39559951588
6.30308003617
6.20778530795
6.11392758036
6.0251695594
5.94383812511
5.87130730361
5.80820296591
5.75460807184
5.71035528573
5.67531432666
5.64943264667
5.63266642682
5.62512587856
5.6275559247
5.64017130061
5.66097906122
5.68987584722
5.72622931842
5.76935047864
5.81862582295
5.87347432982
5.93325673406
5.9974802901
6.06552928151
6.13696672957
6.21155786258
6.28947194884
6.37135019844
6.45837273212
6.55195601703
6.65350739691
6.76378073798
6.88239519665
7.00714104705
7.13334745203
7.25288688009
7.35286957383
7.41408854049
7.41008153624
7.30804970346
7.07299050381
6.67537523693
6.10098250556
5.3596827863
4.48931445397
3.551946521
2.62256609357
1.77338664305
1.05894702388
0.506914009632
0.117087813574
-0.13222896056
-0.273924877343
-0.341988259521
-0.364626603035
-0.361539277529
-0.344498579529
-0.319530210085
-0.28902571349
-0.253069135035
-0.211000673571
-0.164005866412
-0.112598193879
-0.0397757361937
0.0924165447421
0.256050155754
3.15642593335
22.2832877367
3.54255152025
10.4039432603
5.56327314378
7.25978446572
6.295677867
6.6752623183
6.54766266186
6.6068106446
6.56321419694
6.52122379079
6.44878713976
6.3644933534
6.27046056229
6.17365143234
6.07839369027
5.9883642712
5.90595883201
5.8326245719
5.76906621323
5.71545149214
5.67170514308
5.63774275836
5.61350576067
5.59900877533
5.59457242556
5.60086217961
5.61744912968
5.64296903104
5.67703941785
5.7191121062
5.76849793288
5.82457533855
5.88668755607
5.95418803052
6.02651660084
6.1030853406
6.18354323048
6.26779729301
6.35619818459
6.44954721785
6.54904138446
6.65590749672
6.77100330698
6.89412095989
7.02340349178
7.15460732686
7.28038585459
7.38925522628
7.46437468067
7.48246208983
7.41393739553
7.22557143675
6.88651839608
6.37710237771
5.69792880999
4.87569489747
3.96251524728
3.02771650388
2.14404672289
1.37265821469
0.751801412317
0.292607654954
-0.0175787152037
-0.2066664259
-0.307841781722
-0.351517908156
-0.360928484544
-0.351265882666
-0.331133917429
-0.304820157353
-0.274066721739
-0.238642640919
-0.197076203618
-0.150510647858
-0.103711558069
-0.0399347707911
0.111625332517
0.354000962184
3.21828445602
22.0629469613
3.720384753
10.2249575414
5.6382294404
7.17522377086
6.29117572577
6.62746610775
6.5157783075
6.5658247566
6.52384722938
6.47970353124
6.4067417485
6.32152078073
6.22681649062
6.12934212069
6.03350332227
5.94297996337
5.8602265918
5.78675796965
5.72335657318
5.67029486265
5.62759790156
5.59521856849
5.57307174735
5.56120110982
5.56007981995
5.5702781315
5.59080458089
5.62093098538
5.66004834375
5.70767348791
5.76311964337
5.82574720033
5.89486536597
5.96982547982
6.05004502394
6.13500536637
6.22446159002
6.31847024457
6.41752568188
6.52248979798
6.63441916891
6.75411477194
6.88159012186
7.0153296703
7.15164120895
7.28391846012
7.40190539061
7.49071518485
7.52985502996
7.49285545556
7.34874980252
7.06649026492
6.62242942033
6.0092115152
5.24292857823
4.36512481031
3.4377181858
2.5315824737
1.71217086223
1.02684732585
0.497868354065
0.122611078317
-0.12014862567
-0.261026828376
-0.331333039217
-0.357225271355
-0.357354633899
-0.343249719517
-0.321145227395
-0.294136166536
-0.263749489458
-0.230028918629
-0.1908652129
-0.14581567938
-0.104838274958
-0.066403068636
0.0716730755322
0.430057867787
3.28160558838
21.8072087654
3.88923790031
10.0351443512
5.69649160761
7.08072648583
6.27048849142
6.56669739553
6.46911176421
6.51116537978
6.47091127396
6.42537448038
6.35256667674
6.26723523471
6.17267962119
6.07536272325
5.97973404053
5.88946511239
5.8070600449
5.73409667732
5.67143567576
5.61944968596
5.57826394006
5.5478822193
5.52821725508
5.51933022091
5.52175107759
5.53587810946
5.560245062
5.59476356167
5.63872887937
5.69168381463
5.7529335895
5.82183112561
5.89767987398
5.97984392457
6.06776240631
6.16101141477
6.2594589694
6.36328957895
6.47306660397
6.5895752772
6.71353333225
6.84504889003
6.98298492098
7.12419829725
7.26288389899
7.38988686788
7.49200563114
7.55114516945
7.54374881608
7.44137741254
7.2136928971
6.83446604675
6.28980186172
5.58603513842
4.75393910917
3.84664652371
2.93092250745
2.07410134695
1.33081926001
0.733744246054
0.290815575077
-0.0110666560394
-0.198190899026
-0.301261735001
-0.348445166601
-0.361564216452
-0.355293386157
-0.338284215997
-0.315037380653
-0.287797595534
-0.258057749681
-0.226729814997
-0.192266085146
-0.151535176465
-0.11351765996
-0.102637205039
-0.0514270527629
0.304371260798
3.34608847025
21.5167224134
4.04921611875
9.83505558076
5.73869662276
6.976589022
6.23431543427
6.49336314405
6.40828319104
6.44337778639
6.40501157894
6.35882795162
6.28685459711
6.20221318126
6.10860783353
6.01224820336
5.91759604887
5.82830280367
5.74691289742
5.67506308189
5.61368718359
5.56324334747
5.52393438584
5.49581110722
5.47882263995
5.47309339409
5.4791900199
5.49728339833
5.52554294741
5.56420855823
5.61285810458
5.67090307576
5.73769459831
5.81257952493
5.894886005
5.98401266867
6.07945620871
6.18089697977
6.28830329315
6.4019341359
6.522312308
6.64997567355
6.78507529479
6.92675001059
7.07242785149
7.21708992625
7.3526659432
7.46743382681
7.54539648518
7.56564700452
7.50238645831
7.32667439506
7.0109559429
6.53625336718
5.90024278248
5.12311875956
4.24825583992
3.33633397724
2.45414476387
1.66147210829
1.0002092749
0.488892510571
0.123637836575
-0.115864955464
-0.258094651673
-0.332068881676
-0.362232539273
-0.366353448848
-0.355787692015
-0.336973311427
-0.31314870449
-0.285885563738
-0.256505613362
-0.226847574848
-0.197540040824
-0.164457441725
-0.1239846203
-0.10068160337
-0.184841096636
-0.505375381832
3.41154129282
21.1919500144
4.20034033092
9.62525268249
5.76539254988
6.86317752929
6.18333888821
6.40792998211
6.33393096024
6.36304301341
6.3267768019
6.28067974656
6.21021874439
6.12704994684
6.0351756243
5.94054804053
5.84761172387
5.7599858501
5.6802456303
5.61008368072
5.55050497718
5.50204006225
5.46494399202
5.43929762909
5.4251051728
5.42258187846
5.43225637265
5.45392234775
5.48617613802
5.52906167117
5.58223629611
5.6451512043
5.71721910942
5.79781097046
5.88630786186
5.98216569491
6.08496044967
6.19446830954
6.31072134995
6.4339685428
6.56455270007
6.70256918043
6.84736347172
6.99684681046
7.14678778837
7.29015395093
7.41660566087
7.51199042715
7.55780852735
7.53088471174
7.40418250345
7.14990367041
6.74542386231
6.18103373778
5.46689707577
4.63607199857
3.74150028016
2.84710409981
2.01550443524
1.29621774376
0.717908666782
0.286582790241
-0.0106480470881
-0.198380592076
-0.305119252327
-0.357133980672
-0.375049308298
-0.373037224383
-0.359746388627
-0.339903677545
-0.315767211397
-0.288219665405
-0.257969749791
-0.226974664819
-0.197778051528
-0.166786716238
-0.116893978383
-0.0465809512458
-0.088151825104
-0.519183319756
3.47780463267
20.8332272837
4.34253708468
9.40630469064
5.77707475003
6.74088973855
6.1182393234
6.31089549727
6.24670798314
6.27076342491
6.23685082973
6.19156053002
6.12328499402
6.04235237196
5.95296786627
5.8608209392
5.77031125511
5.68501272073
5.60752037773
5.53957852721
5.48226305331
5.43617038377
5.40159060082
5.37862181709
5.36733658583
5.36806098819
5.38125101866
5.40629114215
5.44238320759
5.48930952925
5.54678982626
5.61432300246
5.69138336111
5.77739569462
5.87181267594
5.97416313858
6.08410539517
6.20148310849
6.32633043779
6.45877516387
6.59881900172
6.74590960133
6.89835973882
7.05264397849
7.20274084169
7.33960012747
7.45074903232
7.51985381329
7.52628832886
7.44525570492
7.24963602251
6.91451997241
6.42420287276
5.77966415503
5.00349612135
4.13961866255
3.24694586598
2.3885431553
1.61960752969
0.977976673614
0.479752338794
0.120612944535
-0.118563295198
-0.264255429087
-0.343502228984
-0.379316534242
-0.388698923093
-0.382736335889
-0.367878520289
-0.347487810961
-0.322975616865
-0.294399499808
-0.261384103811
-0.225323639192
-0.19026219425
-0.154040284778
-0.0893897751417
0.0343935496798
0.0881607341483
-0.301014272997
3.54472863038
20.4407673701
4.4756321966
9.17880303059
5.77418955288
6.61015037228
6.03969077757
6.20278011837
6.14727530155
6.16715728261
6.13588811713
6.09211148281
6.02668714528
5.94873342946
5.86257338029
5.77362743546
5.68622456658
5.60387986889
5.52919550941
5.46396107194
5.40932377681
5.36594760999
5.33415358253
5.31404862728
5.30577049729
5.30976022429
5.32639637905
5.35466349185
5.3943012521
5.44498939543
5.50649109243
5.57834677351
5.66009412806
5.75122686865
5.85127686298
5.95984882135
6.07666690087
6.20159406479
6.33458228619
6.47550753749
6.62385958696
6.77824106148
6.93574236046
7.09127041253
7.23700064714
7.36199361305
7.4518826528
7.48845049206
7.44935200453
7.30889964905
7.04117721559
6.62593436474
6.056063089
5.34392017463
4.52351724463
3.64688465231
2.77516059956
1.96703045373
1.26810364178
0.704291533541
0.280603894697
-0.0151773829845
-0.205934187667
-0.318200146426
-0.376635873235
-0.40088460905
-0.404688391486
-0.396554320201
-0.381157098459
-0.360782355862
-0.336186073378
-0.306643394912
-0.270509093542
-0.228730959966
-0.188356075881
-0.150893292439
-0.0801977041527
0.0786144520204
0.195930139332
-0.150672621591
3.61215598797
20.014679151
4.5993345417
8.94335790596
5.75714707488
6.47140032957
5.9483640632
6.08411888988
6.03629809908
6.05285229755
6.02454849169
5.98297885789
5.92106183881
5.84680715874
5.76458001213
5.6795250362
5.59587675349
5.51707782015
5.44572307918
5.38363596853
5.33203018872
5.29164262538
5.26284100389
5.24575549576
5.24057742996
5.24782031636
5.26775594149
5.29904491735
5.34192317158
5.39608541649
5.46129736662
5.53715640544
5.62326570001
5.71919465309
5.82455283002
5.93900980576
6.06232133245
6.19430402296
6.3347262985
6.48307238732
6.6381539134
6.7975594602
6.95702908539
7.1098717538
7.24657040846
7.35453093808
7.4177735991
7.41647946029
7.32699681972
7.12357531183
6.78290918703
6.29110186508
5.6508564556
4.88579044084
4.03949681639
3.16892954581
2.33392049521
1.58606834011
0.960315015204
0.471323269507
0.114946114951
-0.126561089483
-0.277797856163
-0.364076135289
-0.40722299464
-0.423661881717
-0.424320557298
-0.415598027411
-0.40074697831
-0.381239953063
-0.357506340883
-0.32836225738
-0.290676675327
-0.244464833266
-0.201799666194
-0.173124244498
-0.112420284831
0.0704211747271
0.247310683909
-0.0200797871766
3.6799023356
19.5549744037
4.71322140976
8.70059368037
5.72632980664
6.32509215816
5.84492876922
5.95545813753
5.91444319151
5.92848191671
5.90349355794
5.86481019685
5.80704463548
5.73718459086
5.65957028412
5.57906368604
5.49978344945
5.42508763608
5.35755007293
5.29901328836
5.25074209183
5.213537776
5.18782642063
5.17379556309
5.17170959104
5.18211215528
5.2051042359
5.2393320599
5.28519094425
5.34255481635
5.41115815426
5.49068616876
5.58080452581
5.68116261182
5.79143780317
5.91134102055
6.04061060607
6.17893780261
6.32579707359
6.4801433997
6.63996496127
6.80171507579
6.95973746528
7.10582382848
7.2289848102
7.31526062292
7.34730899975
7.30392925483
7.16059373294
6.89244783196
6.48029327116
5.91808310129
5.21895282779
4.41686094112
3.56251665404
2.71450573587
1.92833505972
1.24673533518
0.693861381961
0.274451717808
-0.0226940713898
-0.218731051338
-0.338411767768
-0.405032748755
-0.437476411918
-0.44926731911
-0.449012924237
-0.441483875936
-0.428880803363
-0.412184560345
-0.39206182881
-0.36777131879
-0.334847085722
-0.290621446168
-0.253065527802
-0.254295997253
-0.250055470571
-0.0777751886398
0.204649074081
0.0947910079652
3.74774931983
19.0615916545
4.81672316157
8.45114191202
5.68210201181
6.17168633035
5.73005709713
5.81735388067
5.78237828063
5.79468285895
5.77338425315
5.73825142402
5.68526707532
5.62047064576
5.54811826531
5.47278230899
5.39844633554
5.32837358729
5.26510691835
5.21049662965
5.16584277787
5.13199477635
5.10943468553
5.09843067279
5.09934310915
5.11270121238
5.13834840914
5.17542003291
5.2241150073
5.284387611
5.35604812547
5.43887090474
5.53259410204
5.63694304937
5.75164524616
5.87641768379
6.01092087669
6.15463419349
6.30662814703
6.46520651279
6.6274252031
6.78854588278
6.94156397146
7.07694195918
7.18251178793
7.24322296222
7.24052493397
7.15198420483
6.9526974459
6.6198308416
6.13981628086
5.51561141632
4.77072310462
3.94781149961
3.10186629504
2.29001364628
1.56112349726
0.948191219147
0.465228552623
0.108745177209
-0.137470744656
-0.29623238153
-0.391346070641
-0.443699168667
-0.469373466202
-0.479437312368
-0.480730271517
-0.476953497573
-0.469759118046
-0.460114003198
-0.449771792444
-0.440252202694
-0.427434310707
-0.403416309694
-0.386183407415
-0.43868180738
-0.548294625296
-0.443512472552
0.0659088752725
0.386743602627
3.81541424101
18.5344091323
4.9091074238
8.19563230409
5.62481995477
6.01165065825
5.60442916671
5.67037316044
5.64077303571
5.65209460772
5.63487982116
5.60394528537
5.55635479414
5.49726212828
5.43078758193
5.36120720483
5.29235170704
5.22738024521
5.16879760876
5.11845531567
5.07767718991
5.04734636976
5.0279965967
5.01999317801
5.0238135953
5.03996114141
5.06801598247
5.10761366349
5.15880625744
5.22162361434
5.29594187639
5.38161879745
5.47846555756
5.58626933694
5.70478116534
5.83367876032
5.97247792521
6.12035954579
6.27589144503
6.43663238157
6.59864762058
6.75602696964
6.90056237429
7.02166202709
7.10629161187
7.13849553777
7.09853189304
6.96284905082
6.70681545611
6.31092000024
5.76866495988
5.09268497591
4.31608811165
3.48803620616
2.66487054268
1.89961423838
1.23298287841
0.688179002656
0.270248570527
-0.0307023650917
-0.234076398474
-0.363001846332
-0.439665704531
-0.482486799209
-0.505112430032
-0.516755845526
-0.523227754042
-0.528041260615
-0.533322102867
-0.54110842218
-0.555580522194
-0.582871662144
-0.621513706894
-0.65216909299
-0.667186258862
-0.736648658197
-0.929576299074
-0.969458645772
-0.287815869979
0.748629767053
3.88254735163
17.9732801062
4.98946636566
7.93468328795
5.55484303841
5.84546217709
5.46873994302
5.51509767257
5.49030203662
5.50136055654
5.48863825757
5.46253097371
5.42092676798
5.36814660503
5.30813030405
5.24485134084
5.18197105521
5.1225349752
5.06900417835
5.02322965643
4.98655494927
4.95988707456
4.94380186583
4.9387621396
4.945370059
4.96411204904
4.99431719474
5.03605222994
5.08933739585
5.1542618589
5.23076432686
5.31877660321
5.41817207082
5.52877735103
5.65033276388
5.78242592579
5.92436103294
6.07494263253
6.23215885269
6.39276921636
6.55185014596
6.70242073664
6.83530224694
6.93917446955
7.00039925098
7.00214537679
6.9233578051
6.73952944685
6.42717328276
5.97154211972
5.37442022143
4.65819487854
3.86414548198
3.04538994773
2.25686305268
1.54545579685
0.942996771573
0.463481818551
0.104472469596
-0.148567042451
-0.316729961232
-0.422535845688
-0.486270089223
-0.524136318291
-0.547969402806
-0.565986351214
-0.584015425683
-0.6066074406
-0.637568359512
-0.680449447622
-0.740373536524
-0.824075186498
-0.925227950188
-0.994280563897
-0.955232647164
-0.848149862745
-0.919230780986
-1.17381445816
-0.738366171343
1.08474425318
3.94868750904
17.3780547103
5.0567033553
7.66889025981
5.47254686543
5.67361267143
5.32370869906
5.35213043418
5.33164987552
5.343131093
5.33531818106
5.31464503295
5.27959550573
5.23370214245
5.18068635819
5.12421402425
5.06776175638
5.01425027348
4.96608882102
4.92512680794
4.8927318264
4.86983989505
4.85706713741
4.85495670753
4.86420825399
4.88527606992
4.91730372021
4.96075736088
5.0156938135
5.08223165081
5.1603759874
5.2501196628
5.35138225712
5.46400256135
5.58767237733
5.72183871519
5.86553458366
6.01712757024
6.17398035254
6.33204668256
6.48548143436
6.62641274241
6.74499252268
6.82949831743
6.86582656777
6.83609997581
6.71773916761
6.48560523874
6.11850289036
5.60793055204
4.96477502213
4.22059684697
3.422882073
2.6260567143
1.88127957563
1.22797267232
0.689040077839
0.270305439485
-0.0365748587522
-0.249220969357
-0.389291940679
-0.478186324205
-0.534373602054
-0.57240222874
-0.603176489459
-0.634965568642
-0.674633806925
-0.728403278679
-0.801219999302
-0.894827194214
-1.00716515081
-1.13285853096
-1.24914747989
-1.27414596242
-1.07405797452
-0.68627374281
-0.585911075562
-1.11622576521
-1.27131235321
1.4832592786
4.01326218462
16.7486330667
5.1095270961
7.39881422211
5.37833770509
5.49661777821
5.17009097413
5.18210530267
5.16551852354
5.17806851153
5.17558225041
5.16092342786
5.13296827213
5.09449768589
5.04898327537
4.99978038185
4.95016821825
4.90293075811
4.86041267509
4.82445280042
4.79644098809
4.77735078671
4.76785357871
4.76857103533
4.78026144709
4.80331364427
4.83691790425
4.88167819545
4.93780042355
5.00540715655
5.08458019245
5.17535628524
5.27768477647
5.39138821158
5.51607369492
5.65100354517
5.79489404049
5.94564011477
6.09997126528
6.25308134313
6.39833592394
6.52722115443
6.62955913897
6.69349016983
6.70438993778
6.64295965857
6.48489444918
6.20502750328
5.78586785643
5.22652629893
4.54727573902
3.78763234735
2.9989761472
2.2345281785
1.53984126153
0.946216011797
0.468146664698
0.104569279904
-0.157255577699
-0.33677280842
-0.455478015019
-0.533527186599
-0.58798994197
-0.63256027293
-0.678182854715
-0.733996793227
-0.808047182116
-0.906961773264
-1.03330480355
-1.18058349618
-1.33095683113
-1.46174821188
-1.54587024501
-1.51178547417
-1.22160816263
-0.698815177334
-0.511982898413
-1.2237332475
-2.05191800289
1.91575614557
4.07552834937
16.0850034757
5.14644665254
7.12496832912
5.27266890137
5.31503060003
5.00869411972
5.00570011718
4.99263732941
5.00685401841
5.01010202637
5.00200483762
4.98164920001
4.95109421818
4.91353597357
4.87201899514
4.82961645911
4.7889663205
4.75233609656
4.7215415687
4.69798558473
4.68267845298
4.67635783815
4.67973121296
4.69357871429
4.71816642772
4.75307583452
4.79878143308
4.85557260647
4.92364262862
5.00313979375
5.09413809551
5.19659826073
5.31030098099
5.43473788527
5.56895380991
5.71132266773
5.85926149823
6.008901153
6.15477401659
6.28964852298
6.40467087043
6.48967181598
6.53278943301
6.51857718584
6.42577862515
6.22831197323
5.90195898354
5.43452591951
4.83379835586
4.1290870434
3.36610584456
2.5976890754
1.87367643797
1.23279625081
0.698182770489
0.276816438254
-0.0378981413494
-0.26178118462
-0.415189628589
-0.51911230742
-0.592685153707
-0.652240933576
-0.711498337312
-0.782198823738
-0.874495053159
-0.996555775444
-1.1528073773
-1.33985679993
-1.54064279537
-1.72446657831
-1.86446843975
-1.95401917816
-1.95497899877
-1.71259998891
-1.16126531813
-0.837926915648
-1.56953351577
-3.13922339382
2.37079636019
4.13457554147
15.3873212261
5.16577877452
6.84780527091
5.15605828541
5.12945973956
4.84039659618
4.82365356523
4.81377593081
4.83019680649
4.8395643938
4.83853501059
4.82624243061
4.80404704386
4.77484842445
4.74138205482
4.70651026316
4.67271874236
4.64218703212
4.61669564536
4.59765158538
4.58610121689
4.58285489046
4.58870620425
4.60444188708
4.63020803574
4.66595929541
4.71208151231
4.76893406002
4.83676396661
4.91577260799
5.00606043046
5.10758113231
5.2200524394
5.34282822877
5.47471891358
5.61375482146
5.75690422744
5.89977686593
6.03639134662
6.15916149029
6.25922788255
6.32671949037
6.3497077376
6.3113535587
6.18784460075
5.95157784807
5.58066470888
5.06981966037
4.43607506431
3.71678315305
2.96172366034
2.22284238568
1.54490005212
0.959190285921
0.481117326459
0.111252705612
-0.161248669363
-0.354245687473
-0.488454134213
-0.584365758352
-0.660603046481
-0.733583414131
-0.817891567789
-0.926539945607
-1.07042717971
-1.25674517984
-1.48645777918
-1.75065821399
-2.0264141358
-2.27942983048
-2.48472123226
-2.64099988485
-2.70160702795
-2.4772878479
-1.86959617223
-1.36589236322
-2.11033752586
-4.58366558442
2.79906161568
4.18924718751
14.6559670504
5.16565659367
6.56770279984
5.02910710624
4.94059314946
4.66617268934
4.6367870245
4.62976071469
4.64884559209
4.66467941601
4.67117206402
4.66735569302
4.6539085162
4.6334161279
4.60830823623
4.58123475797
4.55452631238
4.53026582882
4.51018547192
4.4956840596
4.48783901137
4.48753450909
4.49564909779
4.5129707212
4.53954271625
4.57561025503
4.62154516288
4.67776015171
4.74454678784
4.82214559432
4.91067034785
5.01005219563
5.11993153845
5.23951465687
5.36738030541
5.50124202554
5.63768407892
5.77191356631
5.89762530078
6.00715966994
6.09199310525
6.14273895038
6.14707469918
6.08594976765
5.93248388977
5.65825913174
5.24544732048
4.69708125617
4.03938202823
3.3161712685
2.57899904696
1.87687076558
1.24832136167
0.717140385485
0.29176976168
-0.0324704379458
-0.26957359784
-0.438709108765
-0.560748996644
-0.656021075855
-0.743397653703
-0.840355774263
-0.963218991989
-1.12674102071
-1.34255156547
-1.61668802265
-1.94697070524
-2.32015405863
-2.70791950852
-3.06587315007
-3.34571727563
-3.50763311079
-3.48758487623
-3.16826077876
-2.54346793887
-1.97221293491
-2.76470563578
-6.34844261498
3.14756465304
4.23813896541
13.891655325
5.1440587368
6.28495444761
4.89252180021
4.74922893931
4.48712371842
4.44603206915
4.4414954504
4.4636027581
4.48618980432
4.50059256718
4.50560430452
4.50123073584
4.48972833403
4.4732245139
4.45415702352
4.43470158729
4.41684050917
4.40224825375
4.39230179884
4.38809546548
4.39057541527
4.40069559586
4.41924685188
4.44618608925
4.48200010064
4.52708112699
4.58188018287
4.64672868467
4.72189439047
4.8074938515
4.90342561132
5.00924804753
5.12402559967
5.24613087697
5.37301688401
5.50098323178
5.62498848619
5.73862711511
5.83447282952
5.90465844814
5.94030415199
5.92805626616
5.84565627953
5.66291358891
5.35184568257
4.90061212383
4.3215377335
3.64928667787
2.93215527553
2.22122393205
1.56093824958
0.983012498695
0.504092313188
0.126603333152
-0.158302270159
-0.366913637816
-0.51931022604
-0.636655398569
-0.739760631786
-0.848779326407
-0.983403613176
-1.16262224012
-1.40331910572
-1.71753500344
-2.10887267538
-2.56880769603
-3.07236139334
-3.57103503179
-3.9866939002
-4.22447643195
-4.219304404
-3.98415469258
-3.58766051409
-3.0786728343
-2.55303554517
-3.39845199938
-8.33376032915
3.3649803926
4.27950819767
13.0955346046
5.09885678733
5.99976910695
4.74714124079
4.55631498572
4.30451758859
4.25246516531
4.24998696688
4.27534170087
4.30488200671
4.32749844947
4.34161532253
4.34656832032
4.34427079721
4.33655065818
4.32563308199
4.3135386548
4.30214685911
4.29307054353
4.28765792428
4.28700665652
4.29209996734
4.3039398635
4.32331065725
4.35012375857
4.38505543511
4.428558043
4.48109375871
4.54303042778
4.61465176686
4.69607142243
4.78715320828
4.88738134439
4.99570257956
5.11033303084
5.22855052263
5.34650007641
5.45907418544
5.56001407329
5.64244712427
5.69943050775
5.72238660732
5.69596305718
5.5936455786
5.38215365834
5.03574251433
4.5504429843
3.9482080039
3.27075593553
2.568647202
1.89050454407
1.27510142733
0.747230680881
0.31704901504
-0.0180469788391
-0.270155485277
-0.457292497353
-0.600370227776
-0.72129974753
-0.842324541977
-0.98612819093
-1.17574981446
-1.4332528291
-1.77665972961
-2.21523537401
-2.74359256589
-3.33539167238
-3.93701844885
-4.46171771057
-4.79281896697
-4.82404426678
-4.55602261986
-4.15896787174
-3.81583937026
-3.49710221914
-3.07028760071
-3.90267281677
-10.3956061404
3.40899877516
4.31133971782
12.2693924638
5.02791637648
5.71228747945
4.59396701806
4.36299505842
4.11983630358
4.05735003653
4.0563767796
4.08502790686
4.12159941575
4.15262476696
4.17603176526
4.19048007172
4.19752619185
4.19870052595
4.19601403199
4.19132875048
4.18641503605
4.18281725556
4.18184938548
4.18460595669
4.19208826673
4.20531045649
4.22503621692
4.25125518141
4.28467489453
4.32583618717
4.37520809343
4.4331938538
4.5000873754
4.5760006491
4.66077095763
4.75383111733
4.85405374952
4.95957199272
5.06759998404
5.17428308356
5.27464971819
5.36285010641
5.43288925053
5.47892886823
5.49219879733
5.45406748212
5.3328405718
5.09300200429
4.7132953788
4.1991704803
3.58179028752
2.90803619667
2.22853200416
1.587852989
1.01850326485
0.538646970602
0.152765797081
-0.145854318354
-0.371865155096
-0.544728049193
-0.686404534433
-0.820282324622
-0.971183909847
-1.16549333256
-1.42997460767
-1.78826016629
-2.25503067788
-2.8284590534
-3.48185147852
-4.15658784767
-4.76016220118
-5.1747396501
-5.28698592564
-5.05756366535
-4.61267637147
-4.21595482499
-4.00095232423
-3.8575411173
-3.53260945693
-4.22658355958
-12.3828316305
3.25915857978
4.33134997609
11.4158656809
4.92922016422
5.42259811534
4.43418614645
4.17065689031
3.9348315342
3.86218976183
3.86198071832
3.89374559203
3.9372587434
3.97674935878
4.00951782461
4.03353099465
4.04997323164
4.06007890737
4.06564299046
4.0683644383
4.06989528153
4.07169958721
4.07504614826
4.08101823028
4.09062253205
4.10485446103
4.12443133769
4.14954110478
4.18081042519
4.21882376653
4.26408334838
4.31702150659
4.37794680148
4.44697745888
4.52394425921
4.6082660919
4.69880364844
4.79370172328
4.89024363851
4.98474722531
5.07258993455
5.14860265696
5.20798905837
5.24606726766
5.25303339107
5.20544589778
5.06584028049
4.79806535833
4.38782729876
3.85092029189
3.22654569739
2.56456685589
1.91368677943
1.31332423393
0.789581419544
0.354558914594
0.00791532304737
-0.260398758384
-0.467130123158
-0.633160120525
-0.781940548322
-0.939216482609
-1.13347136028
-1.39526203722
-1.75357083205
-2.22878238298
-2.82358000976
-3.51353238367
-4.23964971814
-4.90723841475
-5.3979023098
-5.6009792498
-5.46573309274
-5.06239468164
-4.59776544754
-4.29333782937
-4.18679737256
-4.18832871304
-3.9793677025
-4.38153845443
-14.1610092765
2.92047822435
4.33702797914
10.5386213929
4.80097534843
5.13073782762
4.26917872264
3.98097935639
3.75158985996
3.66879238546
3.66834066744
3.70273293371
3.75287169652
3.80070549774
3.84276620715
3.87629610885
3.9020873099
3.92107748439
3.93484307272
3.94491486875
3.95281707427
3.95992106053
3.96743695031
3.97642252039
3.98787111724
4.00273839897
4.02169538899
4.04508280139
4.07347712778
4.10748886602
4.1476423737
4.19439574694
4.24807910236
4.30883239608
4.37651075571
4.45057031192
4.52993816245
4.61288251099
4.69690369506
4.77867329287
4.85413464656
4.91907966729
4.97022621053
5.00392630961
5.00811207366
4.95286050845
4.79490746352
4.49982961555
4.06266379806
3.50963737568
2.88618924436
2.24293585614
1.62505142885
1.06618493989
0.586277944907
0.192082292719
-0.120768704983
-0.365063824534
-0.559404318466
-0.726253954547
-0.891101439183
-1.08288148705
-1.33435042758
-1.67923860435
-2.14444817195
-2.73896119054
-3.44309193751
-4.20134067485
-4.92209058431
-5.48905503719
-5.79024562329
-5.76469637789
-5.45194582847
-5.00643875707
-4.62669042945
-4.41749704703
-4.37536584759
-4.49012928504
-4.44263434471
-4.42568286619
-15.6332565904
2.42031831358
4.32512612703
9.64223017853
4.64165194
4.83669749755
4.10053231199
3.79598972141
3.57261667691
3.47935948951
3.47729605599
3.51343140718
3.56957503259
3.62539940524
3.67650865603
3.71936768569
3.7543464657
3.78208076149
3.80392323639
3.82122915914
3.83538344103
3.84765096902
3.85916751648
3.87094541059
3.88394019749
3.89904898399
3.91690518959
3.93794138612
3.96271598986
3.99184917732
4.02588376826
4.06530369433
4.11047160672
4.16157224674
4.21852578102
4.28088844093
4.3477447655
4.4176096815
4.48835595891
4.55719098948
4.62084019237
4.67635131638
4.72226767462
4.75562673737
4.76045581427
4.69868964486
4.52201422945
4.20074728377
3.74112988584
3.1789914291
2.56380135426
1.94488272456
1.36274275836
0.845100471725
0.406239536969
0.0483213671833
-0.236360299075
-0.46291616451
-0.651726793615
-0.827087837166
-1.01702296801
-1.25420203829
-1.57536445434
-2.01433934436
-2.58886376335
-3.28704407974
-4.05956081273
-4.82066739755
-5.4596281514
-5.86499643305
-5.96289831628
-5.76092409527
-5.37092750683
-4.97116894668
-4.69811453233
-4.5597876678
-4.55281998932
-4.74336017062
-4.92378137098
-4.4343379809
-16.7517746535
1.80173831756
4.2911562645
8.73213567457
4.45015013988
4.54053131569
3.93011328844
3.61815359674
3.40095124869
3.29660760112
3.29108262004
3.32755420849
3.38867234941
3.45183441081
3.51153056465
3.56336508435
3.60723897694
3.64347281684
3.67318574251
3.69754672921
3.71778674455
3.73504719888
3.75037039686
3.76469990071
3.77892549087
3.79387005781
3.81014005528
3.8282076838
3.84862289767
3.87200657462
3.89892050556
3.92987943432
3.96529493279
4.00542665933
4.05030847859
4.09966820392
4.15284648892
4.20873311839
4.26572773863
4.32174854817
4.37451731651
4.42266107574
4.46686156674
4.50421347864
4.51278885095
4.44491168253
4.24893489481
3.9033168849
3.42651092542
2.86227520335
2.26177224283
1.67134861566
1.12620109831
0.64832606488
0.247000597109
-0.0794823644515
-0.341617612961
-0.556568270838
-0.746509267245
-0.937788804286
-1.16125973758
-1.45338233171
-1.853373416
-2.38987416774
-3.06281444764
-3.83212278606
-4.61917363342
-5.31974482213
-5.8256990381
-6.05461116259
-5.98493058474
-5.68276980067
-5.29205583381
-4.96733897537
-4.78103987908
-4.69558021716
-4.70876414063
-4.92879887818
-5.39592494336
-4.47439991669
-17.5129878883
1.11277835606
4.2303875888
7.81571706535
4.22638822869
4.24260420234
3.76022412379
3.4505160327
3.24031178416
3.12391830432
3.11245766388
3.14717664834
3.21169150835
3.28114570605
3.34869322397
3.40895127817
3.46127745361
3.50565050011
3.54293910074
3.57411052697
3.60022345038
3.62227536521
3.64119214366
3.65782144359
3.67295945616
3.68733674548
3.70154284304
3.71604485164
3.73138630302
3.74818262926
3.76701691107
3.78844381183
3.81294509333
3.84089088595
3.87248277274
3.9076958488
3.9462272558
3.98746669795
4.03048485482
4.07407089829
4.11715845498
4.16033065547
4.20673310899
4.25255865723
4.26748209018
4.19314056774
3.97736756455
3.61013215588
3.12197951077
2.56231126875
1.98178673726
1.42256808541
0.914355399116
0.473889768888
0.106142730344
-0.193823570896
-0.438869506691
-0.648039114664
-0.845324866633
-1.05921263128
-1.32336059222
-1.67748188986
-2.16044822795
-2.78866124991
-3.53623767636
-4.3332440389
-5.08115577637
-5.67584874235
-6.03160364702
-6.10616366279
-5.92482218857
-5.58789279261
-5.23838154774
-4.99072884897
-4.86944340348
-4.82686795981
-4.85333531526
-5.04693716891
-5.81798350307
-4.58733127496
-17.9445563399
0.39809193972
4.14247958937
6.90527942871
3.97246007787
3.94388529961
3.5937682414
3.29682508829
3.09520008242
2.96547386254
2.94483926225
2.9748523773
3.04046628258
3.11465275062
3.1889684429
3.25685862757
3.31702067244
3.36904351775
3.41351745757
3.45118603474
3.48291228212
3.50952520502
3.53180788496
3.5504830526
3.5662230713
3.57965045776
3.59134225936
3.60172142983
3.61132424282
3.62075727399
3.63062897068
3.64154644896
3.65408621382
3.66876752243
3.6860152664
3.70612668218
3.72925084543
3.75539114319
3.78441301599
3.81611356448
3.85086097362
3.89166317535
3.94449013747
4.00329642287
4.02654238507
3.94470984098
3.70906284889
3.32388735722
2.83050134934
2.28138291066
1.72485337276
1.19819306108
0.72579334755
0.31975663896
-0.0185737501209
-0.296831852637
-0.529921796157
-0.738639269142
-0.948753304967
-1.19076274356
-1.50074480983
-1.92056049496
-2.48471206089
-3.18948254633
-3.97829811739
-4.75719103188
-5.423893461
-5.89248715262
-6.10986178816
-6.07090170935
-5.83190234007
-5.50456445682
-5.2137569453
-5.03507224405
-4.96070889258
-4.95476846739
-4.99892420363
-5.11918835639
-6.15308231428
-4.78471708603
-18.0906931301
-0.30489047493
4.03346464918
6.02007617115
3.6943559882
3.64620264964
3.43402115007
3.16133544651
2.97081315826
2.82632816181
2.79246276798
2.81377664673
2.87726269299
2.95394386572
3.03349474025
3.10793063131
3.17510899507
3.23414714144
3.28531213219
3.32909259457
3.36612635176
3.3970442138
3.42245557605
3.44292627649
3.45897729599
3.47110516657
3.47987684519
3.48563779902
3.48891362673
3.49030053322
3.49043805763
3.4900004748
3.48968495554
3.49019832074
3.49224157696
3.49650257318
3.50366653328
3.51444518213
3.52959110086
3.550011634
3.57774634477
3.61884348261
3.68253914593
3.75879187837
3.79163915961
3.70079197227
3.44593058664
3.04733217768
2.55473409637
2.02119799418
1.49137173227
0.997434221786
0.558921055554
0.18396493803
-0.129110878831
-0.390200479921
-0.615995203722
-0.828905691097
-1.05632354552
-1.33039745901
-1.68890518459
-2.1743153687
-2.81179722062
-3.57002623358
-4.36206972658
-5.08286400173
-5.64435234171
-5.99005595732
-6.09823725781
-5.9895332041
-5.73490213315
-5.44181178241
-5.21073408927
-5.08734443864
-5.04573332129
-5.06951986663
-5.1444213535
-5.17578748575
-6.38231111329
-5.05752585972
-17.9981230951
-0.963453814688
3.89846044773
5.18130506495
3.40371414994
3.35186095667
3.28314532182
3.04794665204
2.87275174276
2.7124673519
2.6606025228
2.66803335977
2.72497689007
2.80100983936
2.88366454301
2.96318484731
3.03631709993
3.10157085076
3.15881811179
3.20824817429
3.25023680905
3.28518238208
3.31348629504
3.3355226337
3.35162904986
3.36215935214
3.36766299363
3.36839262336
3.36485530459
3.35763673803
3.34741342661
3.33494202723
3.32106483815
3.30671083816
3.29290249521
3.28077530341
3.27161861627
3.26692210586
3.26837560323
3.27804659832
3.29989512475
3.34384719668
3.42303031956
3.52116846503
3.56417483928
3.46255247666
3.19011281105
2.78319458564
2.2969470005
1.78289911945
1.2812367704
0.819211007446
0.412105811306
0.0647322280101
-0.227086485487
-0.475148515645
-0.697706126703
-0.918606310061
-1.16657766545
-1.47483467933
-1.88189063144
-2.42903739315
-3.12652149991
-3.90958998854
-4.6676409193
-5.30199793
-5.75307082766
-5.99522571213
-6.02873321123
-5.88724395055
-5.64458593613
-5.39535695679
-5.21646571041
-5.13632084527
-5.1189246804
-5.16137648293
-5.27323677972
-5.23923480491
-6.50690739675
-5.39392685505
-17.7116911391
-1.53735295866
3.68966545525
4.39384668426
3.11130874844
3.06072975944
3.13996970862
2.95936713579
2.80693884951
2.63099934633
2.55587909122
2.54292995205
2.58741545494
2.65843874986
2.74125097358
2.8239025802
2.90162861071
2.97210805092
3.03470201403
3.08923497941
3.13577252249
3.17443880867
3.20538756904
3.22876365264
3.24469626748
3.25339289747
3.25536946664
3.25077014241
3.24007124459
3.22384811302
3.2028195663
3.17783799122
3.14991107067
3.12021691702
3.09013308378
3.06128427207
3.03561311544
3.01542966903
3.00335959271
3.00260129986
3.01927695083
3.06833086517
3.16779547771
3.29236626274
3.34535756386
3.23129084348
2.94397934521
2.53406326085
2.05895294756
1.56709883527
1.09395010566
0.662282102437
0.283781578256
-0.0394801010794
-0.313746834947
-0.552421673654
-0.775094848101
-1.00681359945
-1.27723698258
-1.61989235634
-2.07292434594
-2.67460925438
-3.41433402904
-4.19094615174
-4.883207257
-5.41690104915
-5.76738447992
-5.93259449457
-5.92288072877
-5.77513954741
-5.5598783788
-5.35616767425
-5.21944211596
-5.17105855401
-5.17274334825
-5.22595192814
-5.36478202934
-5.31397931283
-6.53959601896
-5.78216143468
-17.2957706354
-1.96482382584
3.35765753606
3.60362656392
2.79743694141
2.76859466971
3.0021821064
2.89796996923
2.77991536064
2.59031890463
2.48649006012
2.44533123318
2.46963392475
2.52967569083
2.6085822995
2.69175070177
2.77233612179
2.84682999033
2.91389614422
2.97289809259
3.02353147449
3.06560138072
3.09897379681
3.12352348901
3.13913203745
3.14584400089
3.14412670668
3.13402319462
3.11596032717
3.09050501317
3.05842006958
3.02066310825
2.97842011012
2.93313402369
2.88655518585
2.84082071893
2.79855772385
2.76291614781
2.73740146812
2.72619963565
2.73777123402
2.79359450279
2.91835649435
3.07432014777
3.13635544538
3.00862878374
2.71012080596
2.30232291159
1.84212465394
1.37398767707
0.928771078341
0.525384339372
0.172545068425
-0.129918056668
-0.389958165023
-0.622319128816
-0.847694861033
-1.09204127745
-1.3854554136
-1.76092482885
-2.2550801688
-2.90143174588
-3.66243302491
-4.40144651893
-5.00484843216
-5.43726303114
-5.70626848899
-5.82144213968
-5.79349496294
-5.65712296637
-5.47719798886
-5.31791677685
-5.21433903536
-5.18873092041
-5.20267198847
-5.26463639854
-5.41017041895
-5.38515817436
-6.50676385775
-6.15665217379
-16.8577859574
-2.19292636761
3.03161134598
2.67714612945
2.41062011081
2.48053894505
2.87419717001
2.86711862037
2.79844671594
2.59967474906
2.46202636349
2.38381517703
2.37828672063
2.41936357343
2.48879054186
2.56895336669
2.65017627909
2.72720938953
2.79771766471
2.86045337267
2.91465568825
2.95974804867
2.99525973065
3.0207642429
3.03589264928
3.04054005389
3.03509574691
3.01948147383
2.99405225411
2.95935926776
2.91620606704
2.86565730489
2.80907989512
2.74818184017
2.68508355573
2.62243727465
2.56357280818
2.5124902146
2.47347258574
2.45140076285
2.4570926142
2.5204471568
2.6757798458
2.86902376775
2.93831193406
2.7965003448
2.49115129643
2.08997999364
1.64733756262
1.20336353865
0.784774863261
0.407270867108
0.0771582166819
-0.207566041861
-0.456262628126
-0.684773683764
-0.914646066357
-1.17241537443
-1.48808274272
-1.89321908362
-2.42180549829
-3.10100590273
-3.86027007842
-4.53324416383
-5.03526060756
-5.37675826566
-5.58688240228
-5.6750507125
-5.6477216957
-5.53439282183
-5.39034222211
-5.27319386969
-5.20010921745
-5.19428264277
-5.22128563281
-5.28223361008
-5.41824679025
-5.41903735353
-6.44928109135
-6.44704734181
-16.3427413935
-2.32732379979
2.66729999675
2.06115296784
2.01784874171
2.21143901854
2.76541104417
2.87021819528
2.86766910276
2.66755325578
2.49241664433
2.36836559225
2.32191385876
2.33381926804
2.38621735165
2.45857463788
2.5375327955
2.61529095643
2.68803716863
2.75368811153
2.81092913834
2.85875514388
2.89631881887
2.92283022552
2.93757616788
2.94021835953
2.93107720831
2.91002385006
2.87733655414
2.83353735448
2.7794576795
2.71626003185
2.64548135866
2.56907584046
2.48950588886
2.4099186904
2.33436184482
2.26771385557
2.21491575896
2.18107845354
2.17910980389
2.24950000005
2.44089598303
2.67902086777
2.75279555899
2.5974986977
2.2898624164
1.89887218522
1.47524491076
1.05493128779
0.661112612325
0.306907737659
-0.00332453244153
-0.273076220812
-0.51285980869
-0.739382883764
-0.974791167945
-1.24585123297
-1.58195890637
-2.01241755765
-2.56747653412
-3.26650185465
-4.00007685428
-4.58362339492
-4.98278454143
-5.25092931546
-5.42404428602
-5.50361376767
-5.49006909382
-5.40826782642
-5.30213955229
-5.224037461
-5.18460202793
-5.18624873433
-5.21398305849
-5.26806567334
-5.38762470365
-5.40640781632
-6.35671650266
-6.66235948244
-15.6840599043
-2.42422432911
2.34251551008
1.6770966617
1.73464798161
1.98630427117
2.69064387143
2.90996350141
2.9873864029
2.79804076481
2.58529680726
2.40901684022
2.31084268025
2.28159422831
2.30706270805
2.3650183658
2.43778955772
2.51395952568
2.58748002578
2.65502724725
2.7145225545
2.76440650246
2.80339536885
2.83037235425
2.84442701456
2.84513532703
2.83266517531
2.80664713092
2.76721818469
2.7148459868
2.65036662429
2.57501900879
2.49048519381
2.39892603925
2.30308591905
2.20655535064
2.114118936
2.03162067469
1.96457707571
1.9176978558
1.90532038703
1.98074123827
2.21357718099
2.50677537958
2.58116208964
2.41405107746
2.10842350748
1.73003600897
1.3258248948
0.927926559674
0.556680436623
0.22314964168
-0.0698599156959
-0.327055619246
-0.559862040667
-0.785643725065
-1.02687969033
-1.31025498467
-1.6640851788
-2.11469056831
-2.68743704664
-3.39258273513
-4.07629248887
-4.55404613757
-4.85902185778
-5.07464497128
-5.22956606369
-5.31353171955
-5.32316708882
-5.28018645554
-5.21727027976
-5.17035461655
-5.15088462023
-5.15522778548
-5.1787570904
-5.21812068762
-5.3143938594
-5.34255880884
-6.22423718233
-6.79724413242
-14.8646729568
-2.4946278717
2.06835595969
1.43877260755
1.77877914312
1.90644610273
2.65987784189
2.97834087655
3.14527088887
2.98511097613
2.7413223908
2.51246242371
2.35571075959
2.27348820955
2.25998499708
2.29462439178
2.35576444351
2.42728662357
2.49985778231
2.56836450742
2.62980006916
2.68204313477
2.7233143185
2.75190578976
2.76622758995
2.76536704752
2.74954375562
2.71858828821
2.67255164847
2.61180692037
2.53714765467
2.44984517872
2.35168251961
2.24496355227
2.13261206224
2.01855723312
1.90834164091
1.80898447586
1.72664957273
1.66490757342
1.63837154101
1.71514877846
1.99436620215
2.35686055465
2.42670112453
2.25038642756
1.95007757087
1.58540243458
1.19986204082
0.822439186726
0.471198228435
0.155642810662
-0.122706300357
-0.36949676099
-0.596889470933
-0.822668994939
-1.06946053593
-1.36353047801
-1.73186983822
-2.19707691429
-2.77871164966
-3.47612913728
-4.08666784614
-4.45125302386
-4.67915943099
-4.86255644364
-5.01312349383
-5.1114452156
-5.15402538476
-5.15539995056
-5.13633000374
-5.11619191212
-5.1069302289
-5.10837161457
-5.1192453303
-5.13441286025
-5.19826072636
-5.22621822538
-6.04858532499
-6.84203130921
-13.8869990977
-2.53733246129
1.95808482851
1.28125363114
1.90132784169
1.99228216491
2.66334483019
3.04684455154
3.31166977138
3.20753865586
2.94867899587
2.67665718183
2.46390711006
2.32125451873
2.25611092976
2.25600771025
2.29795038089
2.36057517721
2.42976101449
2.4973838252
2.55874390397
2.61076100402
2.6511859816
2.67832921862
2.69104700349
2.68882481171
2.6713316304
2.63738789872
2.58665010707
2.51933842815
2.43615146212
2.33834159042
2.22774486491
2.10674348184
1.97830395281
1.8465026012
1.71760968549
1.60019172562
1.50146251967
1.42316292417
1.37850253931
1.45170872721
1.78015902144
2.23045930546
2.28938038042
2.10703801658
1.81462119286
1.46366596325
1.09552633401
0.736306483493
0.402577156204
0.102472429363
-0.163395384893
-0.401494121673
-0.624427960991
-0.850310117181
-1.10157676894
-1.40406602451
-1.78302234035
-2.25726170024
-2.83871197616
-3.51453182134
-4.02907462664
-4.28241160168
-4.45431226246
-4.62111160335
-4.77900418946
-4.90280699588
-4.98466064685
-5.03198727365
-5.05512221554
-5.06123790402
-5.05840844691
-5.05032737335
-5.03863071833
-5.02025615554
-5.04172704212
-5.05966012134
-5.83228577497
-6.79333252336
-12.7650601857
-2.5570536017
1.88667386672
1.27272874763
2.0815812602
2.15367785203
2.6664196724
3.06588158974
3.43892496617
3.42901544369
3.18171471575
2.88747540976
2.63701508184
2.43766255951
2.31085619541
2.26199035741
2.27373715765
2.32132934031
2.38487751785
2.45215827291
2.51651175247
2.57401988029
2.621480186
2.65539134156
2.67207870075
2.66930590046
2.64780338301
2.60830126669
2.55063339761
2.47478681703
2.38124761498
2.27113287622
2.14623588056
2.00891627234
1.86197549173
1.70925557483
1.5575022162
1.41734752369
1.29820894983
1.19994347454
1.13216795694
1.19543606404
1.57504152066
2.13999391666
2.17928311747
1.99463372521
1.70990660099
1.37116515239
1.01735416519
0.673216565407
0.353621485849
0.0660677102949
-0.189910073095
-0.421096531124
-0.640671967152
-0.866540537899
-1.12124587307
-1.42948269937
-1.8158614589
-2.2938196288
-2.86814191979
-3.50841765533
-3.90712338861
-4.05954665318
-4.19703518819
-4.36457873255
-4.54579833496
-4.7064617784
-4.83381609068
-4.92779224079
-4.99010437157
-5.01959006077
-5.01913742604
-4.99251524505
-4.94622804668
-4.88438759835
-4.85566797234
-4.86001101054
-5.59653773486
-6.65967908329
-11.509475415
-2.53977953369
1.86656394275
1.31430525294
2.30435021152
2.27325674423
2.61970090221
2.99134725634
3.47048071381
3.60302366855
3.40451506011
3.11757343102
2.86926712468
2.64056683118
2.45382885829
2.34153243372
2.30530132962
2.32428355998
2.37288402143
2.43111934539
2.48642522336
2.53211555153
2.56541615712
2.58605765824
2.59502422316
2.59290389452
2.57701923019
2.54255197397
2.48772788158
2.41216282155
2.31605271159
2.20031494337
2.06665580395
1.91743210139
1.75521947554
1.58320046041
1.407977685
1.24263495549
1.10098890269
0.982603418415
0.891147947114
0.939870427076
1.36239411824
2.0696188808
2.08200049438
1.8981181325
1.62306317935
1.2943254018
0.953663249981
0.621999326624
0.314894467325
0.0378770416655
-0.209245647841
-0.434362912227
-0.650015757185
-0.874804345095
-1.1296816747
-1.44026223324
-1.82822991142
-2.30640866883
-2.86338995355
-3.45352992957
-3.71571225024
-3.77851342509
-3.90388854446
-4.09397464897
-4.3097736275
-4.51073785118
-4.68186494028
-4.81701883289
-4.91057354258
-4.95672851145
-4.95550246278
-4.91528649474
-4.84407278368
-4.74437075683
-4.66788135814
-4.66659489467
-5.37554441999
-6.43063332823
-10.078050206
-2.3942960168
1.89126602202
1.36474376616
2.49506929182
2.34662341864
2.51650638173
2.81609787475
3.35583402541
3.66888755878
3.56255171133
3.30443928555
3.1138810949
2.92524324101
2.71887048017
2.5471012016
2.44579888272
2.41731630064
2.44317783433
2.50164336371
2.57606200496
2.65531970293
2.72976998329
2.78811038963
2.817977546
2.81300967111
2.77995133902
2.72610439637
2.65175959301
2.55591060408
2.43829320174
2.29941773429
2.14072028899
1.96442241114
1.77265909397
1.56698975329
1.35178337044
1.14123996426
0.956709376539
0.804066543831
0.682212146288
0.710713924137
1.17655067194
2.07730078896
2.04721865541
1.86918355983
1.59397371599
1.27003975852
0.933881981565
0.609335170109
0.308185513274
0.0373742766819
-0.205583159876
-0.427229342892
-0.641674120883
-0.865201430185
-1.12064134936
-1.42919037694
-1.81860051714
-2.29292766095
-2.8348681826
-3.35069748381
-3.46523052316
-3.46510221715
-3.6194080541
-3.8745579179
-4.1507806264
-4.4070778009
-4.63204929641
-4.8155406233
-4.94445855956
-5.00762592398
-5.00156924078
-4.9258867398
-4.79179089687
-4.62614710349
-4.49180127874
-4.47617328092
-5.11627150229
-5.98333497708
-8.3570359325
-1.99199430033
2.01434315376
1.36342088278
2.59984511351
2.39256815675
2.42297206921
2.59541402224
3.08437564114
3.54543941881
3.5662480676
3.3219986795
3.20978642443
3.15139117413
3.02544376082
2.85756819333
2.70695239905
2.60983393829
2.56561421785
2.55085853044
2.53816207676
2.51259700686
2.47669365285
2.44544940811
2.43477747225
2.44860514288
2.46784450854
2.46793613943
2.44027450846
2.38375226703
2.29799952091
2.18323972324
2.0404796701
1.87181795671
1.67924516787
1.46261254261
1.22224583225
0.971209185504
0.742602247367
0.563349154556
0.437994022862
0.469025600594
0.918805273441
2.01937004954
1.9693222028
1.79030871921
1.5310386504
1.20533910495
0.883665085796
0.5649658752
0.276535874527
0.0123258686515
-0.220883101186
-0.438123714992
-0.643996227687
-0.864558381092
-1.10719293236
-1.41120978876
-1.77818775704
-2.25942979461
-2.76359541828
-3.17186858021
-3.11101519503
-3.07997197723
-3.29531586606
-3.62640639678
-3.94158249275
-4.21416828977
-4.44807041382
-4.63245977424
-4.74867575441
-4.78515923319
-4.75051118057
-4.68347128227
-4.59542484388
-4.42489982831
-4.18910845402
-4.07762849187
-4.56603809716
-5.1199691566
-6.37959521014
-1.47085113296
2.41681426099
1.19706153425
2.54247553986
2.44602213926
2.39715862414
2.42512418582
2.73818317994
3.19235040637
3.35046054408
3.11764431604
3.03924255925
3.12154461597
3.15684433926
3.09011245995
2.96596935426
2.8661907181
2.85876657574
2.974340717
3.19625562999
3.47281509505
3.73805133605
3.93347517548
4.01961135633
3.99032701275
3.8929132388
3.76202360096
3.60858276375
3.43232938189
3.23229965749
3.00777866667
2.75897948532
2.48759814717
2.19593943418
1.88261234326
1.53990019922
1.16598975764
0.790849883909
0.477184059062
0.289471641144
0.349280531259
0.835613341649
2.29895339483
2.15033821289
1.98896415775
1.67322784552
1.34071625813
0.991632460001
0.668674893595
0.364930895777
0.0967366361997
-0.147907705435
-0.36860713592
-0.58455570228
-0.80343802542
-1.05319815958
-1.33930101662
-1.70697793807
-2.16686665601
-2.71986898478
-2.92359348657
-2.69936743016
-2.77711399646
-3.24691638173
-3.79603723531
-4.25659361335
-4.65176568408
-5.01075654847
-5.31657284083
-5.54026739481
-5.66152852119
-5.64838289926
-5.41850281941
-4.85749271099
-4.07088638795
-3.44822967867
-3.36081590677
-3.92532810006
-4.29432327259
-4.79636209823
-1.4007069741
3.00880127224
1.23204239221
2.17275156228
2.36629872459
2.34032791659
2.32156710166
2.46919980752
2.77342421342
3.00025813654
2.91274834364
2.99129946261
3.30306641041
3.63314721375
3.80313856111
3.71592319824
3.36712148047
2.81758773762
2.17416093751
1.5516739701
1.04665401666
0.722090578815
0.611760414985
0.725041531685
0.996635506381
1.27039239776
1.51574299982
1.71505562402
1.86398679177
1.96001364654
2.00106670146
1.98450646734
1.90915235573
1.77602064364
1.58117377683
1.30036218042
0.892352274435
0.369063777504
-0.0822527172363
-0.145218915332
0.151582294706
0.339181762864
2.07731092334
1.84480106077
1.72089724642
1.39533845279
1.09923488597
0.774700517569
0.488116851053
0.212581746519
-0.0279240781814
-0.247772495271
-0.449424521946
-0.638660830689
-0.839584909999
-1.04552545152
-1.3021133189
-1.58078619627
-2.0006745937
-2.5726088424
-2.47605641786
-1.98696465344
-2.30523504552
-3.04233729995
-3.58931009733
-3.85474206648
-3.98312608354
-4.02659593437
-3.94995715247
-3.71868263763
-3.32751277868
-2.82353339096
-2.29362715099
-2.13778091377
-2.66424581502
-3.83696698139
-5.16938826199
-5.94964193671
-5.43657769895
-4.47123761742
-1.71012654664
3.50109796845
1.78694206363
1.84401835313
2.02559503045
2.05768923172
2.12444555271
2.36279725615
2.63575993305
2.77848242659
2.73974373172
3.06210814731
3.96633664596
5.26004486425
6.80761274141
8.44437602035
10.019943979
11.3905472788
12.4536476463
13.1573213565
13.5027016799
13.5319534761
13.3129590358
12.9367144379
12.5363022194
12.1709506422
11.7453133272
11.237245574
10.6462785837
9.97827812617
9.23814791851
8.43064569693
7.56386413068
6.65261046772
5.70779613713
4.70436766862
3.57412640496
2.33189652186
1.30523306341
0.930866077287
0.67419417402
1.29229545344
4.8035783691
2.66139203905
3.31226962018
2.10647331807
2.1894433692
1.42698364445
1.2989849497
0.77404727382
0.605593503569
0.203600066144
0.0692714858401
-0.316197982192
-0.374660809223
-0.876743512656
-0.788632886746
-1.57217901722
-1.20515087775
-2.75631694102
-1.76647394773
-1.28125283707
-3.3133576542
-5.72423939642
-7.60419387161
-9.17809328149
-10.7220059308
-12.2362169856
-13.6241145226
-14.8190458539
-15.8039048527
-16.6384821251
-17.6320614303
-18.6044719698
-18.98527765
-18.1961482345
-15.8342491638
-12.0013068598
-7.34529720885
-3.33919000824
-0.256743363905
3.49294714947
2.60718790355
2.35597751734
2.52848606196
2.70440339224
2.90809438269
3.1251339875
3.17069639253
2.99780571253
2.45485345332
1.80755312291
1.40123709482
1.01584495265
0.732602182182
0.58207503328
0.616878006081
0.845183605203
1.25125742645
1.79333211009
2.41608021975
3.05749038315
3.65159075013
4.12467308806
4.4090464202
4.54351974809
4.61723817345
4.66122258623
4.68178998165
4.67740486362
4.6431989392
4.57202058925
4.45823862106
4.30246325746
4.10043138359
3.80003742733
3.27558413531
2.45541035739
1.57208246437
0.973116295241
0.476021540005
0.419710911259
3.40950390365
-0.303495420546
1.92310378045
0.0374654846479
1.04987342333
0.0899506491205
0.533207028771
-0.02102353997
0.205906438118
-0.219085751104
0.00632786831113
-0.49568706174
-0.0642464644273
-0.893927449393
0.0506655342324
-1.47990601394
0.477091666193
-2.04500277497
0.669604712927
0.380108232585
-2.47719115801
-4.20708985176
-4.63562942939
-4.73799807718
-4.92442986805
-5.14531849062
-5.30601416268
-5.3829518145
-5.3557922083
-5.09636880107
-4.22605945579
-2.60844817375
-0.46731536562
1.8334479175
3.82247971133
5.04216311082
5.22922950655
4.62311344446
3.77197078991
)
;

boundaryField
{
    frontAndBack
    {
        type            empty;
    }
    upperWall
    {
        type            zeroGradient;
    }
    lowerWall
    {
        type            zeroGradient;
    }
    inlet
    {
        type            zeroGradient;
    }
    outlet
    {
        type            adjointOutletPressure;
        value           nonuniform List<scalar> 
20
(
-0.711248606346
-0.495933652379
-0.370068683043
-0.326912295666
-0.303047749325
-0.27369483126
-0.240244552441
-0.20498968774
-0.168341350057
-0.130056651757
-0.0897452484811
-0.0468495459128
-0.000544783614366
0.0503959389874
0.107835783606
0.174913336953
0.256043956561
0.353989139207
0.430034862078
0.304326472719
)
;
    }
}


// ************************************************************************* //
