/*--------------------------------*- C++ -*----------------------------------*\
| =========                 |                                                 |
| \\      /  F ield         | OpenFOAM: The Open Source CFD Toolbox           |
|  \\    /   O peration     | Version:  v1806                                 |
|   \\  /    A nd           | Web:      www.OpenFOAM.com                      |
|    \\/     M anipulation  |                                                 |
\*---------------------------------------------------------------------------*/
FoamFile
{
    version     2.0;
    format      ascii;
    class       volScalarField;
    location    "600";
    object      p;
}
// * * * * * * * * * * * * * * * * * * * * * * * * * * * * * * * * * * * * * //

dimensions      [0 2 -2 0 0 0 0];


internalField   nonuniform List<scalar> 
6400
(
0.188497314349
0.188254673976
0.187875783547
0.187485048732
0.187337103091
0.186969230764
0.186129519932
0.18469568608
0.182713076083
0.180243416694
0.177369673962
0.174184514246
0.170781586774
0.167249224136
0.163666506115
0.160101279531
0.156609649592
0.153236470246
0.150016431885
0.146975436831
0.144132046053
0.141498858959
0.139083750327
0.136890930747
0.134921825937
0.13317578623
0.131650646357
0.130343158022
0.12924932085
0.128364634902
0.127684289574
0.127203291452
0.12691656824
0.126819136992
0.126906420752
0.127174671548
0.127621010471
0.128241357383
0.129028416868
0.129975775416
0.131078799785
0.132332145273
0.133730375282
0.135268096022
0.136940011692
0.13874093617
0.140665778256
0.142709505
0.144867082214
0.147133391964
0.149503126177
0.151970659197
0.154529902878
0.157174152725
0.159895934502
0.162686865499
0.165537544249
0.168437485323
0.171375112409
0.174337822312
0.177312125219
0.180283862443
0.183238492355
0.186161428804
0.189038404955
0.191855828258
0.194601077942
0.197262687306
0.199830345254
0.202294639795
0.204646423264
0.20687557531
0.208968825821
0.210906779666
0.212661526648
0.214194532572
0.21544555616
0.216309520561
0.216676006811
0.216653907842
0.188538823519
0.188260859173
0.187997653898
0.187656927757
0.187241710926
0.186921315656
0.186065950355
0.18459533935
0.182565191821
0.180044331218
0.177122045109
0.173894803765
0.17045829927
0.166901541288
0.163303311478
0.159730533772
0.156238057778
0.152869371657
0.149657842792
0.146628185643
0.143797953568
0.141178929967
0.13877835571
0.136599967971
0.134644853699
0.132912131527
0.131399486546
0.130103578746
0.129020352706
0.128145270729
0.127473488578
0.126999956264
0.126719427462
0.126626483558
0.12671593475
0.126983875692
0.12742868039
0.128047684859
0.128835720026
0.129786247756
0.130892199381
0.13214759777
0.133546813374
0.135084415313
0.136755123576
0.13855378648
0.140475359438
0.142514866556
0.144667345476
0.146927765546
0.149290924617
0.151751319224
0.154302998731
0.156939404317
0.159653209576
0.162436169837
0.165279001646
0.168171302629
0.171101532663
0.174057063068
0.177024306628
0.179988924065
0.182936104544
0.185850899435
0.188718588627
0.191525041724
0.194257033604
0.196902453788
0.199450359161
0.20189080256
0.204214315778
0.206410893157
0.208468317825
0.210369834819
0.212091584146
0.213599555127
0.214843714135
0.215750537304
0.216235640492
0.216300022086
0.189014312696
0.188611767424
0.188149751023
0.187768079992
0.187192307552
0.186457351415
0.185296106528
0.183616902834
0.181432524738
0.178801661005
0.175808515543
0.172545135711
0.16910233358
0.165563804366
0.16200292938
0.158481502268
0.155049779413
0.151747347459
0.148604417441
0.145643269892
0.142879674528
0.140324184744
0.137983260986
0.135860210862
0.133955954506
0.132269634031
0.130799088165
0.129541214028
0.128492239027
0.12764793378
0.127003769808
0.126554982837
0.126296436304
0.126222529468
0.126328418832
0.12661288957
0.127075019709
0.127708699675
0.128506950674
0.12946451986
0.130575631497
0.131834626479
0.133235977934
0.134774298425
0.136444339358
0.138240987547
0.140159251704
0.142194233606
0.144341077458
0.146594894508
0.148950659687
0.151403081732
0.153946449232
0.156574460691
0.159280048068
0.162055208751
0.164890861424
0.167776744487
0.170701372999
0.173652069212
0.176615074806
0.17957574805
0.182518838506
0.185428824852
0.188290290212
0.191088302876
0.193808764442
0.196438663223
0.198966184376
0.201380654636
0.203672160453
0.205830741276
0.207845200939
0.209701395167
0.211379653117
0.212851343243
0.214076537783
0.215003747241
0.215559598553
0.215677025979
0.189705769316
0.189192221309
0.188520197264
0.187788069201
0.186855962306
0.18566644926
0.184111556545
0.182137413175
0.179746503828
0.17698486577
0.173923726603
0.170643557293
0.167224462223
0.163740268499
0.160255515505
0.156824378912
0.153490828874
0.150289492661
0.147246850148
0.144382520383
0.141710496347
0.139240253953
0.136977706192
0.134925998655
0.133086157683
0.13145760783
0.130038576722
0.128826405376
0.127817785695
0.127008950976
0.12639581526
0.125973980306
0.125738491403
0.125683838429
0.125806196285
0.126107438981
0.126585052666
0.127230929286
0.128039457099
0.129004983137
0.13012185302
0.131384500242
0.132787462999
0.134325399621
0.135993103062
0.137785510643
0.139697703965
0.141724891619
0.143862369429
0.146105452135
0.148449373911
0.150889155954
0.153419444649
0.156034326053
0.158727128236
0.161490225266
0.164314861999
0.167191018876
0.170107337248
0.173051121647
0.17600843111
0.178964264039
0.181902831863
0.184807906601
0.187663220479
0.1904528773
0.19316175968
0.195775856399
0.198282427266
0.200670114486
0.202928749771
0.205048708615
0.207020110422
0.20883162705
0.210468215407
0.211907928803
0.213120526229
0.214067335762
0.214676071578
0.214845561127
0.190370301542
0.189627084169
0.188662487015
0.187512000546
0.186137279281
0.184504545288
0.182556119128
0.180269258467
0.177655472492
0.174755809626
0.17162965691
0.16834388877
0.164965143326
0.161554909593
0.158167018937
0.154846779214
0.151631134204
0.148549383386
0.145624150663
0.142872411002
0.140306468855
0.137934837028
0.135762996753
0.133794037701
0.132029186023
0.130468231422
0.129109863897
0.127951935692
0.126991671237
0.126225837362
0.125650836084
0.125262609972
0.125056420322
0.125027376367
0.125173125784
0.125496140061
0.125992749732
0.126653950389
0.127474811517
0.128449938793
0.129573877831
0.130841175339
0.132246429767
0.133784331312
0.135449696702
0.137237497728
0.139142878275
0.141161153743
0.143287785399
0.145518323349
0.147848312488
0.150273159211
0.152787959844
0.155387297354
0.158065016745
0.160813994836
0.163625924837
0.166491139558
0.169398495745
0.172335342271
0.175287584793
0.178239857537
0.18117579769
0.184078405008
0.18693047966
0.18971506245
0.19241590888
0.19501793839
0.197507380805
0.199872091361
0.202101615658
0.204186562268
0.20611807026
0.20788710185
0.209482581137
0.210888486192
0.21208220776
0.21303489845
0.213675199159
0.213893771163
0.190621643074
0.189535729317
0.188272665828
0.186738477077
0.184956563154
0.182925693745
0.180628581442
0.178066231703
0.175259319942
0.172246360194
0.169076970454
0.165805178578
0.162484247928
0.159163286188
0.155885476695
0.152687462237
0.149599455421
0.146645746836
0.143845393247
0.141212954857
0.138759209544
0.136491808144
0.134415853772
0.132534401357
0.130848879641
0.129359438579
0.128065225957
0.126964606082
0.126055352584
0.125334797376
0.12479985951
0.124446812077
0.124271190631
0.124269482591
0.124442442836
0.124789360278
0.125304672669
0.125981886444
0.126815840751
0.127801228856
0.128932693298
0.130204849175
0.13161232962
0.133149836172
0.134812190252
0.136594380744
0.138491601509
0.140499271011
0.14261302553
0.144828677085
0.147142128575
0.1495492411
0.152045653108
0.154626556917
0.157286443992
0.160018834002
0.162816011652
0.165668800397
0.168566397388
0.1714963027
0.174444353236
0.177394879615
0.180330990418
0.183234934121
0.186088604864
0.188874000961
0.191573734963
0.1941717404
0.196653220632
0.199005185334
0.201216929695
0.203279165313
0.205183615408
0.206922774472
0.208488340618
0.209868398631
0.211044849208
0.211997476901
0.212655944935
0.212920183765
0.189890340191
0.188640425821
0.187188904114
0.185363406991
0.183266654981
0.180925044341
0.178357013581
0.175584108193
0.172635236503
0.169547443742
0.166362693191
0.163124358855
0.159874327339
0.156651054761
0.15348853143
0.150415913153
0.147457585555
0.144633477812
0.141959503218
0.139448050503
0.137108480232
0.134947599042
0.1329700943
0.131178920324
0.129575632502
0.128160666865
0.126933564697
0.125893152829
0.125037708365
0.124365093979
0.123872731044
0.12355726074
0.123414611417
0.123442534069
0.123643862405
0.124015918919
0.124551452174
0.125245607751
0.126093375245
0.127089619618
0.128229085553
0.129506436379
0.130916310379
0.132453386613
0.13411245507
0.135888485773
0.137776689803
0.139772563407
0.141871904681
0.144070791573
0.146365510493
0.148752427719
0.151227800391
0.153787531942
0.156426885313
0.159140166726
0.161920405549
0.164759074111
0.167645861428
0.170568562069
0.173513075306
0.176463536815
0.179402641327
0.182311961942
0.185172581493
0.187965576498
0.190672408001
0.193276236995
0.19576131548
0.198113713464
0.200322559723
0.202378505628
0.204273415148
0.206000606953
0.207553347698
0.208922145614
0.210090495104
0.211045822349
0.211717173256
0.212024331148
0.188205467607
0.186921025685
0.185386421914
0.183380151047
0.181078659097
0.178529605231
0.175781144668
0.172872006556
0.169838922242
0.166718780342
0.163548228162
0.160362670969
0.157195231125
0.154076000735
0.151031632167
0.148085200187
0.145256258931
0.142561029299
0.140012670219
0.137621599236
0.135395835322
0.133341342048
0.131462353555
0.129761671464
0.128240925501
0.126900793046
0.125741176652
0.124761348791
0.123960085807
0.123335775451
0.122886359902
0.122609000904
0.122500283223
0.122558938538
0.122788523848
0.123185601
0.123741974988
0.124453517707
0.125315512122
0.126323007043
0.127470840323
0.128753701101
0.13016620276
0.131702966098
0.13335870942
0.135128340866
0.137007045847
0.138990359701
0.141074213086
0.143254935893
0.145529205045
0.147893924603
0.150346031605
0.152882229221
0.155498668393
0.158190585553
0.160951910954
0.163774939643
0.166650024013
0.169565425074
0.17250728283
0.175459677329
0.178405082621
0.181324523076
0.184198425592
0.187007241934
0.189731244775
0.192353216249
0.19485661502
0.197226367836
0.199451603969
0.201522614798
0.203430970757
0.205170274592
0.206734181396
0.208114148471
0.209292789889
0.210263298097
0.210950834137
0.211300776499
0.185777271614
0.184509587066
0.182954110765
0.180859398146
0.178452753978
0.175792552875
0.172949799858
0.169976104163
0.166914904243
0.163803805498
0.160676197205
0.157562041573
0.154488220082
0.151478693035
0.148554585581
0.145734259704
0.143033408463
0.140465191691
0.138040418235
0.135767767786
0.133654037714
0.131704397668
0.129922635972
0.128311386099
0.126872325284
0.125606340651
0.124513664466
0.12359398814
0.122846564621
0.122270271347
0.121863531241
0.121624088578
0.121549392237
0.12163902413
0.121896440894
0.122317871259
0.12289476751
0.123623533418
0.124499718656
0.125518527283
0.126674862163
0.127963406925
0.129378714441
0.130915306351
0.132567782665
0.134330937909
0.136199877162
0.138170121102
0.140237685564
0.142399118204
0.144651472288
0.146992201035
0.149418964031
0.151929334914
0.154520452285
0.157188624746
0.159928831483
0.16273437584
0.165596456103
0.168503980686
0.171443561074
0.174399356372
0.177353911522
0.180287900292
0.183181287074
0.18601449025
0.188766439719
0.191420132063
0.193958465814
0.196364816578
0.19862895852
0.20074046708
0.202690176975
0.204471825222
0.206078314185
0.207500198367
0.208716902766
0.209723967066
0.210439004269
0.210836178898
0.182781018825
0.181558050458
0.180022082916
0.177908213372
0.175475292763
0.172783294766
0.169919230421
0.16694297236
0.16390298278
0.160837828045
0.157779117786
0.154753391604
0.15178338477
0.14888880993
0.146086809405
0.143392213025
0.140817706289
0.138373976913
0.136069874161
0.13391258983
0.131907854579
0.130060136917
0.128372832424
0.126848434441
0.125488679973
0.124294667458
0.123266953008
0.122405640286
0.121710452954
0.121180734101
0.120815307065
0.120612435004
0.120570698245
0.120690956094
0.120975526107
0.12142030109
0.12201708316
0.122762696476
0.123652907788
0.12468303343
0.125848008099
0.127142479463
0.128560907331
0.130097676145
0.131747221825
0.133504171111
0.13536348737
0.137320611608
0.139371581448
0.14151310821
0.143742585527
0.146058001805
0.148457759695
0.150940351588
0.153503968808
0.156146133458
0.158862989613
0.161649034991
0.164496494057
0.167395070282
0.170332156768
0.173292083993
0.176257891688
0.179210221978
0.182128691841
0.184994603111
0.187785073584
0.190484154686
0.193074633661
0.195537669317
0.197865974412
0.200048107715
0.202072709016
0.203933768182
0.205622512356
0.207125846448
0.208417733905
0.209490831958
0.210252795899
0.210708553158
0.179363672376
0.178206477235
0.176720336608
0.174638781634
0.172238685899
0.169575940474
0.166747962474
0.163818836992
0.160840322685
0.157851769121
0.154883907551
0.151961272369
0.149103997487
0.146328978167
0.143650576949
0.141081040906
0.138630765479
0.136308493431
0.134121495311
0.132075747617
0.13017610815
0.1284264804
0.126829960119
0.125388960275
0.124105311371
0.122980335776
0.122014907866
0.121209529948
0.120564376602
0.120079222257
0.11975319187
0.11958491805
0.11957448014
0.119725475832
0.120036403675
0.120502073259
0.121117475371
0.121879121498
0.122782841882
0.12382399234
0.124997501967
0.126297955582
0.127719693534
0.129256931217
0.130903899505
0.132655004968
0.134505005468
0.13644918995
0.138483541271
0.140604861158
0.142810828387
0.14509992437
0.147471291607
0.149924373528
0.152458411989
0.155072296756
0.157763383524
0.16052753349
0.163358179819
0.166245879657
0.169179262729
0.172142848875
0.175120670283
0.178093734959
0.181041065995
0.183945943324
0.186782923669
0.189538920683
0.192197724839
0.194736796875
0.197156809177
0.19944441817
0.201582045143
0.203564138702
0.205379316839
0.207009022378
0.208422484685
0.209603446732
0.210447563436
0.210984533677
0.175662345522
0.174583800882
0.17316818962
0.171155576656
0.168830522597
0.166241535723
0.163492218201
0.160647707124
0.157761566056
0.154873535152
0.152013916986
0.149206120989
0.146468710722
0.143816763471
0.141262740295
0.138817034275
0.136488335649
0.134283903134
0.132209788247
0.130271030815
0.128471829095
0.126815681761
0.125305500841
0.123943697786
0.122732244215
0.121672709926
0.120766293369
0.120013875171
0.119416054902
0.118973024047
0.118684213218
0.118548613202
0.118567504256
0.118746302552
0.119081624826
0.119567251172
0.120200238705
0.120977044737
0.121893592874
0.122945279561
0.124127021859
0.125433333367
0.126858423206
0.128396319132
0.130041017603
0.13178666146
0.133627743157
0.135559325536
0.137577253062
0.13967832558
0.14186044045
0.144122500298
0.146464352863
0.148886438769
0.151388916161
0.153972241781
0.156634917657
0.159374298522
0.16218526014
0.165059120512
0.167986353956
0.170951502866
0.173939852356
0.176933047167
0.179908994067
0.182854536101
0.185741350379
0.188562904895
0.191306298513
0.193941508644
0.196479726411
0.198903849713
0.201188911128
0.203331139367
0.205317074351
0.207125122437
0.208720979697
0.210069576766
0.211053607382
0.211709191058
0.171798679077
0.170803967948
0.16947065906
0.167550923698
0.165328986423
0.162844211239
0.160203234673
0.157469898584
0.154698369184
0.151928294094
0.149189683682
0.146505292393
0.143892737044
0.141365927851
0.138936036129
0.136612144951
0.134401708652
0.13231089933
0.130344881037
0.128508028817
0.126804098949
0.12523635335
0.123807643494
0.12252046201
0.121376968905
0.120378999631
0.119528072471
0.118825422597
0.11827202895
0.117868468485
0.117614547301
0.117509727332
0.11755604232
0.11775938755
0.118116581632
0.118620994417
0.119270259403
0.12006103346
0.120989369788
0.122050722019
0.123240001873
0.124551656003
0.125979764386
0.127518163384
0.129160600667
0.130900925585
0.132733314528
0.134652534275
0.136654211321
0.138735027496
0.140893035286
0.143127458588
0.145438752182
0.147828489277
0.150297377958
0.152847740954
0.155479037742
0.158190174052
0.160977810648
0.163833645583
0.166750486008
0.169712329437
0.172705685409
0.175713310066
0.178712205065
0.181696623799
0.18463714836
0.187532095927
0.190375428747
0.193130361028
0.195799889229
0.198372021114
0.200834167304
0.203178023616
0.205388535621
0.20743963008
0.209289150968
0.210876955217
0.212072557962
0.212891162201
0.16787247477
0.166961677243
0.165715889799
0.163902993664
0.161800994695
0.159439523587
0.156925944709
0.154321133857
0.151678929656
0.149038389046
0.146429171591
0.143873564244
0.141388569331
0.138987324806
0.136680122518
0.134475134162
0.132378950156
0.130396992612
0.128533834001
0.126793436394
0.125179320119
0.123694670419
0.122342393717
0.12112513745
0.120045285827
0.11910494421
0.118305931425
0.117649799159
0.11713784414
0.116770972682
0.116549407137
0.116473182788
0.116544886636
0.11677041905
0.11714729332
0.117668661377
0.118332509071
0.119135689649
0.120074383745
0.121144105597
0.122339768725
0.12365576428
0.125086057239
0.126624303833
0.128264005588
0.129998706974
0.131822234979
0.133728996781
0.135714348973
0.137774701777
0.139908217001
0.142114331945
0.144393865825
0.146749888563
0.149182959931
0.15169771353
0.154294319936
0.156973073999
0.159732759727
0.162564504933
0.165463606954
0.168412952556
0.171400769066
0.174414885913
0.177431444976
0.180454249435
0.183463251762
0.18643214454
0.1893588493
0.192226587695
0.195032055494
0.197769436517
0.200432116656
0.20301321959
0.205498688107
0.207859939379
0.210045464851
0.211964975421
0.213467270897
0.21449564538
0.163962178027
0.163132351493
0.161974933809
0.160275522226
0.158301827595
0.156073999855
0.153698499372
0.151232124963
0.148727703102
0.146223238836
0.143747881192
0.141323462976
0.138966514735
0.136689623756
0.134502470967
0.13241260753
0.130426054066
0.12854776468
0.12678197786
0.125132466666
0.123602699601
0.122195926151
0.120915204818
0.119763392806
0.118743114745
0.117856729547
0.117106318084
0.116493696033
0.116020402345
0.115687569738
0.115495792236
0.115445797458
0.115540746459
0.115786159334
0.116180472842
0.116716643145
0.117393019055
0.118206652104
0.119153842992
0.120230162192
0.121430528833
0.12274929158
0.12418032165
0.125717118579
0.127352955589
0.129081080871
0.130894966301
0.132788590003
0.134757057836
0.136796286774
0.138904531552
0.141081391571
0.143327533343
0.145648279365
0.148043018763
0.150519159787
0.153077384526
0.155718564715
0.158443809221
0.16124227514
0.164112038738
0.167038763439
0.170010163828
0.173029026275
0.176069881116
0.179115659715
0.182158876328
0.185183648511
0.188183576971
0.191151102793
0.194084963799
0.196985728449
0.199854405077
0.202690347098
0.205485144884
0.208213361372
0.210819897786
0.213192463762
0.215150928855
0.216455636705
0.160128061879
0.159374513608
0.158303427256
0.156718944269
0.154875816189
0.152785481284
0.150552374821
0.148228553583
0.145865359539
0.143499354083
0.141158983661
0.138865549177
0.136635142294
0.13447991378
0.132409108404
0.130429870416
0.128547882741
0.126767863532
0.125093933519
0.12352986489
0.122079225865
0.120745440359
0.119531786383
0.118441357154
0.117477005657
0.116641298963
0.115936513897
0.115364655744
0.11492740977
0.11462596062
0.11446110672
0.114434631391
0.114551113686
0.114814420532
0.115223668355
0.115772159123
0.116458666613
0.117280442792
0.118233879913
0.119314582756
0.120517469741
0.121836854358
0.123266538051
0.124799895235
0.126430000875
0.128149829497
0.129952537932
0.131831557183
0.133781897619
0.135798666935
0.137880212813
0.140026441159
0.142236965669
0.144520491788
0.146874110668
0.149307931397
0.151823168193
0.154419409521
0.157100436929
0.15985585523
0.162683198371
0.165586385759
0.16854246827
0.171540712812
0.174571439975
0.177619545886
0.18067492687
0.183727499216
0.18677259334
0.189808969266
0.192840733408
0.195875954631
0.198925073832
0.201997419665
0.20509527195
0.208203425212
0.211272908186
0.21418319201
0.21672306104
0.218482254343
0.156415535453
0.155732588253
0.154743906796
0.153272180257
0.151557606812
0.14960394974
0.14751286808
0.145331349155
0.143108951179
0.140880484347
0.138673512842
0.136508694486
0.134401661805
0.132364183032
0.130405182423
0.128531555668
0.126748829179
0.125061669902
0.123474252486
0.12199049392
0.120614173194
0.119348960653
0.11819838617
0.117165773835
0.116254165968
0.115466268916
0.11480447158
0.114270878953
0.113867222666
0.113594573046
0.113453729472
0.113448079172
0.113585723493
0.113865446479
0.114285276381
0.114843035034
0.11553694157
0.116364260204
0.117321378323
0.118403882351
0.119606669858
0.120924016531
0.122349676832
0.123876935607
0.125498711145
0.12720771161
0.128996908038
0.130858933782
0.132789073856
0.134781226798
0.136833807197
0.138947493173
0.141119590904
0.143363262537
0.145672429331
0.148058479226
0.150523852808
0.153066739844
0.15569142448
0.158402897796
0.16118816309
0.164040368119
0.166952964471
0.169912751457
0.172907908985
0.175926026106
0.178957634466
0.181995996354
0.185039317284
0.188091156757
0.1911613065
0.194265231557
0.197422950029
0.200654452753
0.203974227877
0.207378731479
0.210818080475
0.2141242126
0.217026992414
0.219258768198
0.152857841706
0.152239402613
0.151328061745
0.149964505869
0.148373594639
0.146552559332
0.144599798493
0.142557149984
0.140472224695
0.13837786046
0.13630059686
0.134260340025
0.132272226678
0.13034766768
0.128495346904
0.126722030325
0.125033227364
0.123433696063
0.121927794651
0.120519690331
0.119213446738
0.118013019942
0.116922196365
0.115944502651
0.115083113009
0.114340791605
0.113719927511
0.113222604562
0.112850496146
0.112604516629
0.112485475456
0.112497828279
0.112651185347
0.112943745007
0.113372428998
0.113936848753
0.114635439347
0.115465569644
0.116423601762
0.117505053912
0.118704783396
0.120017014626
0.121435475309
0.122953393112
0.124563585593
0.12625843571
0.128031018358
0.129872702916
0.131779677362
0.133744264148
0.135764748458
0.137843228544
0.139973329017
0.142173024806
0.144433018151
0.146763871248
0.149170458823
0.151657626724
0.154227433621
0.156871592359
0.159592869656
0.162381647338
0.165228175633
0.168120261878
0.171045722957
0.173992990786
0.176953060068
0.179920619521
0.182895601675
0.185884189445
0.188899618307
0.191961805642
0.195096721315
0.198329651104
0.201680454824
0.205141157374
0.208607120547
0.211799071296
0.215117868599
0.219197911763
0.149478545714
0.14891845487
0.148078783024
0.146817294575
0.145343318005
0.143648696669
0.141828277597
0.139918846074
0.137966005836
0.136000482327
0.134047696319
0.132126715693
0.130252149405
0.128435065794
0.126683967113
0.125005578364
0.12340549499
0.121888667576
0.120459724329
0.11912314398
0.117883305262
0.116744447867
0.115710581908
0.114785376042
0.113972051255
0.113273326817
0.112691476329
0.112228436943
0.11188572639
0.111664145964
0.111564683604
0.111592501816
0.111757472081
0.112058869981
0.112493351615
0.113061422433
0.11376178898
0.114591862581
0.115547898948
0.11662525394
0.117818724724
0.119122450619
0.12053014761
0.122034995852
0.123629809569
0.125306446236
0.127058626943
0.128875807761
0.13075581503
0.132689232174
0.134673626396
0.136713026469
0.138796147813
0.14094487877
0.143150724713
0.14542086014
0.147771557134
0.150186803536
0.152682710099
0.155252921713
0.157893478476
0.160595699253
0.16334861259
0.166139402229
0.168954854053
0.171782628963
0.174612831196
0.177439365175
0.180261242478
0.183083536162
0.185917917309
0.188781809074
0.191697799533
0.194682091254
0.197742903159
0.200824896275
0.203668450241
0.206302614648
0.209627432026
0.215657619383
0.146293563072
0.145785847575
0.145011947901
0.143845563103
0.142480727762
0.140904979294
0.139209463237
0.13742613172
0.135598599023
0.133755409857
0.131920821506
0.130113007048
0.128346030442
0.126630631404
0.124975175592
0.123386411208
0.121870090113
0.120431418956
0.119075342003
0.117806671077
0.11663009384
0.115550100974
0.11457087219
0.113696147477
0.112929108753
0.112272328076
0.11172785022
0.111297334412
0.110982003318
0.110782494225
0.110700036421
0.110740311077
0.110912980854
0.111219222133
0.111655892699
0.112224328563
0.11292340712
0.113750452836
0.114701499235
0.115771580483
0.116955426088
0.118247027336
0.119640097315
0.121127732532
0.122702931469
0.124356683416
0.1260841292
0.1278721472
0.129720610218
0.131618438754
0.133561258686
0.135555548238
0.137587737665
0.139675347914
0.141831925288
0.144033053
0.146307164541
0.148648467411
0.151060430133
0.153539487674
0.156079371842
0.158670171541
0.161299091522
0.163951421091
0.166611787554
0.169265454707
0.171899654805
0.174504756014
0.177075179778
0.179609830187
0.182111732804
0.184585578656
0.187035045682
0.189439844934
0.19177668627
0.193920624962
0.195458574101
0.195529329264
0.193943157701
0.195756271795
0.143312966604
0.142851955257
0.142137945802
0.141059302046
0.13979529889
0.138330149938
0.136751252048
0.135086024225
0.133376165009
0.131648030189
0.129924714
0.12822346883
0.126557814034
0.124938177389
0.123372823194
0.121868566557
0.120431358074
0.11906669174
0.117779841102
0.116575942579
0.115459962181
0.114436591551
0.113510117155
0.112684283164
0.111962157271
0.111346068694
0.110837715163
0.110438343698
0.110148698818
0.109969060292
0.109900889074
0.109950323781
0.11012626983
0.110432802545
0.110867602856
0.11143288295
0.11212748499
0.112948441715
0.113891451395
0.114950967133
0.116121676684
0.117397328114
0.118771646828
0.120237587086
0.121788668152
0.123414613395
0.125112594192
0.126866426766
0.128677531325
0.130533708755
0.132428302811
0.134367738449
0.136354262702
0.138378626148
0.140460541876
0.142593352007
0.144786677346
0.147040817331
0.149355450701
0.151726024255
0.154144007913
0.156597097196
0.159069817914
0.161544468565
0.164002229614
0.166424268825
0.168792719998
0.171091371174
0.173305900566
0.17542340468
0.177430803745
0.179310689505
0.181034741224
0.182521804486
0.183705037112
0.184087246525
0.181971151976
0.174488381783
0.155447662263
0.0996231426272
0.140542333263
0.140122745905
0.139462926114
0.138464584126
0.137292972954
0.135929848686
0.134458888166
0.132903325946
0.13130305733
0.129682288891
0.128062990015
0.126461493595
0.124890791391
0.123361019392
0.121880368414
0.120455747675
0.11909332668
0.117798893797
0.116578042441
0.115436207354
0.114378590832
0.113410029279
0.112534852384
0.111756749565
0.111078620978
0.110502466721
0.110029487266
0.109660339489
0.109395030609
0.109233038185
0.1091761194
0.109231711431
0.109406238799
0.109707623263
0.11013597018
0.110694336038
0.111381145156
0.112192804072
0.113124632592
0.114170112464
0.115323968376
0.116579637748
0.117930931093
0.119370631146
0.120893106749
0.122486418543
0.124149596707
0.125863097897
0.127628633171
0.129435496507
0.131280053224
0.133164888596
0.135085121802
0.137045321532
0.139051694912
0.141104707018
0.143208468661
0.14536330774
0.147566375374
0.149810693548
0.15208489661
0.15437350464
0.156657524489
0.158915287324
0.161123345868
0.163257239964
0.16529194746
0.167201811961
0.168959698006
0.170535041051
0.171890391377
0.172975954524
0.173724371884
0.1740356554
0.173961201721
0.171753125121
0.165327735709
0.152014694103
0.125297326875
0.074606351744
0.13798391912
0.137600876417
0.136989816132
0.136064471856
0.134976939451
0.133707262492
0.132335482287
0.130881022136
0.129382111652
0.127860884056
0.126338251278
0.124829649586
0.123347573768
0.121901891169
0.120500741565
0.1191511435
0.11785949036
0.116631857246
0.115474137175
0.114392032623
0.113390943372
0.112475803189
0.111650928549
0.110919907026
0.110285444592
0.109749151021
0.109311506983
0.108972262687
0.108730482692
0.108584397184
0.10853600103
0.108595915297
0.108764625846
0.109052331587
0.109468701893
0.110016069198
0.110691573804
0.111490419906
0.112407667589
0.113435377409
0.114568465499
0.115800108566
0.117124286954
0.118533518531
0.120022846347
0.121577949384
0.12319847038
0.124865044644
0.12657551286
0.128334544171
0.130118811131
0.13194011198
0.133793720194
0.13568106126
0.137605846669
0.139569822188
0.141574371068
0.143617886879
0.145694826094
0.147795109346
0.149903925277
0.152002005409
0.154066195276
0.156070151031
0.15798496264
0.159779483863
0.161420131356
0.162869860641
0.164085909359
0.165015653765
0.165589432331
0.165708051663
0.165220479169
0.163876377491
0.161244508684
0.156301033099
0.147111113029
0.131638429853
0.105321779998
0.0632185327738
0.135637488157
0.135286527864
0.13471912516
0.133859746593
0.132848272346
0.13166366133
0.130382445468
0.129020616535
0.127614890572
0.126185428619
0.124752173434
0.123329703084
0.121930056145
0.120562856378
0.119236211546
0.11795725735
0.116732608441
0.115568614405
0.114471449427
0.113447063182
0.112501035081
0.111638374131
0.110863344495
0.11017938353
0.109589014301
0.109093514857
0.108692463996
0.108384149461
0.108166819193
0.108037864356
0.107996951942
0.108053378701
0.108207887939
0.108474639784
0.108873349872
0.109405415105
0.110065857475
0.110847976008
0.111746925088
0.112753035293
0.113861544513
0.115065455663
0.11635865707
0.117732686099
0.119182082152
0.120691919896
0.122256741871
0.123877406804
0.125530337409
0.127226458264
0.128951176051
0.130704236559
0.132483909707
0.134290806751
0.136126910244
0.137993104567
0.139888482427
0.141808784476
0.143745319209
0.145684436139
0.147607442277
0.14949090601
0.151307179645
0.153024934239
0.154609483644
0.156022656606
0.157221941996
0.15815855406
0.158773900708
0.158993619214
0.15871773134
0.157804259401
0.156041342377
0.153097134067
0.148433273115
0.141103643217
0.129596616316
0.112010963444
0.0852074854638
0.0482784549897
0.133501044965
0.133178090962
0.13264958759
0.13184949169
0.13090644393
0.129798836252
0.128599848036
0.127322412697
0.126001891296
0.12465658988
0.123305583454
0.121962640084
0.120639389199
0.119345236748
0.118088275367
0.116875762451
0.115714529749
0.114611192983
0.113572200286
0.112603749919
0.111711615353
0.110900905153
0.110175831116
0.109539658887
0.108994811207
0.108542523582
0.108181415158
0.107906982958
0.107716068191
0.107607353143
0.107573102265
0.107618517192
0.107747773061
0.107982322018
0.108357294581
0.108869705181
0.109511054277
0.110272411657
0.111149265667
0.112130162701
0.113210425936
0.114382409153
0.115638582127
0.116970044347
0.118366861242
0.119828094737
0.121337802618
0.122898069473
0.124495820604
0.12612701828
0.127783462592
0.129461997489
0.131161000661
0.132880301203
0.134620328336
0.136380279881
0.138156754612
0.139942420769
0.141725066784
0.143487187517
0.145206020983
0.146853899816
0.148398724672
0.149804336554
0.15103055627
0.152032646226
0.152759915054
0.153153103874
0.153140032909
0.152628696952
0.151496495936
0.149573437109
0.146615790315
0.142264563747
0.135982215406
0.126957041216
0.114018000839
0.0957109623865
0.069694881443
0.0370243404318
0.131571326061
0.131272675187
0.130778661817
0.130031553312
0.129149736729
0.128111455361
0.126986715957
0.125785750707
0.124542725102
0.123274215246
0.121998536526
0.120728699318
0.119475973642
0.118249571943
0.117057586732
0.115907399857
0.114806057601
0.113760440035
0.112777277351
0.11186303897
0.111023739624
0.110264653516
0.109589977391
0.10900273868
0.108505106345
0.108098212543
0.107780040919
0.107542713841
0.107377364798
0.107292070652
0.107267075837
0.107301672129
0.107396984921
0.107583725113
0.10792875689
0.10841790621
0.109035674542
0.109772042016
0.110622696574
0.111573950381
0.112619680689
0.113752369028
0.114959417127
0.116240602198
0.11758530804
0.118988745234
0.120444671842
0.121944723167
0.123478706223
0.125039791829
0.126621282934
0.128219075834
0.129830978195
0.131455893085
0.133092645427
0.134738309085
0.136386689414
0.138027104395
0.139643622783
0.141214822325
0.142713964211
0.144109403049
0.145365016707
0.146440430807
0.147290815635
0.147866030817
0.14810886722
0.147952071489
0.147313716728
0.146090283088
0.144146508637
0.141300660612
0.137303411355
0.131808341247
0.124332977992
0.114215065196
0.100574952634
0.0824104856678
0.0581316203982
0.0298038396814
0.129844237684
0.129566524397
0.129102925412
0.128402905845
0.127575573616
0.126599353581
0.125541276891
0.124409209382
0.123236277061
0.122037452584
0.120830400942
0.119627426392
0.118439487903
0.117275624485
0.116143939642
0.115051939808
0.114006883289
0.113015918603
0.112086078549
0.111224150237
0.110436471386
0.109728621265
0.109104932343
0.108568202092
0.108120243638
0.107762771743
0.107496964036
0.107313872257
0.107181370103
0.107123177083
0.107131995941
0.10715737579
0.107191650906
0.107299635048
0.107601106432
0.108062123226
0.108649841929
0.109354664981
0.11017115514
0.111084939648
0.112083000868
0.11316633202
0.114323842954
0.115549632727
0.116841777479
0.11819001477
0.119585771136
0.121020274557
0.122484189631
0.123969713846
0.125470306891
0.126981424956
0.128500197108
0.130024424298
0.131551167812
0.133075089061
0.134586964223
0.136072623204
0.137512417266
0.138881190721
0.140148608099
0.141279625052
0.142234878328
0.142970781479
0.143439131815
0.143586043552
0.143350012009
0.142658875421
0.141425371143
0.139540881146
0.136866842176
0.133223209675
0.128373426511
0.122005970303
0.113713821043
0.102979586975
0.0891659836113
0.0716270188884
0.0492946228954
0.0245283454331
0.128315135032
0.128055323778
0.127618381095
0.126959940704
0.12618078284
0.125259769493
0.124261166535
0.123190781889
0.122080852589
0.120944870402
0.119799956174
0.118657754288
0.117528955986
0.116422438622
0.1153463204
0.114308225262
0.113315616283
0.112375911443
0.111496471719
0.110684463179
0.109946662071
0.109289182736
0.108716821413
0.108232332072
0.107837557792
0.107537299613
0.1073394846
0.107212032789
0.107138466164
0.107109258062
0.107107903949
0.1071083516
0.107105687025
0.107153200096
0.107389675435
0.107808618901
0.108355256197
0.109018407122
0.109784020727
0.110650300372
0.11159977247
0.112629859641
0.113737216519
0.114911864446
0.116147166058
0.117434437119
0.118764681189
0.120128644198
0.121517046642
0.122921722383
0.124336020378
0.125755045401
0.127175199906
0.12859302738
0.130003646721
0.131399105855
0.132767027749
0.134089780393
0.135344216448
0.136501881738
0.137529495919
0.138389474798
0.139040275339
0.139436376833
0.139527744264
0.139258641706
0.13856566799
0.137374875151
0.135597805773
0.133126262626
0.12982562832
0.125526649581
0.120015884623
0.113025808879
0.104226581495
0.0932268146933
0.0795777629488
0.0628856095704
0.0424283725477
0.0205156686198
0.126979053201
0.126734455331
0.126320700864
0.125698697518
0.124961811986
0.12408954041
0.123143603424
0.12212803089
0.121074314613
0.119994580477
0.118905505403
0.1178181114
0.116742856742
0.115688456604
0.11466303478
0.113674311747
0.112729932758
0.111837568058
0.111004909745
0.110239540537
0.109548750589
0.10893936041
0.108416882584
0.107983778519
0.10764193278
0.107400881117
0.107277368126
0.10719313706
0.107145603207
0.107121527252
0.107109775623
0.107100331391
0.107087810205
0.107109706644
0.107279985179
0.107640466411
0.108131625028
0.108745639422
0.109460096529
0.110274249516
0.111176345533
0.112157577755
0.113211142205
0.114328840056
0.115502924393
0.116724681192
0.11798474265
0.119273485
0.120581523503
0.121900531889
0.123223721281
0.124545846472
0.125862522263
0.127168891343
0.128457968778
0.12971907064
0.130936677942
0.132089905845
0.133152547503
0.134093521402
0.134877487242
0.135465394454
0.135814765564
0.135879565744
0.135609553552
0.13494903702
0.133834975417
0.132194374001
0.129940927879
0.126970896999
0.123158265484
0.118349407474
0.112357808182
0.104960097168
0.0958952646882
0.0848731352231
0.0715838525804
0.055801491481
0.0370321784723
0.0173786470866
0.125830823924
0.125599220639
0.125205423117
0.124615051656
0.123914901409
0.123085263445
0.122185537986
0.121218226217
0.120214212328
0.119184361336
0.118144999271
0.117106551971
0.116079268912
0.115071686644
0.114091908163
0.113147707982
0.112246866128
0.111397254213
0.110606851898
0.109883651514
0.109235484067
0.108670021791
0.108193938691
0.107809932838
0.107524357418
0.107359764023
0.10725672254
0.107193440102
0.107153980331
0.10712648763
0.10710807148
0.107096392471
0.107088414188
0.107116461786
0.107229865088
0.107535698395
0.107974901722
0.108537249672
0.109205907372
0.10997070657
0.110821186105
0.111748439674
0.112744604235
0.11380146113
0.114910584438
0.116062883111
0.117248656158
0.118458003015
0.119681426623
0.120910536378
0.12213843484
0.123359509033
0.124568503602
0.125759022563
0.126921853899
0.128043560604
0.129105645404
0.130084371639
0.130951121856
0.131673062254
0.132213854431
0.132534189921
0.132591983366
0.132342121859
0.131735715674
0.130718828143
0.129230683181
0.127201367609
0.124549071361
0.121176959122
0.116969860369
0.111791143494
0.105480425251
0.0978533168229
0.0887047120724
0.0778203723922
0.0649877108808
0.0500868501799
0.032777268166
0.0148946754314
0.124865080302
0.124645103762
0.124268113281
0.12370486777
0.123036222885
0.122243427607
0.121383779071
0.120458466189
0.119497899525
0.118511778116
0.117516163147
0.116520898595
0.115536038108
0.114569906142
0.113630538826
0.112725696766
0.111863216085
0.111051074008
0.110297424287
0.109610576268
0.108998802144
0.10847046021
0.108033208616
0.107689426527
0.107445246228
0.107347765773
0.107250172715
0.10719574985
0.107157122712
0.107125227823
0.107101332668
0.107086619806
0.107084578936
0.10711906477
0.107219047139
0.107484978157
0.107883184828
0.108398503835
0.109018773334
0.109732539464
0.110529455763
0.111400333111
0.112336652738
0.113329831658
0.11437095806
0.115450540529
0.116558571479
0.117684953451
0.118820140011
0.119955758097
0.121084838002
0.122201365124
0.123299111886
0.124370015217
0.125402570173
0.126380681547
0.127283202321
0.12808413388
0.128753282547
0.129257094068
0.129559403798
0.129621905212
0.129404217116
0.128863495748
0.127953584482
0.126623722932
0.124816858182
0.122467622021
0.119500070423
0.11582533676
0.111339441677
0.105921661573
0.0994340803716
0.0917233610689
0.0826259149882
0.0719800993042
0.0596370010019
0.0455384986613
0.0294493279288
0.012926955994
0.124075840425
0.123868495227
0.123504500955
0.122964125025
0.122321984029
0.121560518136
0.120735100282
0.119845781689
0.118922638749
0.11797429132
0.117016616951
0.116058880966
0.115110944807
0.114180871628
0.113276567007
0.112405686464
0.11157601541
0.110795497861
0.110072262839
0.109414795208
0.108831673703
0.10833187468
0.107924266581
0.107615673803
0.10741849844
0.107326951169
0.107242802594
0.107195598546
0.107154523309
0.1071175639
0.107088174701
0.107068995551
0.10707435503
0.107106086691
0.107226538182
0.10747196356
0.107837316337
0.108312932195
0.108888336798
0.109552850545
0.110296594724
0.11111045642
0.111985679904
0.112913397606
0.1138843403
0.114888687461
0.115916200348
0.116956688043
0.118000655673
0.119039832471
0.120067202464
0.121076292649
0.122059784436
0.123007840596
0.123906675657
0.124737765664
0.12547781185
0.126099316997
0.126571492932
0.126861196103
0.126933645711
0.126752769569
0.126281108446
0.125479272859
0.124304984407
0.12271175593
0.120647279953
0.11805161363
0.114855276797
0.110977429167
0.106324367178
0.100788715549
0.0942498515468
0.0865764403943
0.0776320697014
0.067286730081
0.0554277287943
0.0420256447431
0.0269166245263
0.0113929236032
0.123458466316
0.123265406237
0.12291024056
0.122388956566
0.12176849765
0.121033100375
0.12023633142
0.119377222901
0.118485686621
0.117569346704
0.116643975374
0.115718254281
0.114801849967
0.113902503439
0.113027913299
0.112185523155
0.111382952834
0.110627933739
0.109928248195
0.109292351806
0.108728824663
0.108246976815
0.107856526608
0.10756658542
0.107423541965
0.107300894531
0.107238278554
0.107191579965
0.107146660621
0.107104432272
0.107069399518
0.107050818523
0.107063989272
0.107100124074
0.107240958243
0.107482178225
0.107826572099
0.108270916289
0.108807047308
0.109425843888
0.110118385972
0.11087599612
0.111689998868
0.112551424002
0.113450797227
0.114378092901
0.115322960453
0.116275245496
0.117225626261
0.11816601599
0.119089355433
0.119988625892
0.120855288066
0.121677662523
0.122439796528
0.1231211149
0.123696829074
0.124138851267
0.124416878659
0.124499344842
0.124354031084
0.123948236099
0.123248487972
0.122219833907
0.120824769614
0.119021880997
0.116764278148
0.113997911933
0.11065988201
0.106676878792
0.101963952194
0.09642391107
0.0899477676957
0.0824170035688
0.0737085696626
0.0637047820869
0.0523051752671
0.0394811390828
0.0251123997008
0.0102490241734
0.123010526711
0.122830524036
0.122481537167
0.121975685551
0.121372083159
0.120657753535
0.119884425339
0.119049920507
0.118184349622
0.117294432134
0.116395909092
0.115496870492
0.114606782354
0.113732997356
0.112882923559
0.112063684903
0.111282745357
0.110547450129
0.109864488618
0.109242194083
0.108688670095
0.10821247013
0.107825052479
0.107524578931
0.107407138934
0.107280192283
0.107232443549
0.107184490302
0.107135011995
0.10708623394
0.107042340746
0.107032205794
0.107049565758
0.107122678699
0.107275760636
0.107516000123
0.107847516262
0.108267832194
0.108770437336
0.109347744187
0.109991915009
0.110694915492
0.111448372695
0.112243393687
0.113070456876
0.113919476596
0.114780134813
0.115642460564
0.116497431083
0.117337207494
0.118154652995
0.118942080404
0.119689600023
0.120383684257
0.121006448459
0.121535797356
0.121946260258
0.122210170732
0.122298831404
0.122183389282
0.121835269824
0.121226129468
0.1203273599
0.119109213403
0.11753962879
0.115582836379
0.113197816717
0.11033668643
0.106943085763
0.10295065313
0.0982816893781
0.0928462022764
0.0865415707571
0.0792535473089
0.0708593547872
0.0612348924915
0.0502679778416
0.0379006779543
0.0240282988355
0.0094830898141
0.122727977769
0.122557794662
0.12221429829
0.121721756502
0.121131182148
0.120432807883
0.119676795728
0.118861228357
0.118016082339
0.117147183375
0.116270269101
0.115392836749
0.114524139247
0.113671076596
0.112840659729
0.112039479037
0.111274289121
0.110552022107
0.109879201856
0.109263220563
0.108711458676
0.108230232082
0.107835041477
0.107507961035
0.10735605992
0.107269906312
0.107227182281
0.107176619554
0.107121911723
0.107065460919
0.107015669356
0.107014029703
0.107044774038
0.107153155142
0.107327022137
0.107574444773
0.107900335129
0.108302903445
0.108777240463
0.109317199593
0.109916015725
0.110566387917
0.111260379006
0.111989310188
0.11274375064
0.113513697823
0.114289016997
0.115060069076
0.115818242248
0.116555972396
0.117265959463
0.117939689497
0.118565811166
0.119129031053
0.11960990678
0.119985501693
0.12023058541
0.120318977269
0.120224683621
0.119922607867
0.119388751233
0.1185999259
0.11753305702
0.116164165744
0.114467119728
0.112412223679
0.109964706915
0.107083146897
0.103717845152
0.0998091492736
0.0952856908899
0.0900625664606
0.0840394619393
0.0770993991566
0.0691083063304
0.0599179878007
0.0493785671817
0.0373613118527
0.0237384287444
0.00912710451204
0.122604916517
0.122441454878
0.1221021007
0.12162076623
0.121039957241
0.120353260566
0.119609375409
0.118807629868
0.117977544736
0.117124329253
0.11626374052
0.1154027592
0.114550427923
0.113713181842
0.112897581932
0.112109620954
0.111355156591
0.110640653983
0.109972926872
0.10935780186
0.108802084408
0.108309064481
0.107897043642
0.107543989056
0.10732453091
0.107265383479
0.107224900502
0.107171047604
0.107109325099
0.107042046891
0.106996543977
0.10699833938
0.107077920868
0.107214469566
0.107407739516
0.107665769714
0.107990284599
0.108379388853
0.108829393704
0.109335338814
0.109891398534
0.110490971942
0.111126593114
0.111789871627
0.112471568424
0.113161888435
0.113851020967
0.114529791909
0.115190078253
0.115824560216
0.116425626126
0.116983750079
0.117486052625
0.117915672022
0.118252128972
0.118472452845
0.118552647573
0.118469077157
0.118199465597
0.117723365928
0.117022092888
0.116078198749
0.114874601675
0.113393471059
0.111614953694
0.109515799736
0.107067918283
0.104236853763
0.100980118619
0.097245248765
0.092967364864
0.0880660245699
0.0824410336388
0.0759678286736
0.0684916447791
0.059825460238
0.0497562607902
0.0380361874055
0.024463865277
0.00932286478816
0.122636108174
0.122476951395
0.122138856098
0.121664847511
0.121090055994
0.120411857785
0.119676764455
0.118884688672
0.11806497835
0.117222697446
0.116373635048
0.115524408649
0.11468387487
0.113858069296
0.113053148222
0.112274635692
0.111527907212
0.110818685212
0.110152906309
0.109535158938
0.108971785685
0.108463478564
0.108026696577
0.107648206471
0.107360318994
0.107287207109
0.107236055705
0.10717294318
0.107099675509
0.107022090289
0.106992804461
0.107017112675
0.107141336397
0.107311740713
0.107528838343
0.107799890651
0.108125241223
0.108503281313
0.108931321358
0.109405392125
0.109920465919
0.110470543695
0.111048588786
0.111646510277
0.112255317564
0.112865518639
0.11346774466
0.114053387583
0.114614836116
0.115144907959
0.115635464885
0.116075776947
0.116451448355
0.116744384433
0.116933732406
0.116997391366
0.116913612963
0.116662298181
0.11622576006
0.115588897612
0.114738852107
0.113664273082
0.112354324656
0.110797538977
0.108980592273
0.106887045194
0.104496047023
0.1017809405
0.0987076087348
0.0952322757479
0.0912982997497
0.0868313700466
0.0817321966595
0.0758667733541
0.0690517214172
0.0610448811527
0.0515353378315
0.0401163239002
0.0264994963102
0.010299904871
0.122817604543
0.12266099874
0.122321453815
0.121850830164
0.121278091189
0.120604527745
0.119874254497
0.119087916559
0.118274518936
0.117439188793
0.116597671208
0.115756354245
0.114923919734
0.114106084595
0.113308657727
0.112536737937
0.11179525932
0.11108916561
0.110423454806
0.109801598911
0.109229140861
0.108705427499
0.108241220609
0.107831904188
0.10749428792
0.107365827579
0.107277022758
0.107187910943
0.107093863023
0.107016408618
0.107011588926
0.107111598795
0.107270814813
0.107468602097
0.107707950751
0.107990655765
0.108315983736
0.108682861071
0.109089344613
0.109532187973
0.110006948091
0.110508057663
0.111028795157
0.111561318256
0.112096895241
0.112626398755
0.113140986907
0.11363267069
0.114094297863
0.114518625513
0.114896715161
0.115216467346
0.115462096896
0.115614763592
0.115654029089
0.115559618493
0.115313006196
0.114898496957
0.11430367148
0.113519239161
0.112538437334
0.111356138547
0.109967804941
0.108368391624
0.106551263689
0.104507152934
0.102223127096
0.0996814597247
0.0968581582764
0.0937207232056
0.090224444906
0.0863062211211
0.0818741445351
0.0767913307067
0.0708474820492
0.063729332367
0.0549555180273
0.0438558431056
0.0299277494726
0.0117890546524
0.123146308468
0.122990983895
0.122647740065
0.122177014986
0.121602536409
0.120929506427
0.120199756111
0.119415060714
0.118603923274
0.117771681339
0.116933953174
0.116097014519
0.115269377658
0.1144565134
0.113663927055
0.112896316709
0.112158173298
0.111453777631
0.110787449531
0.110161804718
0.109581259092
0.109045008376
0.108558518948
0.108119778423
0.107754984482
0.107531584013
0.10737208977
0.107230856726
0.107109780634
0.107069087863
0.107121012197
0.107282957249
0.107480924417
0.107705755254
0.107962711346
0.108252282839
0.108573941581
0.108927199486
0.109310619658
0.109721383852
0.110155357226
0.110607171594
0.111070247735
0.111536890018
0.111998595835
0.112446630796
0.112872725388
0.113269499148
0.113630111237
0.113946962407
0.114210005829
0.114405679816
0.11451708674
0.114525280882
0.11441111888
0.114157108553
0.113748825243
0.113175666009
0.112430926674
0.111511337972
0.110416253046
0.109146665135
0.107704191325
0.10609011418
0.104304535681
0.102345658145
0.100209145685
0.0978874213631
0.0953686100411
0.0926346414599
0.0896577468059
0.0863941781848
0.0827729958278
0.078676972969
0.0739047344079
0.0681156554267
0.0606612106361
0.0504718424168
0.035905044672
0.0133713626061
0.123619670046
0.12346458325
0.123115540671
0.12264145718
0.122061623285
0.121385118814
0.120651654583
0.119864454549
0.119051454769
0.118218388765
0.117380706791
0.116544690209
0.115718694396
0.114908015901
0.114117907409
0.113352735519
0.112616624299
0.111913357764
0.111246770934
0.11061900062
0.110033369691
0.109489387623
0.108989575264
0.108529852782
0.10812810147
0.107808859289
0.107564294952
0.107366678165
0.107258549522
0.107286263858
0.107414679617
0.107600706005
0.107814454931
0.108051269815
0.108312725792
0.108599076264
0.108910020683
0.109244899778
0.109602088357
0.109978664018
0.110370400328
0.110771829583
0.111176299991
0.111576128568
0.111962986084
0.112328531727
0.112665069385
0.112965737568
0.113223747996
0.113430759103
0.113575317555
0.113642433874
0.113614549977
0.113473392148
0.113202041517
0.112786689508
0.112217738945
0.11149014725
0.110603117399
0.109559352398
0.108364097206
0.107024146641
0.105546941763
0.103939833324
0.102209557929
0.100361932569
0.0984017057142
0.0963323989624
0.094155840211
0.0918709405087
0.0894710901008
0.0869393164254
0.0842397126216
0.0813031824284
0.0779989925884
0.074094148588
0.0690875774772
0.0621054059329
0.0502224699118
0.0241439034686
0.124235399443
0.124079649035
0.123722700835
0.123242049819
0.122653288378
0.121969348858
0.121228005412
0.120434162605
0.119615176519
0.118777369675
0.117936016802
0.117097522532
0.116270110328
0.115458977911
0.114669185729
0.113904862464
0.113169868746
0.112467657232
0.111801724201
0.111174075499
0.110587277231
0.110041047784
0.10953595598
0.109065027698
0.108626543661
0.108246024586
0.107964458762
0.107813743756
0.107779193887
0.10782347446
0.107934091194
0.108094627998
0.108292175679
0.108517655465
0.108767157078
0.109038865357
0.109331174899
0.109642185864
0.109969315996
0.110308978477
0.110656455662
0.11100589357
0.111350363084
0.111682064258
0.111992782091
0.112274551677
0.112520201786
0.112723204611
0.112876444193
0.112970388339
0.112991953452
0.112924937759
0.112751758352
0.112455697199
0.112022986498
0.111444290149
0.110715366421
0.109836951957
0.108814085179
0.107655140728
0.106370806046
0.104973161765
0.10347496691
0.101889212996
0.10022898343
0.0985076114752
0.0967390517865
0.0949382741825
0.093121381962
0.091305086651
0.0895051437076
0.0877333808796
0.0859928670984
0.0842712847972
0.0825300098357
0.0807015799718
0.0786380553953
0.0763335924266
0.0731831492901
0.0719721915189
0.124991517884
0.124834265243
0.124467244116
0.12397679681
0.123375490968
0.122680109696
0.121926709184
0.121122061001
0.120292963984
0.119446502892
0.118597788288
0.117753456362
0.116921631368
0.116107483983
0.11531593879
0.114550970951
0.113816264703
0.113115080651
0.112450708317
0.111825273498
0.111241109892
0.110698608537
0.11019858043
0.10973850839
0.109318222594
0.108962694588
0.1087054624
0.108560103358
0.10850924251
0.108521520673
0.108593617382
0.10872110385
0.108891876217
0.109094593453
0.109322696636
0.10957228622
0.109840065719
0.110122653187
0.110416241328
0.11071628979
0.111017336478
0.111312939289
0.111595740811
0.111857728182
0.112090756514
0.112287205871
0.112440322127
0.112543610566
0.112589127731
0.112565694854
0.112458528059
0.112250651597
0.111925264563
0.111468149539
0.110869557246
0.110125248792
0.109236631622
0.108210178013
0.107056434155
0.105788916816
0.104423111182
0.102975700574
0.101464103012
0.0999063637196
0.0983214278452
0.0967297621632
0.0951541977386
0.0936207547858
0.0921591374216
0.0908025898216
0.0895868926243
0.0885484441949
0.0877215161368
0.0871354259827
0.0868110836887
0.0867671838806
0.0869965402447
0.0876473795659
0.0883566564026
0.0911876452862
0.125886195955
0.125726684174
0.125347364902
0.124843846004
0.12422629416
0.123515375559
0.12274567712
0.121925993708
0.12108262306
0.120223560917
0.119363779446
0.118510239033
0.117670999232
0.116851262996
0.116055861949
0.115288676944
0.114553271565
0.113852804157
0.113190449794
0.112568563884
0.111989608455
0.111454961617
0.110966375636
0.110524900436
0.110132422985
0.109803301162
0.109553912663
0.109389963835
0.109312370532
0.109302703202
0.109351609945
0.109452488043
0.10959574341
0.10977207587
0.109974559072
0.110197911127
0.110437402594
0.110688310107
0.110945610183
0.111203717719
0.111456300244
0.111696208734
0.111915565337
0.112106090729
0.112259686184
0.112369028592
0.11242759504
0.112428487266
0.1123623378
0.11221594315
0.111972984478
0.111616391374
0.111131089141
0.110506312562
0.109737082364
0.10882467296
0.107776178549
0.106603503958
0.105322142249
0.10395002895
0.10250664606
0.101012466558
0.0994887872398
0.0979579855289
0.0964442054266
0.0949743978601
0.093579515355
0.0922955486365
0.0911640560725
0.0902319058261
0.0895500954604
0.0891716944399
0.0891490616655
0.0895308481369
0.0903580286322
0.0916641814391
0.0934511983923
0.0957810194538
0.098219206267
0.101875801402
0.126917807688
0.126755307211
0.126361376313
0.12584142878
0.125203814451
0.124473151761
0.123682826241
0.122843785099
0.121981909961
0.121106232284
0.120231624649
0.119365446467
0.118515725319
0.117687739539
0.116886254697
0.116115088389
0.115377704099
0.114677184336
0.114016603143
0.113398476953
0.112825356947
0.1122991929
0.111821982794
0.111395406957
0.111021133772
0.110706840146
0.110463522798
0.110292652872
0.110201734077
0.110175225573
0.11020248195
0.110277630621
0.110393754515
0.110543095821
0.11071854278
0.110913815728
0.111123020061
0.111340262404
0.111559388648
0.111773772739
0.11197616722
0.112158659513
0.112312809448
0.112430056048
0.112502337756
0.112522548042
0.11248410219
0.112379109395
0.11219614243
0.111919784601
0.111532648555
0.111018476613
0.110364950412
0.10956565481
0.108620962044
0.107537833285
0.106328824417
0.105010728624
0.103603227437
0.102127802035
0.100607019647
0.0990642423137
0.0975237831079
0.0960115344268
0.0945560444579
0.0931898978174
0.0919510992153
0.0908840561234
0.0900397727881
0.0894749947494
0.0892502095047
0.089426535744
0.090061528538
0.0912039696794
0.0928863488822
0.0951172549198
0.0978532673763
0.101025312249
0.104155444848
0.107758223366
0.128084719904
0.127918565771
0.127507629714
0.126967792247
0.126306160616
0.125551417296
0.124736030463
0.12387320386
0.122988511311
0.122092120122
0.12119885315
0.120316525306
0.119453162168
0.118614144179
0.117804184098
0.117027042616
0.116286074759
0.115584262518
0.114924529148
0.114309391384
0.11374129473
0.113222263044
0.112754113575
0.112338319692
0.111976255975
0.111671630858
0.111436141266
0.111267293278
0.111166383666
0.111123553711
0.111131423028
0.111184710756
0.11127714756
0.111401562924
0.11155081027
0.111718021883
0.111896441307
0.112079200079
0.112259129814
0.112428612778
0.11257948964
0.112703070655
0.112790349625
0.112832497427
0.112821481691
0.112750274596
0.112611789796
0.112396404958
0.112090061887
0.111675254857
0.111134325633
0.110452920869
0.109622530927
0.108641872312
0.107517032028
0.106260568304
0.104890020206
0.103426316507
0.101892416655
0.100312374603
0.0987108683299
0.0971132043963
0.0955458087901
0.0940372223076
0.0926195316871
0.0913299946393
0.0902124324382
0.0893178994746
0.0887042304845
0.0884342503225
0.088572592654
0.0891811328217
0.0903129530296
0.0920046390855
0.0942655858437
0.0970659915119
0.100307620289
0.103821480985
0.107167892187
0.110474287078
0.129385330797
0.129214881273
0.128784450663
0.12822113695
0.12753137893
0.126748076374
0.125903080573
0.125011933964
0.124100029146
0.123178744783
0.122262912012
0.121360840135
0.120480579718
0.119627626061
0.118806642607
0.118021323406
0.117274891396
0.116570182828
0.115909907851
0.115296442869
0.114732001325
0.114218442113
0.113757331432
0.113349892879
0.112997229954
0.112700926115
0.112468743321
0.112301059734
0.112193704927
0.112139381498
0.112132794763
0.112168871643
0.112241520465
0.112343906844
0.112468901027
0.112609230617
0.112757451176
0.112905846389
0.113046317147
0.113170298965
0.113268737613
0.113332174144
0.113351056966
0.113316316391
0.113219921975
0.113054690282
0.112812401458
0.11248085501
0.112043009263
0.111479811098
0.11077444188
0.109915660232
0.108899769517
0.107731220805
0.106421922301
0.104989671268
0.10345628295
0.101845904293
0.100183762163
0.0984954624813
0.096806803335
0.0951440880996
0.0935349515874
0.0920097145004
0.0906031304927
0.0893561536035
0.0883171646342
0.0875421121862
0.087093215919
0.087036108166
0.0874354231034
0.0883488262042
0.0898193479437
0.0918657340789
0.0944700704277
0.0975648460907
0.101005166899
0.104571915402
0.107877398149
0.110642152755
0.130817818623
0.130642511522
0.130190032526
0.129599532598
0.128877384483
0.128060902392
0.127181641663
0.12625754585
0.125313966947
0.124363546479
0.123421187139
0.122495715217
0.121595230484
0.120725344938
0.119890670763
0.119094818409
0.118340852637
0.117631420922
0.116968973358
0.11635565399
0.115793381823
0.115283741433
0.114827984037
0.114426983326
0.114081365353
0.113791465092
0.113561963626
0.113395337086
0.113284493183
0.113222598294
0.113205393516
0.113228076672
0.113284599942
0.113368161946
0.113471487555
0.1135868958
0.113706306386
0.113821205496
0.113922599058
0.114000997411
0.114046463118
0.114048783349
0.11399789345
0.11388450866
0.113700527078
0.113438224516
0.113087385458
0.11263238795
0.112053260794
0.111330414841
0.110449227205
0.109402810499
0.108193162836
0.106830835783
0.105333383017
0.103723226705
0.102025561727
0.100266724309
0.0984731535148
0.096670989744
0.0948861867296
0.0931451298563
0.0914757941695
0.089909456045
0.0884827203062
0.0872393277816
0.086231055156
0.0855171769986
0.0851622620343
0.0852323200378
0.0857893858502
0.0868845234561
0.0885490598509
0.090783739846
0.0935457670799
0.0967353052979
0.100171560303
0.103629055186
0.106736188163
0.108925001312
0.132380141143
0.132199465028
0.131722326802
0.131100813888
0.130341870492
0.1294874622
0.128569193632
0.127607453703
0.126627703917
0.125643877284
0.124671013218
0.123718462954
0.122794396642
0.121904537
0.121053440449
0.120244615658
0.119480946958
0.118764859627
0.118098513127
0.117483760679
0.116922185943
0.116415033441
0.115963184586
0.115567122863
0.115227001079
0.114942559661
0.114715876184
0.114550825976
0.11443858264
0.114372357362
0.114348203804
0.114361294622
0.11440542301
0.114473603446
0.114558270098
0.114651270059
0.114743863323
0.114826725435
0.114889957076
0.114923135167
0.11491543601
0.114855906075
0.114734000253
0.114540223697
0.114266248548
0.113903199492
0.113437770986
0.112850281
0.112118468299
0.111223661038
0.11015493269
0.108910938885
0.107500055733
0.105939014236
0.104250548212
0.102460864127
0.100597502004
0.0986879059227
0.0967586832134
0.0948355422525
0.0929436910365
0.0911087453627
0.0893582214786
0.0877236173535
0.0862426879653
0.0849611851299
0.0839332850559
0.083220288708
0.0828875771049
0.0830000082728
0.0836159145953
0.0847796421318
0.0865123676722
0.0888009892179
0.0915854882082
0.0947438006776
0.098072735622
0.101332903878
0.104039216739
0.106205442408
0.134069713366
0.133883280767
0.133378875916
0.132722440974
0.131922189725
0.131025016377
0.130062950464
0.129058853853
0.128038452447
0.127016977408
0.126009668097
0.125026395328
0.124075416944
0.123162554848
0.122292304045
0.121468054863
0.12069249461
0.119967803354
0.119295832287
0.118678109817
0.118115860056
0.117609955631
0.117160888283
0.116768769864
0.116433378287
0.116155074376
0.115931786492
0.115768947333
0.115657155141
0.115589560006
0.115561880429
0.115568951766
0.115604295899
0.115660611407
0.115729894002
0.115803396933
0.1158716294
0.115924387186
0.115950812424
0.115939509419
0.11587874622
0.11575683419
0.115562768027
0.115286807906
0.114920112876
0.114451729097
0.11386401631
0.113133087202
0.112235721158
0.111155948823
0.109888070553
0.108437331542
0.106818895539
0.105055430436
0.103174108381
0.10120390009
0.0991735792167
0.0971106262271
0.0950408374631
0.0929886171168
0.0909776193413
0.0890319289885
0.0871779098432
0.0854466898341
0.0838766469385
0.0825149529691
0.0814173856071
0.0806462452583
0.0802666414824
0.0803415075053
0.080925535049
0.0820578381148
0.0837529536679
0.0859901281794
0.0887010960895
0.0917564260955
0.0949746512839
0.0981467775212
0.100534669747
0.102427621236
0.135883333653
0.135690866484
0.135156631903
0.134461331071
0.133615207169
0.132670394032
0.13165975691
0.130608643153
0.129543197346
0.128479934265
0.127434350017
0.126416817216
0.1254356934
0.124496884035
0.123604816357
0.122762748656
0.121973160609
0.121237974321
0.12055872674
0.119936607602
0.119372472141
0.118866801263
0.118419646456
0.118030607084
0.117698266125
0.117426443018
0.117210858444
0.117051966638
0.116942256017
0.11687570862
0.116847518743
0.116851966816
0.116882152018
0.116930284965
0.116987740596
0.117045017987
0.117091745443
0.117116733726
0.117108081395
0.117053354238
0.11693987245
0.116755205969
0.116487883248
0.116127823441
0.115665170756
0.115085559136
0.114365845531
0.113478607357
0.112401658772
0.111123684285
0.109645660741
0.107980233796
0.106149423904
0.104181259234
0.102106368011
0.099955347365
0.0977570837627
0.0955380946923
0.0933224999241
0.0911326590412
0.0889899821544
0.0869163789328
0.0849365185043
0.0830807763945
0.0813878661536
0.0799060107698
0.0786919818087
0.0778082581178
0.0773188966966
0.0772846127622
0.0777572325187
0.0787730537344
0.0803445384345
0.0824498578295
0.0850183280503
0.0879174387889
0.0909743717285
0.0938658580146
0.0962446430529
0.0977599075146
0.137816763184
0.137618183968
0.137051703572
0.136313644005
0.135417117277
0.134419838738
0.133355960877
0.132253316323
0.131138616344
0.130029623971
0.12894213763
0.127887001918
0.126872679043
0.125905139099
0.12498873463
0.124126581572
0.123320947275
0.122573492779
0.121885445696
0.121257661289
0.120690638061
0.120184487199
0.119738873112
0.119353023621
0.119025025839
0.118758104122
0.118550653945
0.118398061745
0.118293264536
0.118230894004
0.118205707856
0.118211355346
0.118240372607
0.118284337457
0.118333856579
0.118378529696
0.11840696839
0.118406875508
0.118365197844
0.118268373804
0.118102720222
0.117855040194
0.117513347361
0.117067035988
0.116504384388
0.115805847334
0.114942102042
0.113883920304
0.1126126266
0.111123501971
0.109425463731
0.107539037834
0.105492780638
0.103319185751
0.101051172226
0.0987197817141
0.0963529528667
0.093975372085
0.0916087716964
0.0892728899146
0.0869863395883
0.0847683615073
0.0826416052559
0.0806356124167
0.0787894597409
0.0771522995467
0.075781434531
0.0747387809643
0.0740866361507
0.0738833246734
0.0741787900431
0.0750092695507
0.0763902731931
0.0783056682137
0.0806905569607
0.0834361635836
0.086400949407
0.0890057212307
0.0908293342855
0.0920892165927
0.139864547187
0.139659981176
0.139059076214
0.138274527226
0.137323223833
0.136268823313
0.135147259982
0.133988841556
0.132820981655
0.131662635528
0.130529933401
0.129434149998
0.128383848456
0.127385041702
0.126442000153
0.125557690761
0.124734169505
0.123972841752
0.123274639566
0.122640100422
0.122069390295
0.121562283828
0.121118108804
0.120735754573
0.120413052003
0.120152031126
0.119953038499
0.119808780309
0.119711787335
0.119656840235
0.119638286887
0.119649109965
0.119681147232
0.119725194334
0.119770941706
0.119806938439
0.119820628316
0.119798461599
0.119726099846
0.11958874156
0.1193716293
0.119060739577
0.118643467112
0.118108361273
0.117440431544
0.116612900178
0.11559065257
0.114345473537
0.11286486377
0.111152488027
0.109226176176
0.107114392425
0.104851499263
0.102473288767
0.100013699136
0.0975030705662
0.0949674605471
0.0924290388173
0.0899066250812
0.0874169486729
0.0849754240186
0.0825983264911
0.0803062761432
0.0781283218108
0.0761043300809
0.0742845163801
0.0727263160414
0.071490246939
0.0706359284121
0.0702188274239
0.0702876822459
0.070881257688
0.0720229988991
0.0737075337011
0.0758835776561
0.078470421668
0.0811790376826
0.0835649073187
0.085020816986
0.0860694595764
0.142019471429
0.141809355335
0.141172246026
0.140337803516
0.13932767641
0.138211831073
0.137028521852
0.135810514972
0.134586043803
0.133375179187
0.132194392101
0.131055333303
0.129966653197
0.128934383297
0.127962704377
0.127054431945
0.126211417436
0.125434823715
0.124725308511
0.12408311636
0.12350811012
0.122999760292
0.122557099082
0.122178715866
0.121862274966
0.121608600668
0.121419350978
0.12128560708
0.121199430974
0.121155407379
0.12114737237
0.121167587292
0.121207080476
0.121255729139
0.121302163449
0.121333726668
0.121336530957
0.121295609731
0.121195180317
0.121019067388
0.120751351225
0.120377062785
0.119882816921
0.119255753251
0.11847540937
0.117505906479
0.116308367279
0.114859224073
0.113154706933
0.111208385067
0.109047564267
0.10670821346
0.104229382141
0.101648797581
0.0990001281127
0.0963119833314
0.0936077910792
0.0909067414309
0.088224418733
0.0855743657098
0.0829685591611
0.0804202789861
0.0779485579793
0.075582867347
0.0733647699076
0.0713459227247
0.069583454002
0.0681353625611
0.0670571525503
0.0664002001832
0.0662119156275
0.0665356987528
0.067406929176
0.0688361292397
0.0708122363804
0.0733014979188
0.0757226380444
0.0775383647071
0.0788593038627
0.0798751105612
0.144272256344
0.14405735508
0.143382817152
0.142495609222
0.141423163603
0.140242103651
0.138993579399
0.137712796079
0.136428900345
0.135162981742
0.133931837
0.132747426647
0.131618464416
0.130550974551
0.12954904171
0.128615332848
0.12775150874
0.126958511536
0.126236754029
0.125586220798
0.125006506799
0.124496814854
0.124055927659
0.123682191599
0.123373387201
0.123128716209
0.122951039145
0.122830291612
0.122758168086
0.122728817874
0.122735424805
0.12276947347
0.122821100167
0.122879143261
0.122931029228
0.122962730567
0.122958848142
0.122902812412
0.122777208951
0.122564336318
0.122246997302
0.12180906449
0.121236174129
0.120513003348
0.119610440913
0.11848272445
0.117091182505
0.115420811673
0.113478793808
0.11128975543
0.108890511551
0.106323581048
0.103631255032
0.100851735489
0.0980172094116
0.0951537166125
0.0922815340145
0.089416655273
0.0865713095517
0.0837559003065
0.0809788929525
0.0782509085897
0.0755904671303
0.073029112579
0.0706115415379
0.068391431003
0.0664250069097
0.0647662071526
0.0634642361811
0.062563962673
0.0621100986155
0.0621514999826
0.062737484476
0.0639050723261
0.0657028010091
0.0679180432331
0.0700285825434
0.0716187699931
0.0728714610131
0.0738280483761
0.146610885645
0.146392410236
0.145680008801
0.144737970809
0.143600560807
0.142351356695
0.141035004341
0.139689128478
0.138343854003
0.137021173085
0.135738167671
0.134507030481
0.133336505377
0.132232583554
0.131199250238
0.13023903415
0.129353428593
0.128543187434
0.12780851827
0.127149188164
0.126564565113
0.126053616472
0.125614903834
0.125246476119
0.124947425089
0.124714335856
0.124550254259
0.124445047481
0.124390313716
0.124379519146
0.124405048865
0.124457566175
0.124526246346
0.124598770054
0.124661206736
0.124697976403
0.124691970803
0.124624807098
0.124477219636
0.124229817221
0.123863953558
0.12336200622
0.122708422886
0.121883407105
0.120845224106
0.11953977476
0.117934229076
0.116025745622
0.113834247649
0.111396078723
0.108756962913
0.105964520132
0.103062613896
0.100088477634
0.0970717729488
0.0940353786372
0.0909961461521
0.0879669075337
0.0849566005634
0.0819727740738
0.0790204650394
0.0761084812817
0.0732567480146
0.0705014030287
0.0678922226952
0.0654855733431
0.0633358894973
0.0614910098367
0.0599908007517
0.0588700712079
0.0581687012364
0.0579384466202
0.0582386757164
0.0591662319153
0.0608757489732
0.0627825674785
0.0644032137928
0.0659702768034
0.0672755761718
0.0681969673187
0.149020187164
0.14879981181
0.148050131156
0.147052335725
0.145848539163
0.144529468967
0.143143865099
0.1417317524
0.140324266678
0.138944169917
0.137608764339
0.136330388505
0.135117776825
0.133976864686
0.132911540996
0.131924216991
0.131016254002
0.130188263637
0.129440301611
0.128771972839
0.128182467663
0.127670539346
0.127234478269
0.126871500617
0.126583666272
0.126366795753
0.126219170961
0.126132219372
0.126098155897
0.126109786938
0.126158634155
0.126234473536
0.126325418969
0.126417853059
0.126496319164
0.126543486817
0.126540327664
0.126466409079
0.126300362159
0.126020940322
0.125607757819
0.125041245748
0.124304405231
0.123369255154
0.122177609111
0.12067206153
0.118831995441
0.116669588595
0.114218821184
0.111527760486
0.108649755637
0.105635673612
0.102529190611
0.0993652623666
0.0961702235352
0.09296348217
0.089758429231
0.0865650065255
0.083389068166
0.0802358395383
0.0771071396471
0.0740115107305
0.0709732636526
0.0680365787085
0.0652586343905
0.0626990715113
0.0604091916165
0.0584280893737
0.0567820885122
0.0554915611831
0.0545897997458
0.0541242248789
0.0541600852271
0.0548750606212
0.0562964278436
0.0579572225496
0.0595004103491
0.0610812657227
0.0623772039489
0.0632367047339
0.151481086118
0.151261049839
0.150475994399
0.149423059194
0.148153144239
0.146764154702
0.145309479198
0.14383151884
0.142362418247
0.140925564273
0.139538395057
0.13821330506
0.13695897865
0.135781280336
0.134684016788
0.13366951682
0.132739061246
0.131893182562
0.131131856462
0.130454604461
0.129860527938
0.129348281606
0.128916072387
0.128561028157
0.128284622462
0.128084898461
0.127956764137
0.127891723037
0.127882304145
0.127920786102
0.127997847262
0.128102314133
0.128221152955
0.128339333808
0.128439725637
0.128503054483
0.128508161958
0.128432298441
0.128251712334
0.127943138405
0.12748393273
0.126852121197
0.12602866355
0.124971142446
0.12360331158
0.121873296765
0.119778495592
0.117348123244
0.114630975593
0.111686035075
0.108572339664
0.105341890589
0.10203647526
0.0986877035635
0.0953180723397
0.0919434948726
0.088574069632
0.0852173239136
0.0818763178133
0.0785547381148
0.0752514575483
0.0719772541839
0.0687650332768
0.0656713034026
0.0627630801057
0.0601036160416
0.0577392893687
0.0556973458096
0.0539851847912
0.0526037014566
0.0515721110194
0.0509093135807
0.0507256379527
0.051392911162
0.0525241586792
0.0538355897924
0.0554669802083
0.0571067357399
0.0583548574783
0.0591018632971
0.153970173408
0.153753260164
0.152936335087
0.1518308844
0.150497368172
0.149040637737
0.147519175906
0.145977718771
0.144449381399
0.142958025979
0.141521132747
0.140151067513
0.138856431535
0.137643017873
0.136514581945
0.135473424252
0.134520816171
0.133657293766
0.132882843048
0.132196997271
0.131598866719
0.131087107445
0.13065991031
0.130314447665
0.130051508534
0.129870492037
0.129764643384
0.129725077181
0.129744300667
0.129814123204
0.129924414147
0.130062997504
0.130215604935
0.130365679984
0.13049427084
0.130579958979
0.13059924559
0.130526744602
0.130336032353
0.130001640691
0.129497771461
0.128799846153
0.127884970097
0.126687177834
0.125115838948
0.123136068931
0.120767424412
0.118057483812
0.115069870192
0.111872754576
0.108528402298
0.105087763253
0.101589240538
0.0980603522258
0.0945195506841
0.0909794882963
0.0874472805063
0.0839286752284
0.0804242278213
0.0769371291178
0.0734635156262
0.0700201645602
0.0666540205614
0.0634386828451
0.0604530691352
0.0577639469247
0.0554107564261
0.0534063927912
0.0517354770138
0.0503770615454
0.0493148879798
0.0484977208567
0.048138286794
0.0486180374827
0.0497800287209
0.051120365735
0.0527314030801
0.0542485183829
0.0553051587539
0.0557895102489
0.156459057432
0.156248628394
0.155405261061
0.154252450282
0.152860750632
0.151341357423
0.149758093088
0.148157945978
0.146574926499
0.145033229375
0.143550289561
0.142138378857
0.140806002118
0.139558904221
0.138400844774
0.137334174775
0.136360251105
0.135479718241
0.134692682427
0.133998799609
0.133397297234
0.132886937127
0.132465987236
0.132131760632
0.131884339173
0.131724163024
0.13164338525
0.131632799121
0.13168473437
0.131790503434
0.131939174774
0.132117535088
0.132310011521
0.132498421077
0.132661859317
0.132776563528
0.132816499429
0.132753249396
0.132557472737
0.132201202796
0.131654088338
0.130889414945
0.129875505831
0.128512283622
0.126706617902
0.124451994867
0.121792294692
0.11879422982
0.115535242836
0.112090068562
0.108521424652
0.104877155043
0.101191115004
0.0974863504001
0.0937773404633
0.090073914117
0.0863805754437
0.0827020396689
0.0790365470229
0.0753880996746
0.0717500534745
0.0681505881648
0.0646570890867
0.0613647264242
0.0583651051538
0.0557273172644
0.0534812810796
0.0516250278508
0.0501220930352
0.0489323342601
0.0479816877247
0.047211718936
0.0471160696667
0.047525264859
0.0482870851541
0.0497033125005
0.0511749055211
0.0524149732042
0.0531135226785
0.0529810453077
0.158914181234
0.15871405026
0.157851847046
0.156659909981
0.15521907169
0.153645754501
0.152009043433
0.150358017902
0.148727472656
0.147141814683
0.145618374986
0.144169304332
0.142803033799
0.141525319152
0.140340013218
0.139249627741
0.138255728936
0.137359200628
0.136560402125
0.13585924296
0.135255194127
0.13474724426
0.134333850145
0.134012571905
0.133782768068
0.133645771781
0.133592872699
0.133614697361
0.133703369736
0.133849679477
0.134041897144
0.13426575561
0.134504330836
0.134737736532
0.134943008803
0.135093851766
0.13516153576
0.135114106002
0.134919212599
0.134545748995
0.133956974517
0.133125454601
0.131999604881
0.130437817111
0.128365217367
0.125811825278
0.122846550964
0.119555333474
0.116027171138
0.112340012469
0.108554208141
0.10471276581
0.100844247302
0.0969672071694
0.0930924392405
0.0892275187658
0.0853746882864
0.0815384473349
0.0777147035377
0.0739098618056
0.070113944892
0.0663740812348
0.0627848385114
0.0594660636285
0.0565201794656
0.0540147652717
0.0519653041596
0.050356240544
0.0491341417956
0.0482400122386
0.0475637498199
0.0471660895061
0.0471374635655
0.0476195469966
0.0483551810425
0.0494426977302
0.0505309814322
0.0513853018209
0.0516982687213
0.0513146530674
0.161296645364
0.161110959321
0.160239943803
0.159020756919
0.157544228928
0.155930210045
0.154252501045
0.152561986664
0.150894103402
0.149273393409
0.147717081705
0.146237233091
0.144842282688
0.143538106006
0.142328781965
0.141217132138
0.140205090204
0.139293940254
0.138484453349
0.137776945226
0.137171274425
0.136666791788
0.13626227259
0.135955660761
0.135745564761
0.135634061072
0.135611773569
0.135669319323
0.135798629366
0.135989959931
0.136230793646
0.136505813832
0.136796731221
0.137081918556
0.137336288306
0.137530851493
0.137634086454
0.137609846889
0.137423018258
0.137037891223
0.136409636738
0.135511829632
0.134252197048
0.132451629049
0.13007952503
0.127205514248
0.123923644193
0.120338054709
0.116545718457
0.112624036675
0.108628416451
0.104595778323
0.100549091369
0.0965027094819
0.0924641586227
0.0884393897629
0.0844286352833
0.080437042186
0.0764578545138
0.0725017997547
0.068554212313
0.0646915647105
0.0610417790923
0.0577500447424
0.0549238134697
0.0526214094886
0.0508352984209
0.0495361461074
0.0486431028774
0.0480698491358
0.0477104132375
0.0475235242853
0.0477169827671
0.0481845803925
0.0488148043918
0.0496146918778
0.050376968135
0.050897445976
0.0507556234301
0.0508875540225
0.163562759666
0.16339567873
0.162528400444
0.161298021735
0.159804439272
0.158168243603
0.156466778056
0.154752280135
0.153060666042
0.151416604059
0.149837298531
0.148334851003
0.146917853664
0.145592474696
0.144363206103
0.143233374487
0.14220547855
0.141281397154
0.140462499718
0.139749683056
0.139143354108
0.138643375024
0.138248978015
0.137958760577
0.137770390091
0.137686465498
0.137697302753
0.137793673026
0.137967286402
0.138207853822
0.138502103006
0.138833707913
0.139183047103
0.139526770901
0.13983766674
0.140083948266
0.140231303166
0.140238561898
0.14006869027
0.139678282926
0.13901441685
0.138050599278
0.136622425582
0.134538432979
0.131835786021
0.128622280597
0.125017036707
0.121139686965
0.117090485648
0.1129425201
0.108744181882
0.104525621679
0.100304327053
0.0960909617829
0.0918902379014
0.0877071102823
0.0835398967736
0.0793953005148
0.0752631654111
0.071160867972
0.0670665890432
0.0631003330937
0.0594277065417
0.0562165802814
0.0535693637944
0.0515254545831
0.0500445823155
0.0490738866721
0.048459268123
0.0481049219852
0.0479634597316
0.047940019708
0.0482201395882
0.0486671367223
0.0492230510922
0.0498599450489
0.0504289410505
0.0507918316958
0.0504367316954
0.0508799376137
0.16566493962
0.165520269072
0.164671836727
0.163451041147
0.16196495971
0.160331114657
0.15862848053
0.156910019639
0.155211972674
0.153559219396
0.15196914334
0.150454114328
0.149023125838
0.147682887159
0.146438552837
0.145294201868
0.144253139413
0.143318070241
0.142491178562
0.141774139328
0.141168079186
0.140673513892
0.140290168824
0.140018113687
0.139853771532
0.139799165569
0.139845190655
0.1399830465
0.140204149105
0.140497652838
0.140849593622
0.141242716975
0.141656154246
0.142064919483
0.142439756877
0.142746072902
0.14294690443
0.142995060461
0.142853347276
0.142464789693
0.141773082058
0.140739762627
0.139093084153
0.136680171075
0.133618512056
0.130050672351
0.126120099413
0.121957175636
0.117660107362
0.113294322531
0.108899821709
0.104499874112
0.100106912903
0.0957285341584
0.0913670437489
0.0870269888489
0.0827046800955
0.078409354525
0.0741262462459
0.0698822398954
0.0656445414704
0.0615958773727
0.0579401976842
0.0548610891268
0.0524419974378
0.0506955937463
0.0495367248616
0.0488666714531
0.0484358191146
0.0483282250996
0.0482085085376
0.0482967225999
0.0486411745987
0.0490622534834
0.0495637506027
0.0501002180538
0.0505590113829
0.0508998355889
0.0507264235825
0.051071247135
0.167553662671
0.167434237786
0.166622225217
0.165437095873
0.163989589016
0.162389001954
0.160713341204
0.159015558752
0.157332114211
0.15568829848
0.154102001074
0.15258620687
0.151150650503
0.149802910085
0.148549118251
0.147394409338
0.146343183236
0.145399241145
0.144565831135
0.143845629469
0.143240670415
0.142752256917
0.142380506553
0.142127766968
0.14198990976
0.141966192962
0.142049032617
0.142230384903
0.142501422405
0.142850798716
0.143263940426
0.143722767376
0.144205294802
0.144685066025
0.145130976055
0.145505767606
0.145770154185
0.145869854001
0.145770477263
0.14539152986
0.144687442773
0.143569506924
0.141641135327
0.138856097193
0.135410359258
0.131478607561
0.127225870945
0.122786634654
0.118251750215
0.113676434213
0.109091700994
0.10451431053
0.0999522538242
0.0954106900697
0.0908898241515
0.0863943303852
0.0819182251674
0.0774743624378
0.0730416382035
0.0686599991235
0.0642803830809
0.0601739078001
0.0565777451758
0.0536800028744
0.0515284346277
0.0500977151732
0.049224007411
0.0487813046724
0.0486452379849
0.0485532054234
0.0484532266863
0.0485868023349
0.0489561904893
0.0493698834702
0.0498345262675
0.0503055634784
0.0506972050946
0.0510294740728
0.051127778157
0.0513075861508
0.16918013166
0.169087058141
0.168331524219
0.167214353572
0.165843286124
0.164312939261
0.162697509744
0.161049269163
0.159404883712
0.157790366129
0.156224544749
0.154721458063
0.15329200046
0.151945016029
0.150687992732
0.149527477574
0.148469300834
0.147518671445
0.146680186736
0.145957785747
0.14535466041
0.144873167007
0.144514425366
0.144280976568
0.144169370673
0.144177559675
0.144298614492
0.144525013231
0.144847796937
0.145255214975
0.145732169167
0.146259885502
0.14681546495
0.147371261005
0.147894671532
0.14834614992
0.148684655914
0.148847906889
0.148808630552
0.148447884398
0.147760164789
0.146517826005
0.144238718373
0.141042504789
0.1371921011
0.132893341537
0.128326673236
0.12362281559
0.118860685624
0.114083779064
0.109314262202
0.104563084621
0.0998344572341
0.0951316634414
0.0904529860775
0.085803717585
0.0811751197766
0.0765848870107
0.0720033110151
0.0674878097861
0.0629661479788
0.0588312160779
0.0553407466699
0.0526756233454
0.0508287111772
0.0497059839688
0.0490332794677
0.0488172672505
0.0488564806476
0.0487397150247
0.0486677359629
0.0488217809022
0.0491977421176
0.0496004041531
0.0500347232643
0.0504622463814
0.0508187246318
0.0511551678598
0.0515891218215
0.0515353446685
0.170500164417
0.170431385178
0.169755633036
0.168746686667
0.167496172129
0.166077562769
0.164559289103
0.162992540411
0.161414272955
0.159851588845
0.158324713863
0.156849200163
0.155437551342
0.154100315409
0.15284675915
0.151685246623
0.15062341784
0.149668238139
0.148825967818
0.148102085063
0.147501177966
0.147026839025
0.146681359945
0.14646731501
0.146381760805
0.146422178573
0.146582004228
0.146854057338
0.147229311456
0.147695697206
0.148237681787
0.148835953484
0.149466959711
0.150102255177
0.150708262664
0.151243809184
0.151666952811
0.151907045353
0.15194946069
0.151617264955
0.150994746489
0.149547909336
0.146853543831
0.143212209436
0.138942754289
0.134281315104
0.12941361738
0.12445861163
0.119480018391
0.114509214735
0.109560224004
0.104639024131
0.0997466511215
0.0948849597004
0.0900503714809
0.0852492699082
0.0804695739554
0.0757352071923
0.0710051416677
0.0663597498767
0.0616947402162
0.0575662769313
0.054231094017
0.0518524319191
0.0503350544204
0.0494757430188
0.0489395898158
0.0490160897838
0.0489768016809
0.0489012598008
0.0488511243836
0.0490104392391
0.0493815654349
0.0497691374332
0.0501778905189
0.0505779917804
0.0509249531104
0.0512739127833
0.051962206072
0.0516957324615
0.17147901369
0.171427722957
0.170862482791
0.170012083723
0.168929146993
0.167664529244
0.166281154605
0.16482885979
0.163344956623
0.161857901444
0.16038962771
0.158957552809
0.157576187125
0.15625821222
0.155015116742
0.153857519745
0.152795287372
0.151837523251
0.150992489506
0.15026749452
0.149668764989
0.149201322117
0.148868785344
0.148673775589
0.148613665592
0.148685753149
0.148883868772
0.149201078633
0.149628264004
0.150153065346
0.150759589658
0.151428151122
0.152134844638
0.152850911197
0.153542486003
0.154167750463
0.154685007761
0.155015914059
0.155164660062
0.154874658807
0.154391669998
0.152609523273
0.149448067112
0.145333967092
0.140639772292
0.135627864885
0.130476081427
0.125284704092
0.120100646605
0.114943752202
0.109820935221
0.104734015677
0.0996813449354
0.0946636692696
0.0896755229578
0.084724863331
0.0797955954181
0.0749194142748
0.0700410981716
0.0652707945284
0.0604609417126
0.0563826646643
0.0532617526157
0.0512158873332
0.0499802350741
0.0493092421089
0.0492093608059
0.0491582254557
0.0491158826885
0.0490501070184
0.0490095665406
0.0491601905407
0.0495174934906
0.0498908777027
0.0502812075793
0.0506663044955
0.0510153621401
0.0513493019513
0.0520167442952
0.0517394883485
0.172088902832
0.172032089453
0.171644013152
0.171014215661
0.170139790741
0.169065791137
0.167851558483
0.166544685712
0.165182636384
0.16379504662
0.162405436995
0.161033153634
0.159694950546
0.158406000868
0.157180443313
0.156031605883
0.154972025113
0.154013352726
0.153166212921
0.152440047707
0.151842967352
0.1513816093
0.151061053267
0.150884020746
0.150848061779
0.150950405233
0.151185300468
0.151545970593
0.152023126707
0.152604095448
0.153272664662
0.154008918683
0.154788903925
0.155584077406
0.15636108723
0.157078716739
0.157696889346
0.158131663622
0.158411654543
0.158181653946
0.157936567268
0.155643180198
0.151977828506
0.147372056738
0.142259133078
0.136916828882
0.131501300424
0.126089476644
0.120711511064
0.115376994165
0.110086860681
0.104839458489
0.0996308253054
0.0944607981996
0.0893219587384
0.0842243435635
0.0791470974978
0.074131327799
0.0691050460685
0.0642158010619
0.0592586214237
0.0552891759261
0.0524669722044
0.0507835055269
0.0497304168693
0.0493636731523
0.0494294699267
0.049311977401
0.0492477359823
0.0491840884025
0.0491485936771
0.0492764763138
0.0496105583348
0.0499777426462
0.0503591427631
0.0507388434345
0.0510939959417
0.0514039444383
0.0519146592962
0.0517478448544
0.17237566175
0.172254798831
0.172163287212
0.171795031487
0.171145966041
0.170285263345
0.169265445384
0.168129548494
0.166914030435
0.165648482452
0.164357142958
0.163060891058
0.161778698487
0.160528458375
0.159327341819
0.158191838584
0.157137617086
0.156179306552
0.155330267214
0.154602382206
0.154005883678
0.153549198347
0.15323897459
0.153078113
0.153064232087
0.153194530229
0.153463636439
0.153864814043
0.154388481661
0.155021567193
0.15574751711
0.156546268076
0.157394065276
0.158263070434
0.159121247708
0.159929334581
0.160650302869
0.161198189776
0.161629255805
0.16147954583
0.161580104462
0.158581990377
0.15438985006
0.149286421582
0.14377532523
0.138130228471
0.132474288845
0.126859332038
0.121300167556
0.115797773798
0.110348171878
0.104946770559
0.0995875815906
0.0942696227896
0.0889834820719
0.0837417827853
0.0785180528877
0.0733646004021
0.068190959337
0.0631883177889
0.0580769042777
0.0542924983229
0.0518664274384
0.050526145274
0.0496026976038
0.0496448897293
0.0495375113766
0.0494494296407
0.0493918020558
0.0493474433285
0.0493179234014
0.0493777444697
0.0496386051329
0.0500369846105
0.0504225516435
0.0508056055203
0.0511703461316
0.0514764015946
0.051881567152
0.0518246575342
0.172490001992
0.172565386256
0.172633345727
0.172429516612
0.171983877019
0.171337444304
0.170522834804
0.169575320436
0.168526609728
0.167403288977
0.166228518508
0.165023764428
0.16380987321
0.162607529436
0.161437257625
0.160319149508
0.159272472973
0.158315272158
0.157464018838
0.156733336887
0.156135800732
0.155681772017
0.155379536908
0.155232268536
0.155237591319
0.155392677828
0.155692431324
0.156129985509
0.156695287667
0.157374709426
0.158151245797
0.159004663091
0.159911527718
0.160845046349
0.161775149183
0.162665711914
0.163483970499
0.164146539577
0.164736278218
0.164685022421
0.165219292706
0.161348088312
0.156622344432
0.151034116128
0.145161720331
0.139248454122
0.133378378591
0.127579517839
0.121853678008
0.116194957553
0.1105954126
0.105047930189
0.0995447509797
0.094084057631
0.0886545049619
0.083271727996
0.0779026606717
0.0726130893985
0.0672934333787
0.0621805543306
0.0569082624595
0.053416443269
0.0514199646979
0.050243394845
0.0499520287006
0.0498228689836
0.0496795448293
0.049580015331
0.0495240460932
0.0494970304609
0.0494801000526
0.0495047994586
0.0497067742049
0.0500994168773
0.0504852097554
0.0508745701889
0.0512504667113
0.0515659446726
0.0519154521851
0.0519970341185
0.172790506854
0.173019801896
0.173047843081
0.172938752942
0.172676108629
0.172231367347
0.171622566208
0.170874293282
0.170008218563
0.169044319525
0.168002373674
0.166903078172
0.165768563889
0.164622256019
0.163488303554
0.162390824353
0.16135314701
0.160397158537
0.159542800452
0.158807710447
0.15820698999
0.157753038365
0.157455792066
0.157318804896
0.157339731636
0.157515713642
0.157841752042
0.158310612481
0.158911528077
0.159630078648
0.160448593353
0.161346505454
0.16230063974
0.163285344207
0.164272873125
0.165230967552
0.166131881583
0.166899482374
0.167637072916
0.167695104067
0.168697676171
0.16384965529
0.158608111414
0.152572994216
0.146392109916
0.140251442892
0.134196548684
0.128235446836
0.122359747864
0.116558350531
0.110820203807
0.105136039001
0.0994965802531
0.0938990366023
0.0883303470707
0.0828092797285
0.07729519987
0.0718707325103
0.0664063250157
0.0611801244646
0.0557538066525
0.0527234153515
0.051185237265
0.050061801823
0.0502391965802
0.049973504549
0.0498051993266
0.0496934561662
0.0496331959309
0.0496111474252
0.0496054449872
0.0496285305684
0.049788387361
0.0501520002889
0.0505459483156
0.050947511554
0.0513379929736
0.051670949658
0.0520025728518
0.0523033230298
0.173171978264
0.173286757246
0.17326009129
0.173318774761
0.173225330512
0.172966366234
0.172561544042
0.172019346016
0.171347707176
0.170557051832
0.169661373608
0.168679098759
0.167632972736
0.166549072378
0.165455425409
0.164380586654
0.163352384257
0.162396942064
0.161537986484
0.160796392864
0.160189920741
0.159733051594
0.159437314044
0.159306749047
0.159339158769
0.159531655406
0.159879104498
0.160373610991
0.161003403741
0.161752968683
0.16260364685
0.163534209217
0.164521434628
0.165540582767
0.166566221726
0.167570115986
0.168530016227
0.16938067318
0.17023529058
0.170403839687
0.171834403746
0.165989923903
0.160283610324
0.153867322746
0.147443399735
0.141120812382
0.134913363983
0.128814305565
0.12280795993
0.116879615952
0.111015945763
0.105205900703
0.0994389393526
0.0937110043041
0.0880076643193
0.0823501663529
0.0766894934932
0.0711294876029
0.0655171742101
0.0601681628475
0.0546236808109
0.0521757254354
0.0509058883517
0.0505430400519
0.0503008078087
0.0500727912152
0.0499053120377
0.049800730438
0.0497499140639
0.0497429328847
0.0497626529676
0.0497964101536
0.0498874886382
0.0501626540271
0.0505995857319
0.0510269444371
0.0514431409427
0.0518141674711
0.0521967867605
0.0528821821631
0.173443718861
0.173428198238
0.173589005968
0.173650631091
0.17364908987
0.173556081508
0.173345963837
0.173009220921
0.172538154884
0.171929850825
0.17118970076
0.170332304137
0.169380368425
0.168362547823
0.167311005769
0.166259120954
0.165239604677
0.16428313651
0.16341745991
0.162666827371
0.162051704555
0.1615886213
0.161290564535
0.161162185719
0.161201700052
0.161406235084
0.161770223689
0.162284750258
0.162936699119
0.163709102536
0.164581896373
0.165532694715
0.166537641806
0.167572224325
0.168612713983
0.169634275568
0.170621253373
0.171521517781
0.172445562994
0.172717291174
0.174464048498
0.167686826406
0.161599919481
0.15489228325
0.148298139367
0.141842308786
0.135517112534
0.129306688411
0.123190942735
0.117153106635
0.111178453317
0.105254589876
0.0993699305683
0.0935187053846
0.0876854626298
0.0818918910649
0.0760800180388
0.0703775838347
0.0645971377805
0.0591045299316
0.053522853121
0.0517288890663
0.0504562812722
0.0506799648223
0.0503152251078
0.0500916933114
0.0499480150395
0.0498750907061
0.0498520788895
0.049870343838
0.0499215238109
0.0499857803721
0.0500704475941
0.0502654713786
0.0506612601956
0.0511274376444
0.0515879847235
0.0520315536036
0.0525263634332
0.0535637613275
0.173707269931
0.173714169925
0.173818033888
0.17382841002
0.173951818428
0.174013548079
0.173984133038
0.173847615524
0.173577892804
0.173155377772
0.172574457241
0.171844672358
0.170988254177
0.170036473371
0.169025930843
0.16799518222
0.166982109401
0.166022145267
0.165147161294
0.164384815355
0.163758230194
0.16328586531
0.162981942304
0.162851755108
0.162894223583
0.163106566489
0.163482501666
0.164011766003
0.164679606393
0.1654672683
0.166352842461
0.167312194067
0.168320017293
0.169350843495
0.170380900627
0.171385764867
0.172356721212
0.173253553277
0.174178927858
0.174534455781
0.176438366518
0.1688795137
0.162527068029
0.155635680845
0.148946939689
0.14240861344
0.136002078612
0.129708144865
0.12350534476
0.11737647797
0.111306392323
0.105281873865
0.0992904784585
0.0933242349103
0.0873668753028
0.0814368714777
0.0754677873006
0.0696087861064
0.063615417912
0.0579196547473
0.0522260512012
0.050749996608
0.0500876986963
0.0502680741837
0.0500664260236
0.0499570085893
0.0498859598728
0.0498894946116
0.049930341295
0.0499908968429
0.0500792150991
0.0501812362031
0.0502863058925
0.0504345165437
0.0507516004528
0.0512631067715
0.0517937142141
0.052341025305
0.0529412404357
0.0539649973374
0.173955654415
0.173962087977
0.173959249299
0.174094088976
0.174207731789
0.174362532764
0.174495688973
0.174547834714
0.174472683658
0.17423200458
0.173806808015
0.173200765836
0.172435471633
0.171545001543
0.170570754634
0.169556734228
0.168546109764
0.16757907874
0.166691579539
0.165914551263
0.165273597734
0.164788896465
0.164475649734
0.164339888156
0.164381708989
0.1645985664
0.16498311075
0.165523344525
0.166202562342
0.166999884939
0.167891114855
0.168849787955
0.169848424067
0.170859690349
0.17185802286
0.172814135288
0.173719209027
0.174516537742
0.175330632495
0.175718707049
0.177582668834
0.16951555631
0.16305783617
0.156104773214
0.149394659663
0.1428234698
0.13637092997
0.130020423123
0.123752409587
0.117550907229
0.11140132245
0.105290197862
0.0992044316312
0.0931336006176
0.0870606618291
0.0809963107147
0.0748687726035
0.0688390411314
0.0625822733444
0.0566207964618
0.0505987751769
0.0490650011784
0.049522252945
0.0496782370449
0.0497552630233
0.0497446261869
0.0497252419459
0.049856607252
0.0500000116946
0.0501052154265
0.0502437836034
0.050404718492
0.0505650515147
0.0507255923147
0.0509586479471
0.0514092144178
0.0520704613913
0.0527494109365
0.0534522869488
0.0542779479761
0.174192158277
0.174198538686
0.174210413179
0.174285101333
0.174385278782
0.174633084639
0.174906892631
0.175128957996
0.175235002692
0.17516377798
0.174882064293
0.174388152526
0.173703104969
0.172864231024
0.171918181267
0.170914486256
0.169901425225
0.168923706288
0.168021052049
0.167227379866
0.166570462777
0.166071884291
0.16574746394
0.165603784269
0.165642386398
0.165861103087
0.166251369804
0.166799326566
0.16748623786
0.168288922444
0.169180505446
0.170131570807
0.171111780404
0.17209188824
0.173046336699
0.173946528151
0.174786643891
0.17539660104
0.175949330309
0.176264762085
0.177784133917
0.169598482948
0.163236815858
0.156343926122
0.149669453447
0.143105069791
0.136635749772
0.130251652949
0.123937835585
0.117680801158
0.111467267575
0.105284044545
0.0991176331175
0.0929554439765
0.0867798864738
0.080590910283
0.0743184261466
0.0681134541035
0.0615553990105
0.0553068835212
0.0488436882654
0.0477023905006
0.0488836772326
0.0490555223694
0.0492666884906
0.0494524513768
0.049658608011
0.0499263422402
0.0500848004203
0.0501827778914
0.0503976150116
0.0506794393337
0.0509384565191
0.0511457593333
0.0513980008369
0.0517769461627
0.0524317591973
0.0532639553025
0.0540953736817
0.0548144998346
0.174413485414
0.17442180856
0.17443594651
0.174449738606
0.174637787111
0.1748890038
0.175249547202
0.175614938631
0.175882555803
0.175958286263
0.175798195318
0.175396504112
0.174773335789
0.173970165529
0.173039615704
0.17203660626
0.17101406084
0.17002071509
0.169099596114
0.168287125166
0.167612802704
0.167099245512
0.16676260108
0.166610026357
0.166644883006
0.166865413001
0.167261456
0.167817015137
0.168511168467
0.16931822639
0.170208224225
0.17114800218
0.172103024539
0.173040422755
0.173934687049
0.174775209357
0.175619300431
0.176228637956
0.176492423321
0.176626049424
0.177425447284
0.169360602607
0.163190700298
0.156433435533
0.149819387881
0.143282795095
0.136815564133
0.130414671432
0.124070632691
0.11777294087
0.111509952938
0.10526903546
0.0990364997408
0.0927982193213
0.0865365838236
0.0802424905475
0.0738592052059
0.0674975182671
0.060657436013
0.0542166360645
0.0474912154351
0.0474289536291
0.0482365841328
0.0486575806059
0.0490019336629
0.049286741352
0.0495578326014
0.0498264506589
0.0500624578156
0.0503140306294
0.0506429477867
0.0510457228551
0.051306402927
0.051504787671
0.051823557385
0.0522813924347
0.0529573672753
0.0538562001767
0.0548360924322
0.0555198330644
0.174610108804
0.174623900907
0.174654881899
0.17470220022
0.174862492889
0.17516686441
0.175579909891
0.176034986323
0.176433439673
0.176619698189
0.176551298416
0.176217722575
0.175636135082
0.174853167966
0.173927290968
0.172917761917
0.171881225855
0.17086973443
0.169928994604
0.16909738445
0.168405679352
0.167877168504
0.167527979265
0.167365661329
0.167395373515
0.167615717633
0.168015189716
0.16857599053
0.169275242777
0.170084863686
0.170971776569
0.171898724166
0.172825695692
0.173712315687
0.174522040974
0.175229241086
0.175834990903
0.176387104438
0.176705629124
0.176867701636
0.177487616141
0.169228857108
0.163060257189
0.156444722429
0.149892094656
0.143387607902
0.136930743288
0.130523303276
0.124160541161
0.117834706198
0.111535691003
0.105251427796
0.0989680327845
0.092670134286
0.08633975774
0.0799623220809
0.0735022801473
0.0670222112079
0.0601003909593
0.0538715555349
0.0467374701857
0.0474710083608
0.0479562882473
0.0484232233425
0.0488338787367
0.0491892257791
0.0495168783014
0.0498268563623
0.0501194780627
0.0504191986689
0.0507540372953
0.0511221116263
0.0514771099928
0.0518797997779
0.0524009934267
0.0530652906546
0.0537490201502
0.0545602550198
0.0555985600562
0.0562884499075
0.174756880313
0.174775301033
0.174824679777
0.174904494002
0.175072385444
0.175447730671
0.175896632468
0.17640960898
0.17690125766
0.177147409602
0.177129601325
0.176821991068
0.176245814275
0.175458034584
0.174521272833
0.173496538606
0.172442531567
0.171413316727
0.170456069967
0.169610065829
0.168906521079
0.168369132988
0.16801373499
0.167849029854
0.167880900808
0.168106145997
0.168511569123
0.169078057607
0.16978131804
0.170591476179
0.17147318041
0.172386281878
0.173287007529
0.174129814867
0.174870303018
0.175469658032
0.175903480616
0.176183292983
0.176440400948
0.176657665538
0.176911751582
0.169156197258
0.162929085857
0.156427984907
0.149923618172
0.14344359915
0.136996586362
0.13058733745
0.12421418927
0.117871310974
0.111549676869
0.105237603511
0.0989209514124
0.0925831649916
0.0862046215367
0.0797644532382
0.0732330060743
0.0666287222478
0.0598523313877
0.0542668122568
0.0456663327773
0.0470746973206
0.0476249498625
0.0482016112994
0.0486797942223
0.0490899288555
0.049460340978
0.0498086429777
0.0501465382289
0.050490536089
0.0508546587979
0.0512382060975
0.0516395006917
0.052099581422
0.0526785239044
0.0534209903863
0.054313240766
0.0553579305129
0.0564392230417
0.0570357660811
0.174823573037
0.174846834763
0.174911354482
0.175020137991
0.175216548655
0.175584483588
0.176136129377
0.17674365416
0.177208300907
0.177506436817
0.177566001603
0.17727821333
0.176691302771
0.175883887827
0.174923210869
0.173871764828
0.17279046962
0.171735467103
0.17075533152
0.169890045696
0.16917064659
0.168618703264
0.16824640705
0.168067194392
0.168090554546
0.168309180174
0.168707537525
0.169265568638
0.169958330375
0.170755382738
0.171620942177
0.172514606225
0.173392580422
0.174209604715
0.174921891936
0.175491424053
0.175892375359
0.176119256155
0.176248231846
0.176250864835
0.176265727611
0.169303981132
0.162894692626
0.156420694585
0.149934870221
0.143464451374
0.137021644938
0.130611991566
0.124234949253
0.117885450261
0.111554906951
0.105231786357
0.0989018139428
0.0925478348291
0.0861490495351
0.0796799909198
0.0731041158108
0.0663751584757
0.0593340357925
0.0518912368367
0.0410542585912
0.0458244614587
0.0471905903113
0.0480050756697
0.0485702673508
0.0490262414025
0.0494262804394
0.0497965689644
0.0501545221379
0.0505167277641
0.0508956341989
0.0512968751869
0.051731226894
0.0522299430611
0.052834769526
0.0535882702638
0.0545554467668
0.0558264815609
0.0572140777146
0.0578047428263
)
;

boundaryField
{
    frontAndBack
    {
        type            empty;
    }
    upperWall
    {
        type            zeroGradient;
    }
    lowerWall
    {
        type            zeroGradient;
    }
    inlet
    {
        type            zeroGradient;
    }
    outlet
    {
        type            fixedValue;
        value           uniform 0;
    }
}


// ************************************************************************* //
