/*--------------------------------*- C++ -*----------------------------------*\
| =========                 |                                                 |
| \\      /  F ield         | OpenFOAM: The Open Source CFD Toolbox           |
|  \\    /   O peration     | Version:  v1806                                 |
|   \\  /    A nd           | Web:      www.OpenFOAM.com                      |
|    \\/     M anipulation  |                                                 |
\*---------------------------------------------------------------------------*/
FoamFile
{
    version     2.0;
    format      ascii;
    class       volScalarField;
    location    "600";
    object      pa;
}
// * * * * * * * * * * * * * * * * * * * * * * * * * * * * * * * * * * * * * //

dimensions      [0 2 -2 0 0 0 0];


internalField   nonuniform List<scalar> 
6400
(
0.0258513629439
0.0200237257019
0.0171656662579
0.0170317693744
0.0499883028062
0.0867007211921
0.134048942248
0.203348037656
0.287340991533
0.371619174711
0.447262870675
0.51148208485
0.563961659181
0.60485544052
0.634574620662
0.653938671527
0.664094620006
0.666316006961
0.661849134616
0.651842819678
0.63732221733
0.619182606995
0.598190046604
0.574991084014
0.55012536858
0.524042259248
0.497115613607
0.469659450139
0.441940833224
0.41419459678
0.386639138258
0.359511494017
0.33313210844
0.308012385529
0.28451460697
0.260652670028
0.225810005894
0.173166122243
0.103865030667
0.0244257272385
-0.0601682150205
-0.147445917676
-0.236277254807
-0.325884493003
-0.415531061806
-0.504522779347
-0.5922237648
-0.678037320807
-0.761378765986
-0.841661194318
-0.918288301139
-0.990653158643
-1.058138184
-1.1201209401
-1.17598389723
-1.2251323528
-1.26701784037
-1.30116943979
-1.3272286888
-1.34498799713
-1.35442630349
-1.35573995552
-1.34936195551
-1.33596797922
-1.31646414367
-1.29195844263
-1.26371314204
-1.23308683625
-1.20145633477
-1.1701484485
-1.14031062538
-1.1128828568
-1.08824546831
-1.06654175705
-1.04624757869
-1.02722390399
-1.00403314507
-0.985309996854
-0.955608559633
-0.980776210542
-0.0255545772686
-0.0500277702044
-0.0409864832469
-0.0110474383714
0.0596252487408
0.218318141057
0.423842590121
0.692667373644
1.02617733859
1.40857840626
1.82366230532
2.259733528
2.70773831853
3.15972719262
3.60879057487
4.04932645105
4.47703252709
4.88869534144
5.28196268776
5.65516639778
6.00718225534
6.33731272231
6.64518522756
6.93067047577
7.19381569064
7.43479477578
7.65386745756
7.85135053966
8.02759417387
8.1829670416
8.31784411957
8.43259007504
8.5275595028
8.60324418943
8.66174820126
8.71162259395
8.77172821973
8.83811050106
8.89336037723
8.93010102391
8.94763835524
8.94593263646
8.92438228053
8.88218842902
8.81861462034
8.73300770764
8.62476884286
8.49335423242
8.33830008868
8.15925194477
7.95599571169
7.72849070442
7.47690917486
7.20168048118
6.90354099595
6.5835852937
6.24331645879
5.88468801276
5.51013158243
5.12256096217
4.72534588248
4.32224875393
3.91732247405
3.51477058656
3.11877721469
2.73331734412
2.36196347266
2.00770040708
1.67277131182
1.35854344762
1.06545772382
0.792924286186
0.539557572952
0.302803976445
0.0805995239569
-0.131355071874
-0.328682032626
-0.51906383938
-0.642161066883
-0.793522974181
-0.104608182169
-0.0822084108423
-0.0543441689155
-0.00689051364924
0.0630929688571
0.154686996609
0.273570294848
0.427328867552
0.612478012269
0.816497656631
1.02733148827
1.23669457412
1.43882917991
1.62929849329
1.80476969712
1.96304780847
2.10294571641
2.22404225803
2.3264562924
2.41067720891
2.47744110353
2.52763537833
2.56222644783
2.58220629338
2.58855659534
2.58222499537
2.56411203438
2.53506409545
2.49587246567
2.44727406466
2.389955676
2.32454725196
2.25156814086
2.17099730052
2.08062769191
1.97241655368
1.84565917571
1.71559330012
1.59202097511
1.47379948045
1.35929108414
1.24875797651
1.14315834945
1.04344699865
0.950493992379
0.865094419963
0.787924417161
0.719484841315
0.660060575777
0.609694469227
0.568166947654
0.534981110405
0.509353107293
0.490211727398
0.476207867163
0.465738550119
0.456987100165
0.447984029023
0.436688762064
0.421092961004
0.399340172814
0.36985536363
0.331472050692
0.283544442377
0.226029961733
0.159530426968
0.0852853246059
0.00511095922815
-0.0786990921543
-0.163541052693
-0.24664346825
-0.325420025315
-0.397462001662
-0.461742096391
-0.516886808828
-0.567023258754
-0.604639179412
-0.648938141941
-0.600774332007
-0.710675388908
-0.282069336751
-0.0909754741425
-0.106883754189
-0.101611439133
0.0123300870788
0.155625090381
0.310272126219
0.488488362118
0.690128275365
0.906756762702
1.13127999451
1.35931615786
1.58771407223
1.81384875148
2.03561786581
2.25148447407
2.46039515164
2.66165098249
2.85479723738
3.03954662879
3.21572584028
3.38323826587
3.54203683126
3.69210658199
3.83345308125
3.96609674723
4.09006911566
4.2054122588
4.3121766602
4.41042159932
4.50020245049
4.58157204828
4.65453311474
4.71934393851
4.77705041241
4.83147997879
4.87139198088
4.89225294677
4.89848044598
4.89073857849
4.86746441861
4.82783075847
4.77180912704
4.69956856276
4.61131620649
4.50737581671
4.38825035983
4.25463522779
4.10741907858
3.94768370353
3.77670072002
3.59591825947
3.40693821603
3.21148140635
3.01134209744
2.80832975107
2.60420120165
2.40058480147
2.19890417489
2.00030822923
1.80561889784
1.61530523407
1.42949336601
1.24801508009
1.07049515769
0.896468233874
0.725517094522
0.557411231543
0.392252260806
0.230572044184
0.0734993338006
-0.0773132796061
-0.219199191604
-0.349604174569
-0.463070665388
-0.559644220612
-0.620735713763
-0.671922432244
-0.560739914682
-0.701500935814
-0.504572753187
0.0446920631695
-0.090863661574
-0.0750207335015
0.13664981218
0.330762444542
0.491231463307
0.653459892249
0.823897856386
0.997470016794
1.17146830923
1.34485768722
1.51629277149
1.68405087141
1.84644805254
2.00201852233
2.1495295564
2.28796390593
2.41650346592
2.53451119497
2.64151104448
2.73716651977
2.82126032106
2.89367472542
2.95437442206
3.00339068913
3.04080832317
3.06675333357
3.08138346769
3.08487682801
3.07742803356
3.05922755116
3.03047970319
2.99123029361
2.94146068903
2.88139209039
2.81942204656
2.75717259714
2.69591147862
2.63644494846
2.57855020923
2.52190658006
2.46643937525
2.41208063036
2.35859746955
2.30559412287
2.25255133322
2.19884711238
2.14377263713
2.08656003676
2.02642111123
1.96259330295
1.89438838145
1.82124228451
1.74276165437
1.65876354206
1.56930199082
1.47467700759
1.37542052439
1.27225776752
1.16604442349
1.0576857886
0.94804730259
0.837870140301
0.727705910661
0.617882014855
0.508507837619
0.399514597343
0.290747085129
0.182041528313
0.0734330619239
-0.0348992790712
-0.141887362609
-0.246842180956
-0.345085268464
-0.438867523509
-0.504166935827
-0.578737027712
-0.443522482229
-0.674390072332
-0.665298732264
0.40496196575
0.0648680694476
0.108209257114
0.374211214016
0.556629462316
0.682915182465
0.808509317475
0.940683158992
1.07590897667
1.21415602471
1.35596378714
1.50057436078
1.64647837763
1.79206855705
1.93585655109
2.07651233992
2.21288265044
2.34400144701
2.46908540142
2.58751798157
2.69882964289
2.80267721117
2.89882480461
2.98712637647
3.06751121845
3.1399716733
3.20455383107
3.26134987601
3.31049318539
3.35215474307
3.38654825018
3.41394451618
3.4347184322
3.44911141021
3.45504037243
3.44976069147
3.43284717422
3.40463262706
3.36565991709
3.31623825521
3.2566355146
3.1873520234
3.10910825486
3.02273425701
2.9291132595
2.82916047576
2.72379424909
2.61389762967
2.50028187436
2.38365896379
2.26462370882
2.14364702224
2.02108111689
1.89717816019
1.7721213104
1.64606654089
1.51919051706
1.39173884208
1.26406636901
1.13666171317
1.01014852736
0.885260130295
0.762788573787
0.643515824612
0.528138110762
0.41720229047
0.311056669708
0.209856853747
0.113554429948
0.0220503127523
-0.0649777884971
-0.147265049165
-0.225714955104
-0.297029809563
-0.367900558031
-0.412032771166
-0.486296400947
-0.300840121921
-0.627647073013
-0.858699243901
0.924418023285
0.296366326259
0.366902457009
0.631656465143
0.75857085128
0.834400008566
0.918925504525
1.01379313492
1.11530332353
1.22394076669
1.33983524585
1.46161385589
1.5872914414
1.71487326003
1.8425054132
1.96849984636
2.09135404228
2.20976286153
2.32261454465
2.4289763862
2.52807644662
2.61928495626
2.70209629941
2.77611262817
2.84102908042
2.89662123065
2.94273410771
2.97927342411
3.00619734586
3.02351106321
3.03125492923
3.02949717047
3.0183124191
2.998104659
2.9714184765
2.93960085927
2.90318304753
2.86274748008
2.81882281578
2.77163178513
2.72112415423
2.66715723564
2.60957948618
2.54822546298
2.48291674776
2.41348898726
2.33982173806
2.26185760581
2.17961221527
2.09317743806
2.00271834811
1.90846373845
1.81069189131
1.70971408292
1.60585934567
1.49946392325
1.39086872396
1.28042675754
1.16852054541
1.0555865413
0.942140861011
0.828798046753
0.716275315191
0.605376266671
0.496952784487
0.391855336756
0.290866427649
0.194672053693
0.103790111844
0.0186818355877
-0.0605407358193
-0.133224132274
-0.200415772828
-0.258450801682
-0.316634233961
-0.344110189939
-0.417683687029
-0.167333149351
-0.588396822393
-1.05669428289
1.58872413897
0.557756957426
0.650879581388
0.86348728017
0.914666985444
0.943057652696
0.994977041
1.06331650163
1.14351161113
1.23523665607
1.33737503695
1.4477261952
1.56388742301
1.68362410798
1.80491409902
1.92594375286
2.04511230087
2.16103177691
2.27251705163
2.37856982467
2.478360821
2.57121204609
2.65658001293
2.73404027664
2.80327375169
2.86405487561
2.91624167379
2.95976793172
2.99463641821
3.02091641662
3.03873700765
3.04830299182
3.04984922731
3.04363543214
3.02904797441
3.00576339051
2.97399962683
2.93419977526
2.88690946874
2.83268026167
2.77204659703
2.70556735184
2.63383962855
2.55746294843
2.47699603446
2.39293226065
2.3056899306
2.21561002739
2.12296078647
2.02795021368
1.93074517846
1.83149384883
1.73034792576
1.62748147704
1.52310397802
1.41746643955
1.31086086009
1.2036153009
1.09608803043
0.988664582477
0.881760945065
0.775831723907
0.671382091179
0.568974827777
0.46922697392
0.372797581401
0.280343275183
0.192503350513
0.10981078532
0.0328014446578
-0.0383814672642
-0.102990419955
-0.162332728066
-0.212258053605
-0.264304096021
-0.282253821861
-0.363972961893
-0.049094884422
-0.564555587308
-1.25598704372
2.37928610367
0.807980592581
0.93160476605
1.05896007672
1.03723503761
1.03121475586
1.06128217763
1.1127287207
1.18030917035
1.2623327686
1.3563517171
1.45949518658
1.56909361281
1.68279034176
1.79849676756
1.91436102809
2.02875351354
2.14025358795
2.24763377967
2.3498429195
2.44598953591
2.53532604325
2.61723396397
2.69121040929
2.75685595074
2.81386397515
2.86201155292
2.90115181687
2.93120788935
2.95216883655
2.96408751875
2.96708798003
2.96139273815
2.94745768407
2.92600063178
2.89743588143
2.86214422635
2.82053105209
2.77298305845
2.71983644427
2.66137890532
2.59788417501
2.52964500342
2.45698171246
2.38023533196
2.29975885807
2.21590846278
2.12903222395
2.03945749195
1.94748065929
1.85336242594
1.75733007858
1.65958676533
1.56032656602
1.4597527154
1.35809626152
1.25563080933
1.15268122619
1.04962474607
0.946885673133
0.844928482661
0.744249376405
0.645375409063
0.548863121163
0.455297952437
0.365295963235
0.279466010219
0.198408605716
0.122612277956
0.0525957523726
-0.0116275285655
-0.0694323762279
-0.122568800567
-0.16663053758
-0.215460561196
-0.228112922221
-0.324267456239
0.0523645398792
-0.55331390745
-1.43421983091
3.27849514073
1.01819843942
1.19980429647
1.22341798289
1.14383788894
1.11618417588
1.13198893947
1.17280366161
1.23293649031
1.30917997775
1.39800253181
1.49611178383
1.60072474031
1.70947904573
1.82032689008
1.93147800685
2.04136586262
2.14862288332
2.25206014575
2.3506504746
2.44351374857
2.52990375449
2.60919626254
2.68087825571
2.74453820244
2.79985742293
2.84660255304
2.88461920692
2.91382696927
2.93421672758
2.94584823847
2.94885670266
2.94342565029
2.9297962414
2.90805328267
2.87839518065
2.84117158147
2.79682891462
2.7458689693
2.68881590402
2.6261939371
2.55851968256
2.48630064491
2.41002916983
2.33017276324
2.24716705581
2.16141311941
2.07327667629
1.9830874782
1.89113887567
1.79768864116
1.70296175643
1.60715614304
1.51045167517
1.41302210428
1.31505072076
1.21674570512
1.11835426232
1.02017177276
0.922543525167
0.82586475678
0.730570082228
0.637133666826
0.54605999543
0.457883280047
0.373179387777
0.292527882639
0.216492187132
0.145492443614
0.0800712498693
0.0200638974546
-0.0341311634487
-0.0846662824569
-0.126923474819
-0.176432399544
-0.189401493469
-0.301576308052
0.133410382745
-0.557495364306
-1.57900527209
4.25484091338
1.16499573612
1.45588797727
1.3657526285
1.24782239684
1.2072904623
1.21312547752
1.2468815493
1.30211996464
1.37413607583
1.4586149007
1.55203111904
1.65158432387
1.75497730479
1.86026492635
1.96577048572
2.07003321167
2.1717740877
2.26987217344
2.36334812022
2.4513516944
2.53315144831
2.60812589151
2.67575547085
2.73561526259
2.78736802717
2.83075811983
2.86560532121
2.89180110429
2.9093021854
2.91813436487
2.91837995681
2.91024460272
2.89410085995
2.8701912707
2.83877792514
2.8001904743
2.75481337193
2.70306629986
2.64539307469
2.58225643349
2.51413678434
2.44153103189
2.36494614262
2.28488695887
2.2018422616
2.11627246327
2.02860008836
1.93920331056
1.84841309818
1.75651442958
1.6637511671
1.57033405657
1.47645108386
1.38227732417
1.28798927343
1.19377636105
1.0998534106
1.00646937057
0.913909051495
0.822499061677
0.732592384121
0.644578368742
0.558869179913
0.475895849415
0.396114945878
0.320056585324
0.248132378745
0.180502814489
0.117792428942
0.0593755704199
0.00510581967997
-0.0474044542517
-0.0937342623567
-0.148509675977
-0.172810396091
-0.292699906604
0.195003289729
-0.591788609899
-1.67951760056
5.27260653972
1.23802674513
1.70871032348
1.49426686924
1.35660918025
1.30713347134
1.30521345114
1.33392761921
1.38540396661
1.45362211987
1.53375428914
1.62217770899
1.71615012341
1.81349878462
1.91242982047
2.01141890425
2.10914228154
2.20443637437
2.29627190877
2.38373910454
2.46603783944
2.54247063494
2.61243715655
2.67542920446
2.73102576371
2.77888790459
2.81875391458
2.85043346345
2.87380483521
2.88880594136
2.89544486083
2.89377200812
2.88399706173
2.8663959514
2.84108603865
2.80831537425
2.76842040034
2.72180108795
2.6689038045
2.61020805637
2.54621599233
2.47744487677
2.40442162976
2.32767669618
2.24773545774
2.16510770124
2.08027659416
1.99368819393
1.90574270822
1.81678861816
1.72712180948
1.6369892676
1.54659759726
1.45612561916
1.36573248984
1.27557516583
1.18581744854
1.09664278646
1.00826161273
0.920907433802
0.834852546973
0.750382703549
0.667802217598
0.587435804629
0.509622331117
0.434591294916
0.362943856071
0.294783212132
0.229568126663
0.168007063327
0.10884455378
0.0507079684757
-0.00839161013425
-0.065561939405
-0.13155558833
-0.181224635086
-0.28186321963
0.232096053136
-0.67160846923
-1.73110957964
6.29501164415
1.23754721076
1.96850888615
1.61280799479
1.47239214733
1.41459045071
1.40662763378
1.43163794927
1.47981932531
1.54417553594
1.61958413323
1.70243345866
1.79010980824
1.88061581723
1.97234436863
2.06394731012
2.15425395085
2.2422280771
2.32694118206
2.40756096565
2.48334458159
2.55363515116
2.61785991471
2.67552793292
2.7262274446
2.76962224395
2.80544780411
2.83350544743
2.8536602246
2.86582945871
2.86999942172
2.86618550249
2.85461915546
2.83557546279
2.80915045949
2.77556183138
2.73511714004
2.6881831175
2.63517410452
2.57654688046
2.5127941262
2.44443621686
2.37201255074
2.29607216787
2.21716292889
2.13581948131
2.05255079282
1.96782816298
1.8820749394
1.79565840898
1.70888764519
1.62201563823
1.53524732319
1.44875562998
1.36268304429
1.2771664518
1.19234107358
1.10835630027
1.0253844408
0.943612369694
0.863250781469
0.784542045862
0.707694340888
0.632952673697
0.560695638325
0.490586305749
0.423409673848
0.359078827324
0.296091715739
0.234416295053
0.171820125534
0.105829990586
0.0346907614336
-0.0403988519804
-0.125246308736
-0.206079964447
-0.255108526034
0.208560131225
-0.782034242191
-1.73305619505
7.28955376004
1.17323417458
2.24372170185
1.72140864132
1.59492334365
1.52741983943
1.51533106798
1.53753998453
1.58255546349
1.6427915305
1.71298939709
1.78964792169
1.87034833785
1.95331148254
2.03714266561
2.12068423056
2.20292586977
2.28296337597
2.35997147179
2.43319843221
2.5019618362
2.56564938869
2.62372070364
2.67570750855
2.72121301959
2.75990973029
2.79153591718
2.81589005648
2.83282859038
2.84225395085
2.84413382172
2.83845371004
2.82544939812
2.805331731
2.7781567501
2.74411688742
2.70350755151
2.65668446153
2.60404876072
2.54604430509
2.4831534596
2.41588996907
2.34479084401
2.27040744231
2.19329497229
2.11400019998
2.03304795743
1.95092724146
1.8680794176
1.78488664135
1.70166911525
1.6186850986
1.53613740654
1.45419793301
1.37299483765
1.29265046071
1.21327633229
1.13500067663
1.05795567281
0.982316266371
0.90820810037
0.835926770277
0.765553603957
0.697071830242
0.631257288067
0.567528062653
0.505972033521
0.446318956219
0.386172977135
0.323429742021
0.254270491347
0.175743341085
0.0868587417616
-0.0111786762293
-0.119952745566
-0.22362615229
-0.222706074916
0.0950119345328
-0.89014300786
-1.68828270066
8.23014510552
1.0604002337
2.53839487548
1.81750827148
1.7232592491
1.64329530545
1.62939453665
1.64931974775
1.69115972136
1.74698199794
1.81150436435
1.88143119778
1.95459495238
2.02946712973
2.10488220461
2.17987929342
2.25360939809
2.3252994469
2.39422488334
2.45971397699
2.52114413535
2.57794847146
2.62962115392
2.67571930885
2.71586470336
2.7497424051
2.77709710775
2.79772772987
2.81148420065
2.81825905122
2.81800197738
2.81069375719
2.79653944164
2.77568696519
2.7481620305
2.71413071932
2.67386887104
2.62771336068
2.57604613386
2.51929320494
2.45792154389
2.39243231478
2.32335319218
2.25123022051
2.17661806867
2.10006824481
2.022115396
1.94326169203
1.86396480001
1.78462090149
1.70556244854
1.62705499047
1.54929986665
1.47247492428
1.39669562558
1.32208354671
1.24872590066
1.17676509771
1.10627471367
1.03755594271
0.970536421155
0.905594645087
0.843204425529
0.783030101416
0.725702398387
0.670851992381
0.617557809363
0.564148709658
0.506974383172
0.441598646467
0.362917305614
0.268344519026
0.159036850198
0.0378841123997
-0.0950328618657
-0.218012325552
-0.222213715448
-0.116021932736
-0.95839736604
-1.60188519812
9.0981342969
0.916784039337
2.85186329623
1.89794194663
1.85682405857
1.76012448578
1.74710287485
1.76487800245
1.8035185767
1.85467096575
1.91314042035
1.97592409709
2.04114703318
2.10755441636
2.17421911865
2.24037798693
2.30534080143
2.36846218023
2.42911353405
2.48670202728
2.54066229624
2.59047319014
2.63566484767
2.67582182574
2.71058776598
2.73966423965
2.76280575507
2.77981439897
2.79053407387
2.79484645403
2.79268501335
2.78403145566
2.76906149024
2.74782844739
2.72033808878
2.6867366318
2.6472778866
2.6022773286
2.55209744802
2.49714626891
2.43787345444
2.37476324544
2.30832751049
2.23909911665
2.16762385451
2.09445005933
2.02011590898
1.94513165041
1.86997051105
1.79504240749
1.7206960298
1.64720943336
1.57478430881
1.50362026132
1.43382024537
1.36552992439
1.29880060943
1.23391869518
1.17077647518
1.10993281984
1.05173073054
0.996211028481
0.944045584735
0.895185899911
0.849736438582
0.806943635424
0.764788485244
0.719529596236
0.665479615038
0.596353521067
0.507129774318
0.396992779875
0.269357345322
0.126018749099
-0.0372795984876
-0.200306400073
-0.284962043158
-0.376131788175
-0.941497225631
-1.48019809527
9.88188977116
0.759729754615
3.17942098491
1.96037815582
1.995499622
1.87592680891
1.86691760404
1.88231890975
1.91781245597
1.96410637189
2.01626200596
2.0716361804
2.12867252748
2.18640503902
2.24414816886
2.30133416278
2.35742796423
2.41190697164
2.46423374077
2.51389378443
2.56037460861
2.60320186094
2.64194256073
2.6762099672
2.70567334287
2.73005471969
2.74912170484
2.76268315237
2.77057359876
2.77266573478
2.76882828891
2.75910016624
2.74367060291
2.72240993545
2.69533229375
2.6625781341
2.62437631752
2.58101515711
2.53283282932
2.48021493237
2.42358973269
2.36342082047
2.30020025046
2.2344429856
2.16668035866
2.09745180011
2.02729488389
1.95672320925
1.88622689692
1.81622986371
1.74710123758
1.67914007834
1.61255942383
1.54759051924
1.48432734776
1.4230278582
1.36362911619
1.30668723305
1.25253055261
1.20142931843
1.15401093859
1.11062411442
1.07189749245
1.03803031064
1.00871655338
0.982090311339
0.95410487496
0.918481193757
0.86754788311
0.794361824296
0.694923565215
0.569197230402
0.418341775725
0.237740101042
0.02062035117
-0.207990232388
-0.392590641114
-0.587257670848
-0.882198945861
-1.32991367531
10.5758123013
0.604400180972
3.51369589014
2.0041661219
2.13930641609
1.98875983426
1.98749735767
1.99994815363
2.03247452166
2.07378758201
2.11949037801
2.1673271884
2.21607446721
2.26506420501
2.31385043356
2.36205794429
2.40930309091
2.45518069507
2.49924143784
2.54104928479
2.58013809573
2.61608425035
2.64849107954
2.67700180679
2.70131657108
2.72118154294
2.73638145097
2.74673443003
2.75207093664
2.75225224748
2.74710620011
2.73669114982
2.72114355574
2.70022806544
2.67393442057
2.64240077276
2.60584327167
2.56453220772
2.51878663558
2.46896984114
2.41548415036
2.35876544444
2.29927856904
2.23751401254
2.17398290455
2.10921033568
2.04373145348
1.9780596862
1.9127053974
1.84810785661
1.78466694696
1.72269608411
1.66246000105
1.60424529389
1.54813849614
1.49454640034
1.44386208374
1.39644956538
1.35278031899
1.31348626389
1.27941155179
1.25145282283
1.2304833845
1.2165159019
1.20804735321
1.20097464499
1.18821786204
1.16059415573
1.10845817394
1.02383305801
0.901473390132
0.738205462847
0.530966167357
0.277580603066
-0.00831566351506
-0.278562429713
-0.490079991945
-0.67094544307
-0.802260397482
-1.15755411817
11.1790262543
0.46282508067
3.84609204678
2.03050440279
2.28795025517
2.0967613662
2.10771734466
2.11625293265
2.14615162972
2.18241191211
2.22163930159
2.26193169774
2.30240896201
2.34270466378
2.38260686263
2.42193167519
2.46044269744
2.4978471869
2.53378470629
2.5678959163
2.59975326652
2.62899235279
2.65524819251
2.67819681845
2.69757721963
2.71316223827
2.72475736437
2.73219267688
2.73530008792
2.73393199343
2.7278795884
2.71720714658
2.70193678333
2.68175666297
2.65662526374
2.62668412045
2.59214718274
2.55327035224
2.51035565657
2.46374844739
2.41382862999
2.36100348497
2.30570544579
2.24839360553
2.18955219896
2.12968658348
2.06932887265
2.00898818363
1.94920609298
1.89043358321
1.8331286507
1.77757187119
1.72425812257
1.67338420857
1.62551991248
1.58102214555
1.54011316869
1.50358136062
1.47218037306
1.44717534025
1.43003873956
1.4220977444
1.42398332219
1.43441483703
1.44913553397
1.46007492068
1.45556607023
1.42199154694
1.34573220615
1.21521315406
1.0225246285
0.765739901411
0.453104475354
0.110253363807
-0.212245425929
-0.454502115359
-0.603024417471
-0.695095948799
-0.744937294755
-0.969116965533
11.6941027422
0.343653055886
4.16804115643
2.04215799397
2.44049981289
2.19830718107
2.22666055032
2.22987936342
2.25767671701
2.28883900379
2.32167385984
2.35451344507
2.38683841441
2.41858128289
2.44975690926
2.48037475362
2.51033876974
2.53946695667
2.56749206477
2.59412383846
2.61896800477
2.64173254701
2.66207057989
2.67970028201
2.69440986587
2.70599781408
2.71429547917
2.71914893926
2.7203996742
2.71788459204
2.71135487916
2.70083422856
2.68623049458
2.66716213761
2.64354788966
2.61554149368
2.58337934416
2.54731466576
2.50762554627
2.46462810467
2.41867530719
2.37014608428
2.31944039534
2.26698450878
2.21323256731
2.15866376926
2.10381250599
2.04918501434
1.99536278598
1.94279606833
1.89214105075
1.84342292619
1.79784642838
1.75564166928
1.71677955601
1.68213043203
1.65210623004
1.62805177088
1.61150083094
1.60444468128
1.60879526158
1.62558223216
1.65378468213
1.68870653749
1.72078418785
1.73530980056
1.71361803442
1.63586269922
1.4844765176
1.24872635594
0.930266139397
0.549132365886
0.146578788769
-0.219942187209
-0.493340050151
-0.648148058685
-0.717522527804
-0.742266891294
-0.757928145556
-0.769918954985
12.1259104863
0.252350377862
4.47189518896
2.04292927692
2.59526979717
2.29218907688
2.34355759188
2.33961658531
2.36604950578
2.39206668055
2.41868571875
2.44424010452
2.46860871926
2.4920115696
2.51468456199
2.53683466933
2.55849456381
2.57959953109
2.59997867517
2.61939388367
2.6374903061
2.65405960035
2.66874759965
2.68133932578
2.69167859763
2.69957938286
2.704908554
2.70753906054
2.70734496823
2.70414233373
2.69763054658
2.68769392321
2.67412928655
2.65654064916
2.63482101854
2.60910436964
2.57963714808
2.54669510846
2.51056000365
2.47152264507
2.42989844695
2.38602793845
2.34027252378
2.29302156257
2.24470070246
2.19576541659
2.14674512321
2.0981593629
2.05068926239
2.00469827607
1.96125469407
1.92062058886
1.88348004986
1.85028663108
1.82109498841
1.79715322571
1.77962526535
1.77061543581
1.7724483573
1.78752343835
1.81728358315
1.86075169839
1.91271863082
1.9619748424
1.99067276918
1.97552629283
1.89127731446
1.71636916412
1.43990091737
1.06916507672
0.635107581344
0.19138376734
-0.19799694736
-0.481761163174
-0.643867736346
-0.710309783934
-0.719048267477
-0.670512840103
-0.549204265612
-0.564528201466
12.4806960813
0.191657178437
4.75145512205
2.03707609078
2.74990252475
2.3777418707
2.4576958267
2.44440122746
2.47042123399
2.49121551707
2.51187936867
2.53037135018
2.54704069304
2.56237139434
2.57681904242
2.59079096532
2.60443277083
2.61781741697
2.63085986599
2.64335265315
2.65500793226
2.66569380032
2.67501848896
2.68288622257
2.68918029899
2.69370649013
2.69638738115
2.69714165081
2.69591677444
2.69252007477
2.68657445524
2.67774916042
2.66556477049
2.64965553735
2.63006960052
2.60700117072
2.58063766412
2.55119700245
2.51895409165
2.48419733579
2.44722037345
2.40832427319
2.36782835877
2.32608502945
2.28347971598
2.24046095017
2.1975454569
2.1553545653
2.1146361523
2.07613548625
2.04065557904
2.00844386504
1.98011428022
1.95625702804
1.93760250277
1.92596123763
1.92335617775
1.93262673679
1.95646677977
1.9966488359
2.05225975289
2.11757148107
2.18001762785
2.21920503467
2.2082466637
2.11807985338
1.92469796811
1.61814509983
1.21069784278
0.740874067007
0.268902748681
-0.138635561564
-0.431977489779
-0.598532031158
-0.665757875113
-0.675377027349
-0.64086312802
-0.528787782268
-0.346387860968
-0.356792568968
12.765365031
0.162145081417
5.00217957136
2.02879979639
2.90158116539
2.45488009916
2.56833011888
2.54334029106
2.57007690184
2.58551941439
2.60056502722
2.61225416682
2.62152938018
2.62909837223
2.63564198868
2.64176421264
2.64770986619
2.65372370562
2.6597648274
2.66565116582
2.6712104693
2.67633312926
2.68058589217
2.68407333069
2.68664627153
2.6880791122
2.68840933107
2.68764548266
2.68584124168
2.68263526223
2.67769120409
2.67067459115
2.66061621495
2.64686305068
2.62955653424
2.60920472983
2.58613101374
2.56048517308
2.53245806299
2.50228856348
2.4702440953
2.43659592819
2.40161540472
2.36562465765
2.32895364707
2.29216838728
2.25559389192
2.22038916087
2.18723049133
2.15651575486
2.1291969725
2.10557335735
2.08646302571
2.07284344852
2.0662130787
2.0690747144
2.084225864
2.11478491611
2.16271122026
2.22721002411
2.30229532225
2.37452479352
2.42188936409
2.415171255
2.32285094764
2.11940478103
1.79537166827
1.36593326008
0.873645745315
0.381688701995
-0.0431067520665
-0.352211077982
-0.532012277427
-0.605341161175
-0.615262733713
-0.595716027462
-0.537029868574
-0.40488116546
-0.236879268797
-0.149885975982
12.9869737117
0.162779043429
5.22116108976
2.02186801744
3.04730070298
2.52404471541
2.67462442953
2.63574139327
2.66441205459
2.67432194027
2.68415433395
2.68932198212
2.69154686173
2.69169865155
2.69069654668
2.68932739222
2.68793410879
2.6869676642
2.68634825529
2.68596984434
2.6858106439
2.68566203319
2.68513193149
2.68459677015
2.68371185592
2.68224138655
2.68047952996
2.67868216543
2.67705830777
2.67480236526
2.67106163237
2.66549856478
2.65757423022
2.64665543195
2.63245716438
2.61533472156
2.59580436638
2.57415475912
2.55058595593
2.5252752158
2.49842400576
2.47026092221
2.44100549316
2.4110307326
2.38045633206
2.35023439542
2.32077229007
2.29279755573
2.26725094714
2.24451134143
2.22555947625
2.21097872807
2.20191788565
2.19990265906
2.20721897076
2.22699430435
2.26232691757
2.31551354359
2.38589225578
2.46754866016
2.54679779795
2.60094076755
2.59961395709
2.50985933194
2.30491936236
1.97482563778
1.53511490397
1.02911715763
0.520363644365
0.0754280543275
-0.257131033713
-0.461709755274
-0.556189876787
-0.578296791812
-0.565660015977
-0.535372410678
-0.469772432098
-0.342551879036
-0.20021928514
0.0535862448466
13.1523632245
0.191425932585
5.40695240773
2.01939225874
3.18413536323
2.58608459216
2.77563809019
2.72113461222
2.75290627435
2.75707675459
2.76215591839
2.76109469991
2.75664585955
2.74975378542
2.74159588699
2.7331190323
2.72478313851
2.71725331438
2.71030383684
2.70405003015
2.69855784546
2.6933600051
2.68834924602
2.68413474712
2.67992296705
2.67559793362
2.67189110834
2.66942481369
2.66868588766
2.66893201489
2.66857565265
2.66547170988
2.65873159046
2.64942833984
2.63816240523
2.62471730948
2.60916186101
2.59178816292
2.57288197647
2.55261947314
2.53115000417
2.5087031814
2.48533517644
2.46157110852
2.43768447755
2.4142421255
2.39188383588
2.3713079813
2.35346213964
2.33896898956
2.32888551698
2.32412494646
2.32627057374
2.33749746044
2.36076173407
2.39937237518
2.45566779915
2.52936680698
2.61486899472
2.69885842269
2.75881286565
2.76419090377
2.68137478818
2.48243378698
2.15585977072
1.71544429526
1.20272658367
0.679749821381
0.212633220031
-0.148479286977
-0.38405956006
-0.506666799038
-0.548941493499
-0.546495822122
-0.524683445159
-0.489504965757
-0.423566871372
-0.307940028206
-0.185102404869
0.251492957109
13.2679376733
0.245298362198
5.55932382052
2.02374435138
3.3094580405
2.64210127678
2.8703520578
2.79927303271
2.83509798165
2.83334990077
2.83416893029
2.82717882335
2.816462316
2.80292595589
2.7880302866
2.77285622378
2.75801575171
2.74434157154
2.731389918
2.71972661089
2.70922905689
2.69911582047
2.69000857226
2.68241957853
2.67480415954
2.66744258987
2.66165804831
2.65804063277
2.6569202734
2.65855310866
2.66219751494
2.66512151918
2.66276258203
2.65565534515
2.6467970407
2.63682718647
2.6254187375
2.61259896296
2.59862040803
2.58367418308
2.56776948392
2.55118487712
2.53413432534
2.51680009814
2.49954418561
2.48296293656
2.46773980194
2.45472963563
2.44492871493
2.43916960873
2.43865087099
2.44469163687
2.45939238092
2.48550568432
2.52620943655
2.58404469723
2.65898954141
2.74612961817
2.83295087927
2.89784818327
2.91091101437
2.8384832401
2.65155322698
2.33631910208
1.90328368409
1.39033935929
0.856613323559
0.367403192425
-0.0248100634302
-0.29514234937
-0.449733498943
-0.516388991438
-0.528710698219
-0.513495206295
-0.485766072241
-0.446534879091
-0.381185649527
-0.275347202083
-0.165842555997
0.442045183656
13.3395478972
0.321329806456
5.6789841117
2.03656172307
3.42107892814
2.69328389444
2.95772373123
2.87010987955
2.91056838571
2.90282150055
2.89987525706
2.88726695916
2.87071569296
2.85095969223
2.82977119452
2.80834322038
2.78747178077
2.7680563375
2.74947330132
2.73294034711
2.71760131287
2.70270243559
2.69012599263
2.679357949
2.66772595014
2.65649039104
2.64823585467
2.64343919467
2.64293987044
2.64694417563
2.65296097738
2.65966865498
2.66425574143
2.66301893229
2.6579475483
2.65154395142
2.64421111393
2.63608455427
2.62716539927
2.61767598875
2.60770793672
2.59721474627
2.58640849202
2.57553338396
2.56492866528
2.55527594258
2.54739573877
2.54228070254
2.54099881005
2.54458086794
2.55445330713
2.57239999215
2.60097686554
2.64313036979
2.70138956495
2.77613706062
2.86317954393
2.95125739685
3.02019003279
3.04138201854
2.98170012525
2.81125262957
2.51356218513
2.09483471247
1.58797202742
1.04797674069
0.538656431046
0.114826249816
-0.192730980154
-0.382796606936
-0.477522858095
-0.508591492587
-0.503889815624
-0.481313281633
-0.44926632212
-0.40700732137
-0.342556728681
-0.243856903902
-0.143115578629
0.623754088937
13.3725065398
0.416459351981
5.7672550873
2.0587823432
3.51730356966
2.74076840087
3.0367641823
2.93376085388
2.97893908519
2.96528364622
2.9590305931
2.94113541227
2.91920517882
2.89367900859
2.86667051778
2.83946918744
2.81306196654
2.78830183449
2.76456703134
2.74369993376
2.72346560569
2.70419367121
2.68911710608
2.67476735552
2.65744219554
2.64171964628
2.63310852064
2.63302833152
2.638402598
2.64477674886
2.65030408838
2.65565499384
2.66288448511
2.6688185356
2.66964835355
2.66770896179
2.66469829582
2.66143229902
2.65794081055
2.65409342685
2.65003029108
2.64570501046
2.64120466775
2.63678688406
2.63291506884
2.63038730657
2.63017169539
2.63336795886
2.64114287059
2.65475769049
2.67592806494
2.70683005326
2.75015197647
2.80828992579
2.88190644102
2.96767227331
3.05571771806
3.12775028034
3.15697689298
3.11134013779
2.96040350599
2.68497229481
2.28643332181
1.7917728247
1.25080812571
0.72495189459
0.270802714139
-0.0750624744806
-0.303618925949
-0.430313506499
-0.483813044301
-0.49295606313
-0.478333566501
-0.451071483497
-0.415814724195
-0.371464644835
-0.308014277295
-0.214406173189
-0.119227020008
0.795338056576
13.3715862348
0.527767760058
5.82574810678
2.09074355464
3.59697625643
2.78556607755
3.10663342803
2.99045977132
3.03988015619
3.020629405
3.01145384576
2.98863718663
2.96180053223
2.93097904234
2.89865281296
2.86619416953
2.83475516722
2.80508346241
2.77680720833
2.75200116219
2.72677626529
2.70421808898
2.68745393626
2.66762722966
2.64347500455
2.62823292561
2.62671151487
2.63203917641
2.63892023036
2.64534251566
2.65072621486
2.65561285675
2.6626577343
2.67387644519
2.68123773268
2.68412089153
2.6860311082
2.68792260747
2.68998960406
2.69202092392
2.69401066454
2.69585762281
2.69767723311
2.69978791632
2.70281595146
2.70768988636
2.71551265583
2.7274876341
2.74491684282
2.76930321498
2.80260174626
2.84709587178
2.90498839578
2.97709422064
3.06087017855
3.14796648247
3.22216401206
3.25891807412
3.22770943913
3.09803201186
2.84821265469
2.47470368813
1.99803289128
1.46193740473
0.924392316228
0.442841627127
0.0590817713826
-0.210038133479
-0.37248935258
-0.452536621399
-0.478766010133
-0.474459595585
-0.453733612017
-0.423164747399
-0.385388570598
-0.339472463727
-0.276812296941
-0.186675276249
-0.0948366284782
0.955315344592
13.3407628841
0.652657625422
5.85637317454
2.13251086817
3.6595818548
2.82854671644
3.16671413825
3.04049792556
3.09311512456
3.06882872492
3.05701425157
3.02968961479
2.99842858307
2.96281373898
2.92570143324
2.88853009559
2.8525741093
2.81850500777
2.78635533268
2.75779297931
2.72787405135
2.70374599485
2.68473119429
2.65675106108
2.63028140505
2.62198693288
2.62603342497
2.63237321982
2.63915282176
2.64565777612
2.65118221463
2.65647579345
2.66455318451
2.68021638743
2.69305057351
2.70014292025
2.70741139418
2.71496861044
2.72286646831
2.73088587982
2.73896251707
2.74698526294
2.75516039513
2.76392571689
2.77407820307
2.78667999459
2.80295948288
2.82422817917
2.85192967604
2.88773550395
2.93361689735
2.9914470948
3.06209171056
3.14364947683
3.22922409034
3.30478798714
3.34827729124
3.33117954745
3.2234223017
3.0013358349
2.65664766637
2.20323124036
1.67806345969
1.13461465972
0.629982063547
0.210230555235
-0.100315585962
-0.301698571453
-0.412592184063
-0.459830224799
-0.468412275723
-0.455764794119
-0.431056033998
-0.397986022795
-0.358127650884
-0.310834548755
-0.248470848405
-0.160278920097
-0.0699344535013
1.10066889236
13.2827076917
0.789701322721
5.86205010347
2.18439361172
3.7052382837
2.87034014771
3.21659842911
3.08413695364
3.13841782045
3.10989690761
3.09562116433
3.0642606629
3.02906048093
2.98918295886
2.94784274433
2.90652601563
2.86659668026
2.8287320892
2.79330985761
2.76108574005
2.72747341425
2.7031956614
2.6796347874
2.64337490523
2.62111444437
2.62072455878
2.62601515882
2.632083084
2.63885792079
2.64550346658
2.65104695531
2.65688776242
2.66789068287
2.68811541447
2.70473701501
2.71612571053
2.72910262711
2.74239805249
2.75619402639
2.7701982959
2.78432566646
2.79852566525
2.81312433903
2.8287139397
2.84626288853
2.86696355819
2.89215375312
2.92323325224
2.9617204122
3.00925415134
3.06741047543
3.1369494511
3.21645595932
3.30031626479
3.37663573942
3.42597789872
3.42216830455
3.3361348717
3.14281028602
2.82969015048
2.4040987043
1.89582500397
1.35285210274
0.830613464701
0.378200742831
0.026710104947
-0.215832195173
-0.361559330746
-0.434153276492
-0.459026199391
-0.456336524366
-0.438452436127
-0.411045402106
-0.376036521241
-0.334397371576
-0.285704268596
-0.222931699009
-0.135067792526
-0.0443601054008
1.22514507386
13.2000593961
0.940322988863
5.84685409766
2.24674620277
3.73427397421
2.91108314902
3.25599558008
3.12153001789
3.17561693444
3.14387205058
3.12722393305
3.09236081375
3.05370527737
3.0101229827
2.96513331653
2.920261549
2.87694853154
2.83593880296
2.79772540492
2.76211666604
2.72625782182
2.70176800175
2.67135653022
2.63200535949
2.61701300777
2.62001219812
2.62525066284
2.63120528209
2.63797778342
2.64461993517
2.65000510281
2.65677573118
2.67291946458
2.69674646451
2.71595309638
2.73246971748
2.75119282138
2.77008030905
2.78968934883
2.80957221938
2.82967512442
2.85005172919
2.87117005327
2.89379464328
2.91905362289
2.94825010831
2.98279007859
3.02408667473
3.07356268964
3.13248192006
3.20146230485
3.27937057217
3.36166135607
3.43838935351
3.49273534325
3.50111480344
3.43595626047
3.27150455606
2.99168862172
2.59767514266
2.11189661661
1.57603780074
1.04254632639
0.562107803542
0.17156406953
-0.113198024222
-0.297081383795
-0.399347248562
-0.444496887323
-0.454495014879
-0.444711442059
-0.423559906962
-0.394340766085
-0.357865713256
-0.314700004462
-0.264478995234
-0.200421212301
-0.111033486762
-0.0178300220625
1.31977111643
13.1033530449
1.10652128303
5.81216416143
2.31857977541
3.74669288589
2.9503242815
3.28470812568
3.15270764065
3.20461927498
3.17080585327
3.15181667527
3.1140350361
3.07240230847
3.02569160971
2.97763915671
2.9298206205
2.88375380404
2.84024694461
2.79968399914
2.76133528406
2.72445521095
2.69807915183
2.66022784842
2.62298492746
2.61488550007
2.61891013971
2.62388273209
2.62971376537
2.63640231881
2.6428471533
2.64854459549
2.65777456398
2.67918164305
2.70549135214
2.72749769451
2.74954422574
2.77361302427
2.797900808
2.82314096492
2.84872351258
2.87470509951
2.90126422779
2.92902789075
2.95893150721
2.99223183514
3.03029500886
3.07450931697
3.12614789981
3.18625618078
3.25526484249
3.33220326855
3.41332831146
3.49039125536
3.54904418214
3.56840683249
3.52284746349
3.38662690716
3.14092216017
2.78134407504
2.32307947317
1.80092143272
1.26310777589
0.76039587888
0.334085985617
0.00736236875448
-0.217077903209
-0.35297349837
-0.422588378163
-0.448651418514
-0.449021737619
-0.434938158772
-0.411893389564
-0.381601932358
-0.344157884653
-0.299786366793
-0.247932619171
-0.181551461993
-0.0883207624235
0.0101267437036
1.38075683485
13.0191572682
1.27706791692
5.75289724953
2.39745947382
3.74255434427
2.98742860672
3.30273457429
3.17761608688
3.22542373487
3.19074871189
3.1694251704
3.12933472013
3.08519070565
3.03592864796
2.98538916337
2.93522802145
2.88703679055
2.84164994937
2.79926452998
2.75911809884
2.72179844394
2.69175669064
2.6492077458
2.61658456118
2.61271647491
2.61692171059
2.62182800508
2.62751645578
2.63392797788
2.63998735154
2.64713235054
2.66173532555
2.68721210082
2.71467576876
2.74025975326
2.76748627664
2.79634283993
2.82578575186
2.8563705957
2.88743808071
2.91920075585
2.95196793557
2.98653088839
3.02396948534
3.06561230441
3.11280060361
3.16675888691
3.22838183776
3.29796538157
3.37459617023
3.45512490266
3.53268360258
3.59515678841
3.62433997124
3.59686134863
3.4876673712
3.27604913893
2.95285291385
2.52637276022
2.02418321546
1.48925417492
0.970902804246
0.513415754645
0.146385225696
-0.119878451347
-0.29273506501
-0.390928115573
-0.436783751717
-0.449965328813
-0.444371381662
-0.427949478025
-0.404104405285
-0.373471383177
-0.335657497202
-0.290607991557
-0.23728393649
-0.167506892904
-0.0673436948114
0.0402642504822
1.41566202415
12.9645695671
1.42726304741
5.67347505076
2.47968470539
3.72350008086
3.02172445844
3.31046461042
3.19608587619
3.23812588607
3.20370788779
3.18007165979
3.13826568715
3.09205784559
3.04080071265
2.98832307731
2.93639342545
2.8866671587
2.8399935304
2.79644945336
2.7555014704
2.71790947786
2.68407460935
2.64079467027
2.6121587593
2.61023828276
2.61434953162
2.6191488353
2.62462725773
2.6306469343
2.63694537676
2.64711865242
2.66769104009
2.69612648791
2.72507014025
2.75454732921
2.78618010101
2.81934876099
2.85361598191
2.88919602115
2.92553930509
2.96300535999
3.00203450578
3.04356596691
3.08876844288
3.13895235603
3.19529660983
3.25865189369
3.32922705945
3.40615513557
3.4866965405
3.56507879909
3.63109728217
3.66907777154
3.65808276568
3.57431930623
3.39606483277
3.1103059879
2.71903056865
2.24253138811
1.71768572145
1.19094553037
0.708013796893
0.303723405482
-0.00434809466209
-0.216631702316
-0.347199668074
-0.416732215319
-0.445811459498
-0.450641179196
-0.441695045594
-0.424445537913
-0.400845029228
-0.37075265447
-0.333410653599
-0.288645580601
-0.234746401275
-0.160863473276
-0.0493748137923
0.0737293254824
1.44700392213
12.9085854811
1.55169320404
5.59456976484
2.55341072818
3.69579976255
3.05057849386
3.30943827453
3.20752328382
3.24305658264
3.20958653006
3.18379505632
3.14078108464
3.09295483275
3.04022559288
2.98634105106
2.93321544205
2.88254511609
2.83517654083
2.79120190677
2.75030430558
2.71272919225
2.67688206524
2.63598679836
2.60947300444
2.60736459364
2.61126739866
2.61586239303
2.62103079673
2.62674044404
2.63469452529
2.65059666627
2.67611804229
2.70578003501
2.73693747602
2.76999855679
2.80532792073
2.84244420418
2.88115222234
2.92140147175
2.96285547212
3.00598494788
3.0513566939
3.10001225121
3.1531221207
3.21184938863
3.27702278331
3.348858224
3.42654066206
3.50764899024
3.58724373509
3.65670734045
3.70264023993
3.70657494038
3.64641568093
3.50024279498
3.25215267493
2.89859497659
2.45278928267
1.94495512606
1.41742057318
0.915714322712
0.478532596641
0.130032880493
-0.123077922341
-0.289260030089
-0.38631035915
-0.434678401689
-0.452298633868
-0.452060689245
-0.44167635206
-0.424851624619
-0.402576963205
-0.374101366444
-0.33828553452
-0.295156594644
-0.242788525339
-0.165637807726
-0.0370757222125
0.112616709258
1.48023126845
12.8359018211
1.66541163695
5.51092435274
2.61819194808
3.66256453511
3.07097579102
3.30143212591
3.2112321855
3.24059587902
3.20825055815
3.1806457048
3.13683107468
3.08784301116
3.03413692444
2.97936066979
2.92555746003
2.87446296883
2.82695761705
2.78323669061
2.74310587989
2.70630406719
2.67101574265
2.6343089678
2.60866536462
2.60451551297
2.60783936581
2.61210851724
2.61704100647
2.62345506155
2.6355170444
2.65725799617
2.68559109153
2.71634898031
2.74991581576
2.78594555944
2.82448911232
2.86524497904
2.90804086196
2.95272531849
2.9991933618
3.04799290508
3.09979717401
3.1556724762
3.21667207977
3.28364361416
3.3568390274
3.43555747275
3.51764100675
3.59880726935
3.67170928872
3.72492365913
3.74234830659
3.70387163187
3.58808213064
3.3771592808
3.06291979709
2.6519627173
2.16757105161
1.64690634779
1.13379646862
0.669282920769
0.283115919276
-0.0110067819078
-0.215266382209
-0.343432188463
-0.414665102752
-0.447842465253
-0.457979809471
-0.45507396259
-0.444722678313
-0.429452510045
-0.409727480502
-0.384357366281
-0.351654254138
-0.312154195596
-0.265553741745
-0.190626790689
-0.0396491978426
0.158635866364
1.51535458065
12.7433166555
1.77372978414
5.42143420522
2.67385340787
3.62452183415
3.08250911445
3.28684524069
3.20713251728
3.23099881183
3.19977856307
3.17077633818
3.12652120185
3.07682140006
3.02259515068
2.96738866577
2.91334271231
2.86223483253
2.81503175027
2.77207011443
2.7332613331
2.6981735348
2.6655434338
2.63427014954
2.61018249475
2.60229411033
2.60427121479
2.60811598667
2.61339175848
2.62260208103
2.64122122107
2.66680758193
2.69530432305
2.72749099221
2.76311529625
2.80162677742
2.84308476365
2.88722536219
2.93386169421
2.9828638351
3.03432304169
3.08883644543
3.14713569743
3.21020417336
3.27882926321
3.35334528844
3.43318633631
3.51647096832
3.59944764958
3.67579358499
3.73574017115
3.76535795204
3.74664294755
3.65925746226
3.48437880231
3.21017797435
2.83729774352
2.38209008373
1.87577004449
1.35906949519
0.873798471735
0.454064635012
0.120063714323
-0.123758001364
-0.28617290639
-0.383879201528
-0.435724945867
-0.458326766044
-0.463900087589
-0.460070662838
-0.450883181185
-0.43813451886
-0.422169308838
-0.401678536856
-0.374154895537
-0.340183981534
-0.304071057179
-0.24392666312
-0.0742860177456
0.210715161174
1.55172663251
12.6309471187
1.87798625328
5.32605478851
2.72073255651
3.58161854446
3.08547656173
3.26575343277
3.19539465519
3.21443454681
3.18433800717
3.15434175347
3.10998179652
3.05998530092
3.00564888381
2.95041411948
2.89649220377
2.84569921995
2.79910024267
2.75718131123
2.71999205507
2.68721922194
2.65829302472
2.63303969202
2.61283613371
2.60150853571
2.60114841941
2.60483475896
2.61215105491
2.62696329966
2.64938916869
2.6754160384
2.70442328935
2.73810093671
2.77542483232
2.81621017784
2.86042432823
2.90780123859
2.95817099649
3.01148172283
3.06796870075
3.12824468205
3.19301919017
3.26305997376
3.33871747726
3.41960412502
3.50411216785
3.5889735933
3.66869563935
3.73488285995
3.77552105441
3.7747078742
3.71357722721
3.57311790455
3.33886056412
3.00632302532
2.58520154591
2.10027120518
1.58796866502
1.08931306877
0.641355305846
0.269975466861
-0.0137452093796
-0.212854341383
-0.34048307285
-0.414379428523
-0.452018461177
-0.467530823448
-0.470657477497
-0.46717712293
-0.460041978107
-0.450631830218
-0.43951395478
-0.425881031865
-0.406662012113
-0.381114916597
-0.359923969868
-0.33727101841
-0.190940803016
0.212207785029
1.58898991368
12.4991371707
1.97844992037
5.22516806373
2.75906420652
3.53390158476
3.08017333602
3.23825426844
3.17623695604
3.19107308541
3.16212596075
3.13151865342
3.08737655682
3.03747080562
2.98339919787
2.928492724
2.8750061879
2.82478212198
2.77897196576
2.73818548302
2.70260818897
2.67212583677
2.64665441633
2.62658156525
2.61182202436
2.60141168571
2.59938744137
2.60414643918
2.61554569282
2.63413034612
2.6562710755
2.6815030363
2.7116312901
2.74667493035
2.78572678645
2.82882543743
2.87579235433
2.9264019084
2.98053089074
3.03822134765
3.09979785824
3.16583801828
3.23692023315
3.3134468195
3.39515169761
3.48073121295
3.56736155163
3.65026873668
3.72218826944
3.77275968862
3.78806677437
3.75095837337
3.6429047716
3.44776799369
3.15688072927
2.7738005231
2.31666392709
1.81665735049
1.31254385571
0.842798218905
0.437897600152
0.115219216702
-0.122122840008
-0.282731090104
-0.382156571398
-0.437844825071
-0.465328151607
-0.476315145854
-0.478467822416
-0.476175167933
-0.471649421746
-0.466020936678
-0.460191807186
-0.45449699921
-0.446654659046
-0.43365218537
-0.426977835708
-0.450116991238
-0.411807304116
-0.0147727384228
1.62695920855
12.3481460285
2.07518296447
5.11906943482
2.78911534858
3.48144555159
3.06689307274
3.20447710723
3.14989558732
3.16110208771
3.13335549603
3.10250253721
3.05889105671
3.00944200308
2.95598558336
2.90173549658
2.84896547232
2.79952871899
2.75463938709
2.71499661265
2.68088430466
2.65230170549
2.62926923156
2.61225464204
2.60156030387
2.59605238397
2.59681945338
2.60462486109
2.61809956028
2.63584490885
2.65732543088
2.68356563965
2.71530258107
2.75195696045
2.79308537575
2.83869993238
2.88856258093
2.94252534362
3.0005300596
3.06270560154
3.12940609311
3.20110126661
3.27810969291
3.36031262943
3.44665842409
3.5347746424
3.62052173334
3.69759893271
3.75704731223
3.78676533875
3.77141479937
3.69346571955
3.53599562212
3.28714628042
2.9450493518
2.52129273024
2.04113462163
1.53977850992
1.05557858705
0.622308190392
0.262973575237
-0.01303842834
-0.209051892526
-0.33736850279
-0.41441850124
-0.456466690385
-0.476887882918
-0.485191063621
-0.487344097624
-0.486705507481
-0.484996451001
-0.483151692331
-0.482178213735
-0.483503584249
-0.487204573186
-0.489605045969
-0.491015665854
-0.520264409016
-0.647366439883
-0.931770889661
1.66552466544
12.1781214972
2.16816386019
5.00805475961
2.81110310949
3.42437408019
3.04591526512
3.16457834454
3.1166172506
3.12472902346
3.09825696764
3.06751181704
3.02473878614
2.97609939673
2.92359540018
2.87031697439
2.81853484626
2.77009663778
2.72625654371
2.68777969359
2.65503838165
2.62812763247
2.60703637834
2.59192391002
2.58326977048
2.58126692322
2.58559295151
2.59559888316
2.61011633094
2.62881021924
2.65206957836
2.68058902582
2.71445222544
2.75327342245
2.7969055392
2.84530336115
2.89827829844
2.95576992873
3.01779207403
3.08453097482
3.15629897606
3.23336461392
3.31564906526
3.40236515099
3.49153881257
3.57963969642
3.66119929724
3.72845907116
3.77092537391
3.77506604582
3.72471055154
3.60292115267
3.39563793341
3.09642715587
2.71067994386
2.25734355264
1.76697512561
1.27631675093
0.820995728025
0.428689732205
0.114832262318
-0.118141067554
-0.278350501048
-0.380185250948
-0.43982759929
-0.471864834695
-0.487528146397
-0.494404306713
-0.497074113134
-0.498062857657
-0.498641739087
-0.499359257609
-0.500634795507
-0.503608058373
-0.509643031844
-0.515442012592
-0.508636456524
-0.49247319276
-0.56734527715
-0.90348239891
1.70460053688
11.9891378438
2.25731509118
4.8924121284
2.82521764109
3.36282741811
3.01751792608
3.11873129071
3.07665842254
3.08217847431
3.05707717517
3.02678566921
2.98515786864
2.93767432537
2.88645505833
2.83446199039
2.78394454342
2.73673081225
2.69409334562
2.6568358878
2.62539049117
2.5999390912
2.5805300181
2.56717371405
2.56003415185
2.55955421693
2.56586529507
2.57775258701
2.59435380938
2.61545020503
2.64144453427
2.6726578129
2.70906452368
2.75050631445
2.79695542191
2.84836852386
2.90465314708
2.96582656487
3.03196207194
3.1032497257
3.17987484327
3.26179709657
3.34840620966
3.43812374701
3.52796793499
3.61323779833
3.68720348188
3.74078241857
3.76215538638
3.73673399484
3.64819569596
3.48122261354
3.22576697133
2.88160286558
2.46127661006
1.98987096709
1.50114807656
1.0310837364
0.610833478794
0.261323953934
-0.00907412668651
-0.203556401864
-0.333477289009
-0.414020358765
-0.460365094538
-0.485203610686
-0.49776228362
-0.503971715224
-0.507235316205
-0.509302727852
-0.510895732596
-0.511947502337
-0.511815285005
-0.510327613504
-0.508938454593
-0.506106377859
-0.483501362033
-0.418263475764
-0.39762262007
-0.669949721377
1.74410296732
11.7811973681
2.34249885255
4.77244207009
2.83162050678
3.29695980524
2.98197651107
3.06712273033
3.03028348727
3.03368967054
3.01007771683
2.98058175239
2.94040797771
2.89442383994
2.84482133578
2.79443067266
2.74546576477
2.69972680271
2.65849522847
2.62260504446
2.59253328775
2.56850936654
2.55063264057
2.53897194066
2.53364410257
2.5348669344
2.5426510807
2.55593153132
2.57445525376
2.59796925699
2.62662935872
2.66051771979
2.69960543867
2.74384272474
2.79324504273
2.84780310582
2.90751014482
2.97243538301
3.04267375004
3.11834552029
3.19941322826
3.28541596454
3.37509543109
3.46599944175
3.55411842114
3.6336435481
3.69671068424
3.73307621224
3.72982675651
3.67174675939
3.54312127034
3.33128574536
3.03115899194
2.64907506184
2.20409550938
1.72581952499
1.2490797876
0.80714766879
0.425592326524
0.118570928835
-0.111689809123
-0.272617979981
-0.377439846266
-0.441169473607
-0.477533933923
-0.497300202582
-0.507885063374
-0.513795588125
-0.517406394027
-0.519715093261
-0.520841172661
-0.520109402664
-0.516003597772
-0.507300633315
-0.495727805055
-0.482987316083
-0.452268602636
-0.370384664428
-0.313505326031
-0.546062481591
1.78394715675
11.554243905
2.42351339721
4.64845651026
2.83045377831
3.22693288773
2.93956579512
3.00994963416
2.97776323805
2.97951367878
2.95753210863
2.92917225613
2.89076484887
2.84662294547
2.79897016808
2.75050215053
2.703384787
2.65938261779
2.61977671401
2.58542439741
2.55684632024
2.53431405217
2.51793505753
2.50778221054
2.50404178182
2.50697112162
2.51643355807
2.53131483309
2.55165892011
2.57735749868
2.60840491957
2.64479554028
2.68649828567
2.73350744726
2.7858571966
2.84357367244
2.90670349234
2.97532982385
3.04951083322
3.12921203908
3.21407466338
3.30311434432
3.3943395337
3.48439521824
3.56829305315
3.63923988765
3.68838959675
3.70449536238
3.67379047892
3.58092264021
3.41161094016
3.15682283418
2.8171192835
2.4052837672
1.94579885662
1.47094888993
1.01466393223
0.606056461109
0.264600794389
-0.00184343629049
-0.196055356776
-0.328365487471
-0.412765696111
-0.463437000515
-0.492434929512
-0.508685981619
-0.518007011892
-0.523680279557
-0.527177031301
-0.52880344324
-0.528148931465
-0.524170037951
-0.515062501524
-0.49943111368
-0.479954492606
-0.461990723887
-0.433381265918
-0.360526461235
-0.306962660344
-0.492387715528
1.82402736876
11.3081629215
2.50008429782
4.52077876576
2.8218452675
3.15291389588
2.89056112809
2.94741755966
2.91937368731
2.91991101439
2.89972296577
2.87284001182
2.83651516849
2.79455767477
2.74918770915
2.7029640073
2.65799427796
2.61600243269
2.57826355152
2.54565059661
2.51871836194
2.49778349346
2.4829849418
2.47439151848
2.47218332305
2.47663094154
2.487532325
2.50406432707
2.52621974779
2.55392116926
2.58713176383
2.6258292435
2.66999553312
2.71965097957
2.77484339068
2.83562375548
2.90205548208
2.97418927632
3.05197718481
3.13514328489
3.22291608611
3.31370673121
3.40474866453
3.49181527456
3.56905072215
3.62883355994
3.66147465282
3.6548527622
3.59460621196
3.46581332659
3.25649819261
2.96211171572
2.58918547521
2.1563915579
1.69220734601
1.2297439335
0.800369901016
0.428111447901
0.126362266092
-0.10251272778
-0.26509879596
-0.373460245022
-0.441514752351
-0.482196935751
-0.505833329703
-0.519655517504
-0.528082690414
-0.533344366365
-0.536134267531
-0.536182959454
-0.532727894594
-0.524708159234
-0.510658393448
-0.489760194925
-0.465792264787
-0.446751394653
-0.425002671935
-0.370107308646
-0.327365827981
-0.44158426833
1.86422365637
11.0427981627
2.57185811767
4.38974131882
2.80591447709
3.07507382033
2.83524035668
2.87973972847
2.85539532964
2.85514970404
2.83693945245
2.81187494494
2.77795189997
2.73851902646
2.69576234475
2.65210117339
2.6095753402
2.56986320724
2.53423004025
2.50356021974
2.47843111087
2.4591873961
2.4460040065
2.4389897378
2.4383404165
2.44428053805
2.456503614
2.47455451712
2.49835406492
2.52785416358
2.56300615482
2.60379503226
2.65022424023
2.70233451381
2.76018408446
2.82383113362
2.89331755338
2.968610093
3.04948342774
3.13534055826
3.22492300739
3.31598958227
3.40500824944
3.48697178249
3.55531140857
3.60172929957
3.61578382653
3.58457533068
3.49344992818
3.32857561828
3.08115558084
2.75176982218
2.3528600381
1.90803231658
1.44814831313
1.00542518438
0.607421151179
0.272655471222
0.00886140583845
-0.186107934852
-0.321498826741
-0.410148185913
-0.465304896478
-0.498437075991
-0.518187783912
-0.53026311443
-0.537868926426
-0.542336193408
-0.543718112352
-0.54133009911
-0.53427756217
-0.521792440112
-0.50314375331
-0.478231605911
-0.450777314083
-0.428721141968
-0.409473355844
-0.373895597361
-0.34557094465
-0.380703853294
1.90437321945
10.7579534829
2.6383923032
4.25568223394
2.78277879725
2.9935873628
2.77388654923
2.80713750134
2.78611328924
2.78550424268
2.76947555339
2.74657147039
2.71537096057
2.67879905481
2.63898088174
2.59819391122
2.5584010023
2.52122963872
2.48793162881
2.45940160161
2.43623621222
2.41879676562
2.40727912284
2.40183781481
2.40272120203
2.41012443865
2.4236116562
2.44301219231
2.46824671744
2.49930529092
2.53614823445
2.57877961219
2.62722424336
2.68153726196
2.74177875429
2.80799047229
2.88015287845
2.9580961104
3.04135161636
3.12893624424
3.21905623985
3.30881129757
3.39396746881
3.4688778152
3.52642976389
3.55775670486
3.55168531892
3.49462045808
3.37200230934
3.17183912756
2.88932779332
2.53054286895
2.11338072863
1.66512840195
1.217390471
0.800036393442
0.436011937153
0.138349113488
-0.0901820453032
-0.255203393869
-0.36760732293
-0.44025963154
-0.485354078189
-0.512811794575
-0.529697889694
-0.540365347441
-0.546971984829
-0.550088952349
-0.549256198126
-0.54349361115
-0.531833968146
-0.513706625996
-0.488770777933
-0.456732205009
-0.419091801347
-0.382029718073
-0.355095372777
-0.345142109211
-0.339196867802
-0.298689103191
1.94428237752
10.4534161761
2.69914959243
4.11894192986
2.75256020953
2.90863400457
2.70679132838
2.72984193418
2.71181833785
2.71125548396
2.69762926854
2.67722689492
2.6490689934
2.61568803925
2.57912509147
2.54151346849
2.50473033819
2.47034577327
2.43959272562
2.4133744882
2.39230871908
2.37677533219
2.36698749932
2.36313462554
2.3655104301
2.37429096231
2.3889213869
2.40950237662
2.43596573216
2.46833655476
2.50660257797
2.55079562243
2.60096067585
2.65716055546
2.71944372262
2.78780845962
2.86213418509
2.94206522187
3.02683541443
3.11503139047
3.2043082223
3.2911448777
3.3707193967
3.43691778052
3.48223083285
3.49725110045
3.47002397179
3.38637147642
3.23233536405
2.99858103964
2.68497442089
2.30311361482
1.87553439109
1.4317749679
1.00265266841
0.614585386225
0.285537356787
0.0234181004851
-0.173113498903
-0.312159019323
-0.40541078121
-0.465222696063
-0.502510038474
-0.525656800624
-0.54027683093
-0.549517397957
-0.554601460854
-0.555398270593
-0.550920497957
-0.539756534405
-0.520513330653
-0.492201841588
-0.454203143345
-0.405939274663
-0.3486297909
-0.29316483309
-0.268421839983
-0.29431766865
-0.311164572062
-0.220488855737
1.98368743443
10.128962543
2.75348826551
3.97985821161
2.71539318059
2.82040110662
2.63425962813
2.64809702188
2.6328092032
2.63269176219
2.62170292804
2.60414101672
2.57934251568
2.54947349376
2.51647109754
2.48232290088
2.44881278523
2.41744624551
2.38942924149
2.36566773003
2.34679873719
2.33322535384
2.32518724272
2.32291052855
2.32672195288
2.33676744192
2.35244498411
2.37401410133
2.40150244617
2.4349345771
2.47434289166
2.51978524547
2.57132623821
2.62902830422
2.69291254421
2.76290656437
2.838752591
2.91986818253
3.0051519792
3.09274217592
3.17976304002
3.26215591724
3.33466563544
3.39088910437
3.42300655237
3.42099445732
3.37202239235
3.26152950097
3.07680962764
2.81201260294
2.47212445692
2.07393465542
1.64351686998
1.21118738701
0.805671284682
0.449216725347
0.15481660429
-0.07413762904
-0.242196012173
-0.359048716073
-0.436520562641
-0.486085369368
-0.517272773731
-0.536984148208
-0.549492504646
-0.556826403563
-0.559291707015
-0.555979827716
-0.545196016308
-0.524836645253
-0.492877250693
-0.448150455558
-0.391267002388
-0.325502734579
-0.25953232252
-0.214543853037
-0.220728580894
-0.269312924412
-0.285832607918
-0.163949771996
2.02227011675
9.78439098274
2.80065943185
3.838762319
2.67143355989
2.72908896052
2.55661568621
2.56216445875
2.5493961619
2.5501111949
2.54200463572
2.52761678199
2.50648809432
2.48043994151
2.45128871178
2.42087559216
2.39088560336
2.36275379289
2.33765092084
2.31647737884
2.29988359156
2.28829536869
2.28198660175
2.2812270602
2.2863568884
2.29745419948
2.31410433393
2.33653170843
2.36482658884
2.39905557596
2.43929605835
2.48563313486
2.53814723551
2.59689099696
2.661841662
2.73283132944
2.80943550224
2.89081665182
2.97552137871
3.0612502503
3.14465396236
3.22125989349
3.2855598117
3.33101266574
3.34947572091
3.33012755243
3.25917322511
3.12201628192
2.90798796425
2.61547705822
2.2547429131
1.84708795799
1.42084014331
1.00570423329
0.627310742525
0.303397106117
0.042296495431
-0.156376044984
-0.299506379677
-0.397619424079
-0.462171332429
-0.503520593576
-0.529771868275
-0.546398604127
-0.55638924242
-0.560651966861
-0.558494686457
-0.548095541373
-0.526965201131
-0.492517167214
-0.443040435302
-0.379396115234
-0.307137963636
-0.237779750355
-0.188173933484
-0.176174595341
-0.20525326629
-0.247336351663
-0.255796718951
-0.117405501532
2.05960650346
9.41953506422
2.83980047325
3.6959736154
2.62086920343
2.63491874428
2.47421123016
2.47233056281
2.46190626582
2.46382538202
2.45885083699
2.44796202463
2.43080359961
2.40887006603
2.3838427005
2.35741648439
2.33117395232
2.30647566683
2.2844501787
2.26598421459
2.25173579122
2.24215339104
2.23755078053
2.23824580979
2.24458151542
2.25656315033
2.27400670314
2.29707797176
2.32591926558
2.36063820343
2.40135279018
2.44817354834
2.50118969721
2.56043339701
2.62582203899
2.69707197319
2.77357213392
2.85421764225
2.93720972473
3.01985190722
3.09841346816
3.16816397044
3.22352729247
3.2579122882
3.26271403519
3.22604622121
3.13313773611
2.96989695862
2.72856606486
2.4123562961
2.03660994345
1.62617434137
1.21028538254
0.816836978462
0.467701211814
0.176098619012
-0.0537734838156
-0.225285262844
-0.346867942709
-0.429272793278
-0.483226762427
-0.517828843978
-0.539746588066
-0.553052324169
-0.559450051843
-0.558684995388
-0.549032164866
-0.52786634126
-0.492406759555
-0.440815049186
-0.373879469413
-0.297261910426
-0.223181254481
-0.168758105589
-0.148372620475
-0.161835918619
-0.189818493436
-0.212351846876
-0.216434790309
-0.0751935484379
2.09518569831
9.03431206174
2.86993976337
3.55179674589
2.56393241635
2.5381434906
2.3874357945
2.37891522187
2.37069019142
2.37416435424
2.37256994301
2.36549200619
2.35259013246
2.33504634773
2.31439457963
2.29218432133
2.26989375799
2.24880702069
2.23000509676
2.21435274953
2.2025080041
2.19494077857
2.19200964939
2.19408176903
2.20150143472
2.21420897988
2.23221312783
2.25566137673
2.28473892555
2.31958870977
2.36036324334
2.40719289373
2.46016714908
2.51928709392
2.58439700776
2.65508450969
2.73054459576
2.80941146622
2.88957202296
2.96800196398
3.04071159187
3.10289067433
3.14906027483
3.17256681523
3.1640634505
3.11029608155
2.99566280411
2.80732582506
2.54131538211
2.20598266194
1.82121418115
1.41423489107
1.01389909395
0.645355318441
0.326389605916
0.0659682340075
-0.135197915878
-0.28269195804
-0.385810907575
-0.455060348547
-0.500185532675
-0.528935696384
-0.546529448305
-0.555636505584
-0.556666375616
-0.548237380341
-0.527811239957
-0.492568237151
-0.440631954929
-0.372690797396
-0.293847905901
-0.215005914705
-0.152042032753
-0.120104354839
-0.122554404207
-0.143524095715
-0.162595635125
-0.173353290439
-0.169362646008
-0.0353289974253
2.12834887109
8.62875142521
2.88999999431
3.40651899708
2.50091466567
2.43906292403
2.29673004513
2.28228349912
2.27613099472
2.28148295796
2.28350691797
2.28053271448
2.2721544403
2.25925306532
2.24320454077
2.22541362823
2.20725323491
2.18993105741
2.17447832977
2.16173201612
2.15234120469
2.14678904576
2.14547570881
2.14882142712
2.15717640873
2.17042684074
2.18873311684
2.21225463208
2.24121148241
2.27578019529
2.31614142626
2.36243891386
2.41475421216
2.47304869324
2.5370855925
2.60632054744
2.67976212962
2.75580991313
2.8320913012
2.90534869264
2.97148020636
3.02578248116
3.0629900891
3.0762401533
3.05503159493
2.9844782104
2.84852340943
2.63651253682
2.34903211044
1.99955436339
1.61166299593
1.21370618272
0.833026869099
0.491397243098
0.202491192863
-0.0285238483439
-0.203725106626
-0.330201498431
-0.417556314094
-0.475694337188
-0.513204866641
-0.536427450514
-0.549120654263
-0.552563971514
-0.545953977215
-0.527055986015
-0.493152383479
-0.442337728653
-0.37511034091
-0.295957892944
-0.214273041743
-0.143632294987
-0.0983283351442
-0.0863460779148
-0.10075292466
-0.119538955525
-0.125826702867
-0.127649960439
-0.114764616578
0.00313512224161
2.1583148826
8.20306773548
2.89881798832
3.26041174825
2.43218321771
2.33804195492
2.20260207162
2.18285983683
2.17865485694
2.18616853291
2.19202876814
2.19342464883
2.18981163241
2.18177841435
2.17053376236
2.15733801907
2.14345751206
2.1300234821
2.11801737521
2.10824775077
2.10135163215
2.09781727596
2.09807232905
2.10257512039
2.11168092845
2.12523695955
2.14354707061
2.1667987073
2.19523341377
2.22905819012
2.26847476977
2.31363435507
2.36460431099
2.42130194079
2.48340921258
2.55025849819
2.620695648
2.69293176519
2.7644108816
2.83175754797
2.89092188933
2.93748802151
2.9664396686
2.97039680849
2.93719271303
2.85017635061
2.69349246619
2.45970180813
2.15448613025
1.79605451796
1.41061340807
1.02640869208
0.668378103094
0.354592250008
0.0948322342893
-0.108961943421
-0.260968247047
-0.369166215309
-0.443020930287
-0.491576395347
-0.52214722129
-0.539626586477
-0.5463252026
-0.542222056462
-0.525568733293
-0.493860888848
-0.445175366886
-0.379744378799
-0.301405163867
-0.218283245312
-0.141964948915
-0.0849137455426
-0.056557837535
-0.0578071434951
-0.0754508590058
-0.0896602038704
-0.088813957332
-0.0800384478797
-0.0567624768111
0.040105475501
2.1841098674
7.75770980057
2.89516382385
3.11373277132
2.35819982331
2.23553398922
2.10564800789
2.08114597521
2.0787443615
2.08865020144
2.09853083601
2.10452700241
2.10588778648
2.10291603176
2.0966454291
2.0881919667
2.07871311426
2.06926129582
2.06076523752
2.05400309817
2.04959972268
2.0480476444
2.04979268906
2.05531399251
2.06496485491
2.07860554893
2.09660149227
2.11921290271
2.14668461315
2.17925529871
2.21714040343
2.26049543453
2.30937108166
2.36364269003
2.42292042279
2.48643525434
2.55291051064
2.6204331494
2.68635774538
2.74732220382
2.79950382803
2.83893201831
2.86076088184
2.85661082055
2.81210031762
2.70891177529
2.53233432624
2.27915800701
1.96036593349
1.59817710237
1.22022675992
0.853566716479
0.520113084068
0.2341878197
0.00207599056757
-0.17689024191
-0.308355785098
-0.400677736386
-0.4628416598
-0.502846466466
-0.526657707765
-0.537718616667
-0.536969881851
-0.523328461818
-0.494618641423
-0.448927045617
-0.386204214921
-0.309693147626
-0.226543816848
-0.146996890175
-0.0820512747714
-0.0405472076363
-0.0266345608838
-0.0362144992913
-0.0524032956172
-0.0557583798074
-0.0484452154008
-0.0308868268279
0.000695208098603
0.0747048814585
2.20459410419
7.29345882995
2.87778156512
2.96673653141
2.27954388865
2.13211077444
2.00657820229
1.97774313967
1.976954615
1.98940962479
2.00344384135
2.01422207277
2.02072259606
2.02296611108
2.02180451612
2.01820977076
2.01322848296
2.00783124115
2.0028889785
1.99914327097
1.99720202511
1.99756083061
2.00068005492
2.00704104751
2.01697519302
2.03047158954
2.04785522727
2.06942449978
2.09545507752
2.1262121327
2.16192478695
2.20275214343
2.24873125188
2.29970516942
2.35523209699
2.4144768168
2.47609561369
2.53813112484
2.5979556489
2.6523628336
2.69793776474
2.73127176592
2.74746204437
2.73647711723
2.68122059209
2.56212784184
2.36681413212
2.09714580222
1.76921887566
1.40826372486
1.04214954274
0.695855195515
0.38794395876
0.129169978615
-0.0771723515331
-0.233746073496
-0.347108009117
-0.425581398357
-0.477419781697
-0.509455170754
-0.526272847552
-0.529916024165
-0.520140540985
-0.495226057009
-0.453302180381
-0.393990333877
-0.31992187354
-0.237480119944
-0.156104995375
-0.0860204687532
-0.0353089142718
-0.00787961354235
-0.00285375449569
-0.0141671164497
-0.0268766738679
-0.024937383718
-0.00960284924816
0.0159725709528
0.0532302462949
0.10540974857
2.21838858953
6.81151371011
2.84544674328
2.81969924648
2.19694561512
2.02850194534
1.90625048599
1.87337929496
1.87393239682
1.88899334159
1.90724148223
1.92291991144
1.93467210338
1.94223666935
1.94627719003
1.94762166067
1.9472037818
1.94590936349
1.94454698002
1.94381582188
1.94430076859
1.94649467021
1.95086544831
1.95788539629
1.96786362693
1.98090498228
1.99730266241
2.01738484632
2.04145008805
2.06978612488
2.10263631827
2.14016598288
2.18240736323
2.22918866107
2.28004640675
2.33412676313
2.3900877688
2.44601932716
2.49942757919
2.54741220475
2.5871485095
2.61584394717
2.62813155254
2.61153284283
2.54589206695
2.41120129241
2.19871262672
1.91590125565
1.58338920395
1.22825655998
0.877520387308
0.553468010275
0.271240540125
0.038371508722
-0.144284389236
-0.280818720256
-0.378235712634
-0.444507293065
-0.486978238902
-0.511246001231
-0.52053195676
-0.515603323387
-0.495351172078
-0.458022412893
-0.402899362486
-0.331949285754
-0.250785469172
-0.168305538615
-0.0946306992935
-0.0377160961938
-0.000595411880998
0.0173960616038
0.0160244732033
0.000795571975404
-0.00019140905206
0.00674521275287
0.0278181257668
0.0577131971471
0.097297260299
0.130519445105
2.22397168283
6.31368672891
2.79709061822
2.67297453283
2.11133009927
1.92564129634
1.80570782821
1.76893986597
1.77043792238
1.78802645741
1.81044862565
1.83106304687
1.84811162965
1.8610456002
1.87033288159
1.87665659425
1.8808345542
1.88366355026
1.88588431332
1.88814785131
1.89100997128
1.89495247988
1.90043748536
1.90791855462
1.91768911561
1.92993382246
1.94493956607
1.96305274046
1.984590478
2.00986013149
2.03912105185
2.07255148799
2.11019354929
2.15188594511
2.19718346545
2.2452720255
2.29489049466
2.34427542665
2.39118788434
2.43319101288
2.46823313204
2.49410564227
2.50436429256
2.48319625174
2.40731463453
2.25747301699
2.02983583168
1.73759065794
1.4049590046
1.05967105342
0.727001696741
0.426200409453
0.16913361054
-0.0394370055462
-0.200550454011
-0.319230618206
-0.402556065389
-0.457913762586
-0.491627855538
-0.508043959202
-0.509090208202
-0.494474249112
-0.462686351734
-0.412672961611
-0.345670095665
-0.266425818843
-0.183129461381
-0.105798492947
-0.0432856520728
0.000379529385819
0.0269854723035
0.0366707064131
0.0240946400006
0.0190597407755
0.0248688412967
0.0350476570246
0.0599947637331
0.0913585729194
0.130667285601
0.148762775132
2.21975405301
5.80264007264
2.73197121549
2.52706204334
2.02385482003
1.82470845908
1.70621575974
1.66550168056
1.66737038731
1.68722903964
1.71365075856
1.73913164349
1.76143851732
1.77972199536
1.79424452968
1.80554182489
1.81431153946
1.82125546216
1.82703901658
1.83225720661
1.83742873626
1.84301420181
1.84945782414
1.85718514172
1.86648207118
1.8775805604
1.89076997037
1.90640860354
1.9248310337
1.9463637829
1.97128703964
1.9998031012
2.03198439681
2.06771257879
2.10660873899
2.14796500215
2.19068682483
2.2332602392
2.27382479665
2.31057434982
2.34241425042
2.36757391717
2.37769639157
2.35272744239
2.26656653735
2.10228801338
1.8620111248
1.56425947371
1.23569801064
0.90359124308
0.590831719115
0.313538605094
0.0806090919274
-0.105475271477
-0.247143244995
-0.349936277918
-0.420720337978
-0.466136264778
-0.491431879782
-0.49973002902
-0.49179251925
-0.466578726316
-0.422756069689
-0.360713092427
-0.284186288288
-0.200587770071
-0.119647256838
-0.050815159023
-0.000291612315983
0.0314044127881
0.0479538805827
0.0489582074068
0.0387263839386
0.0404750441174
0.0460464032699
0.059986017878
0.0859135489726
0.115863913193
0.152697811563
0.160412911438
2.20427973835
5.28213154514
2.64982953388
2.38264178621
1.93591492277
1.72715836645
1.60930131846
1.56437428881
1.56580111687
1.58743738235
1.61750599449
1.64764982197
1.67507592014
1.69860895949
1.71829117429
1.73450542912
1.74782319705
1.75884345159
1.76814685243
1.7762623796
1.78366126204
1.79077114539
1.79800429124
1.80575168061
1.81429717509
1.8238900512
1.83482688559
1.84747301571
1.86218016401
1.87929607988
1.89912984174
1.92192314885
1.94780410731
1.97673538682
2.00845801345
2.04244157839
2.07784620306
2.11350963413
2.14807502118
2.18055118618
2.21098965723
2.23776899744
2.24955492254
2.2212144649
2.1246450798
1.94703238441
1.69706534101
1.39777628142
1.07702845542
0.760687572009
0.468892173723
0.214749442971
0.00458930947812
-0.160900623504
-0.285099143505
-0.373733533644
-0.433246824036
-0.469434361461
-0.486459687258
-0.486292445867
-0.468707857747
-0.432317469331
-0.376615713468
-0.304084730916
-0.221164992892
-0.137363325664
-0.0627146788393
-0.00476353135263
0.0334620007746
0.0537332772465
0.0605954582347
0.0563072516359
0.0529807404734
0.054882768233
0.0635752527094
0.0795851508
0.104301639323
0.131395694929
0.164822336608
0.167662532385
2.17596506298
4.75690575556
2.55088960254
2.2405632716
1.84914733799
1.63476840284
1.51681137745
1.46715751725
1.46701840849
1.48963221094
1.52276049921
1.55719362107
1.5894774704
1.61806715647
1.64276106372
1.66377904381
1.68155795115
1.69658425665
1.70934240143
1.72028274638
1.72981563564
1.73832164363
1.74616947743
1.75370649891
1.76121652019
1.76894078884
1.7771869988
1.78632333924
1.79671936816
1.8087481148
1.8227583139
1.83904959251
1.85783465682
1.87919866263
1.90305890572
1.9291344701
1.95692578456
1.98571981242
2.01479153792
2.04417917832
2.07528149313
2.10616497918
2.12122525801
2.08958413684
1.98252250437
1.79315637689
1.53678495688
1.23977917776
0.930008768588
0.631255217505
0.360784510344
0.12896426099
-0.0600016977103
-0.206773142007
-0.315313773431
-0.391282402321
-0.440554722175
-0.468032613814
-0.476826759212
-0.467854829478
-0.440131775351
-0.392400632625
-0.32565419949
-0.244935407581
-0.159199369071
-0.0791067672052
-0.0137471764756
0.0321245932862
0.0588402773284
0.0705769585601
0.0709686717918
0.0620430327129
0.0620855027878
0.067711156156
0.0782493148258
0.0939736096989
0.116402493031
0.14007742273
0.169737541841
0.171684934576
2.13259827006
4.23244307735
2.43592475695
2.10199567447
1.76556300997
1.54975240229
1.43099551968
1.3758085156
1.37257982478
1.39497278798
1.43026831918
1.46840210678
1.50513495748
1.53848184711
1.56795909398
1.59360546679
1.61571104152
1.6346382863
1.65076304237
1.6644430921
1.67601162328
1.68578397215
1.69406927419
1.70116773888
1.70735566553
1.71285559247
1.71798629577
1.7231140421
1.72862740223
1.73493031978
1.74242370014
1.7514856397
1.76244405172
1.77554906302
1.7909499046
1.80868366153
1.82866879811
1.85072981261
1.87490797908
1.9025366099
1.9365884776
1.97415524693
1.99384071146
1.95863716238
1.84120722106
1.64217603752
1.38286434508
1.09163267926
0.795339423655
0.515269422141
0.265909735021
0.0552532649599
-0.114187853879
-0.244034694145
-0.338545712666
-0.403125476279
-0.442992704736
-0.462149691952
-0.462715448792
-0.444677365052
-0.40655534928
-0.34776997016
-0.271449393246
-0.185409866957
-0.100566392717
-0.0276131739491
0.0263118697762
0.0596614598089
0.0763555388143
0.0813759522312
0.0801998246257
0.0736311497873
0.0739299359922
0.0798124102376
0.0899577153216
0.10456351939
0.124151539343
0.144437862922
0.170355472598
0.172645123631
2.07185702849
3.71585926266
2.30717533553
1.96903160944
1.68783442401
1.47488076591
1.354550232
1.29268142594
1.28435959104
1.30483678272
1.3410186933
1.38199464562
1.42259082762
1.46027447531
1.49421942771
1.52425303409
1.5504999509
1.57318334249
1.59255618117
1.60886918129
1.62236200274
1.63326538234
1.64181352725
1.64825949914
1.65286411538
1.65581479373
1.65743966791
1.65809995089
1.65820576731
1.65819887059
1.65854597191
1.65972477838
1.66220881042
1.66645387377
1.67289274954
1.68194095157
1.69399851913
1.70950034501
1.72939914867
1.75667125092
1.79614166209
1.84303314521
1.86838983953
1.82910094665
1.70179546259
1.49564868195
1.23684770784
0.954399520759
0.673387826675
0.412450415051
0.183543311511
-0.00731439747749
-0.158907464384
-0.273500935828
-0.355427419776
-0.409709343104
-0.440863425493
-0.452018750566
-0.444383539651
-0.41714448273
-0.36862696223
-0.299535240098
-0.215690942812
-0.127622863298
-0.0473943738716
0.0153982578152
0.0564790761851
0.0781161639713
0.0861420917741
0.0881281975289
0.0876717338761
0.0851110140629
0.0849375591461
0.0898433930508
0.0992346320188
0.112299938831
0.128736568066
0.145996546259
0.168396586369
0.171772802385
1.99585740323
3.21987778339
2.17063932172
1.8453779631
1.61927707538
1.41334515103
1.29051430216
1.22050105625
1.20458617314
1.22087238996
1.25617895039
1.29880066865
1.34246000331
1.38392156612
1.42192455068
1.45603735127
1.48619201229
1.51245199368
1.53492969948
1.55375262715
1.56905139011
1.58095543196
1.58960596345
1.59520223823
1.5979948698
1.59812043126
1.59589623112
1.59168639752
1.58592386803
1.57909692074
1.57175120144
1.56448416409
1.55794248557
1.55282366602
1.54988835663
1.54997884119
1.55401919583
1.56310228477
1.57924855978
1.60755196378
1.65507429498
1.71400282791
1.74574705837
1.70170191632
1.56550869865
1.35513166664
1.10008086497
0.828837212373
0.564235613007
0.322337251743
0.112906514791
-0.0596202307066
-0.194987702527
-0.295856076058
-0.366472107034
-0.411396035552
-0.434432873052
-0.437888997702
-0.422152276035
-0.385735588377
-0.327110895855
-0.248934666151
-0.160159236011
-0.0736801539815
-0.00166737264542
0.0486489209774
0.0766780427075
0.0882448071976
0.0917131601076
0.0930870019404
0.0938016001907
0.0932117968524
0.0936231077757
0.0981310018051
0.106404244741
0.117531416148
0.131049183862
0.145947135749
0.16527746928
0.169962359573
1.91759345091
2.76666496822
2.03731370131
1.73569859416
1.56288150928
1.36821689107
1.24202037749
1.1622788696
1.13587526243
1.1450712362
1.1771623717
1.21981005649
1.26546704112
1.30998514512
1.35153187375
1.38934441208
1.42312399272
1.45274862564
1.47816883303
1.49936917619
1.516352699
1.52913151362
1.53774333704
1.54232854857
1.54311041282
1.54017626275
1.53382376439
1.52441664136
1.51241216318
1.49835200431
1.48287204866
1.46670600936
1.45069571896
1.43580898388
1.4231693578
1.41407989473
1.41000339874
1.41269758795
1.42541083311
1.45600746762
1.51438508637
1.58820388328
1.62670210239
1.57723059262
1.43368991105
1.22211521638
0.973664486981
0.715404820991
0.467727973268
0.244350135416
0.0532162719257
-0.102469517254
-0.223139624454
-0.311662771018
-0.372091217863
-0.408481966777
-0.423946488209
-0.420035760996
-0.396408712404
-0.351020351864
-0.28288375909
-0.197332445315
-0.106686219281
-0.0255193965881
0.0351406589061
0.0717188634261
0.0882413718609
0.0935898755797
0.0957273251924
0.0977979680153
0.0994592938611
0.100000860629
0.100992996742
0.104820055663
0.111631573584
0.120884970899
0.132024866194
0.145188204283
0.161888208686
0.16778200166
1.85544306301
2.3780706364
1.91820590393
1.64358681688
1.52010778298
1.34187319032
1.21203263408
1.12117376879
1.08123942324
1.07986035319
1.10573026454
1.14625476685
1.19250751083
1.23916356681
1.28362035743
1.32467456127
1.36174220534
1.39448455198
1.42266843259
1.44611726543
1.4646882688
1.47825558876
1.48673268983
1.49018927737
1.48880887832
1.48264048349
1.47195381817
1.45710935734
1.43858837829
1.41699017823
1.39304834812
1.3676434314
1.34182626898
1.31685437915
1.29424005548
1.2757680574
1.26342259995
1.25957046129
1.26882333464
1.30270235535
1.37494158618
1.46680477792
1.51203599337
1.45663929647
1.30780452579
1.09798660537
0.858458061383
0.614317976387
0.383556674761
0.177871620119
0.00374703577669
-0.136551645642
-0.24393458935
-0.321346267048
-0.372578739469
-0.401177080035
-0.409599535885
-0.398719742868
-0.367552349924
-0.313591312523
-0.236853396574
-0.146111126676
-0.0570015898014
0.0152768498326
0.062276024681
0.0856955085123
0.0938044454891
0.0969235398591
0.0993735137627
0.10267926501
0.105513296268
0.107220722428
0.107639162075
0.109984884663
0.115309116535
0.123015490854
0.132332777469
0.144207363412
0.158572232001
0.165604328927
1.80457512437
2.04533689913
1.81444237932
1.57222131302
1.49133820868
1.33559877464
1.20296129547
1.10020502888
1.04402930925
1.02821647043
1.04415191698
1.07974431159
1.12474693959
1.17236798742
1.21895848899
1.26270891969
1.30266809171
1.33823605842
1.36896479065
1.39448971302
1.41450041747
1.42872358555
1.43695723221
1.43921154462
1.43560790679
1.42613770421
1.41103140863
1.39064108434
1.3654692477
1.33617297651
1.30358529398
1.26873551291
1.23288628083
1.19759340456
1.16477705951
1.13671815916
1.11587403052
1.10507649447
1.11036260289
1.14805061574
1.23739235715
1.35103150586
1.40251185246
1.34102666604
1.18932475177
0.983917825274
0.75502759223
0.525545311616
0.311274945531
0.122252423248
-0.0361829505849
-0.162471988545
-0.25784752277
-0.325242455331
-0.36815934862
-0.389651491507
-0.391583029091
-0.374235629169
-0.336050936401
-0.274136024242
-0.190060868437
-0.0968026089295
-0.0128545059842
0.0475258408663
0.0801675241624
0.0926330658369
0.0966283602311
0.0992372238133
0.102491399072
0.1069548394
0.111602888919
0.117010697899
0.114932046624
0.114473055609
0.118088363267
0.124433684397
0.132320925221
0.143144620336
0.155343841159
0.163487840785
1.7289473318
1.73709239285
1.71768757638
1.52646974664
1.47642317229
1.34852837738
1.21587946738
1.10176409016
1.02777803534
0.993814418888
0.995468827564
1.02250753021
1.06379697135
1.11084757196
1.15860391622
1.20440043751
1.2467948654
1.28487357989
1.3179544161
1.3454760757
1.36694224988
1.3818881069
1.3899302749
1.39097916226
1.38511950299
1.3723183909
1.35276461084
1.32679302037
1.29491930156
1.25785239038
1.21651861281
1.17208700873
1.12602059609
1.08016992863
1.03688146457
0.998955782145
0.969256790431
0.950825374159
0.951032713997
0.992371868635
1.10228951781
1.24245151614
1.29912074338
1.23184343093
1.07983011786
0.880991852889
0.663812486194
0.448997205916
0.250474737015
0.0769634579915
-0.0670859150963
-0.18064195254
-0.265152004967
-0.323486496839
-0.3588624485
-0.373888285102
-0.369914893477
-0.346721545093
-0.302232623044
-0.233207731654
-0.143418579436
-0.0506848630519
0.0245966355836
0.0709840746135
0.090558060054
0.096077790707
0.0983847043938
0.10107581359
0.1047707671
0.109410071242
0.114688085785
0.12047417295
0.117970338792
0.116922328535
0.119726717061
0.125054926836
0.131876782057
0.141843423249
0.152097712604
0.161298095026
1.62105818247
1.55419743134
1.62052067471
1.50168013869
1.47212055312
1.3764699321
1.24968713177
1.12692016846
1.03574836127
0.981038522376
0.963806876042
0.977765221775
1.01202012741
1.05641206714
1.10407477693
1.15111587969
1.1953858844
1.23554036944
1.27058620292
1.29971130169
1.32222220363
1.33752607609
1.34519044299
1.34510058806
1.33720175289
1.32132438688
1.29758091875
1.26627365081
1.22791827588
1.18326287552
1.13331248686
1.07935377261
1.02301918792
0.966432282257
0.912387268192
0.864260388706
0.825265826167
0.798275596542
0.791674156224
0.835630727856
0.969660659389
1.14261795545
1.20268655736
1.13040103354
0.980510537135
0.789787989746
0.584805704725
0.384246805803
0.200526629281
0.0413311130137
-0.0895710165601
-0.191549138982
-0.266189184619
-0.316282845203
-0.344792334071
-0.353963396109
-0.344739096576
-0.316505196537
-0.266682955329
-0.191678143196
-0.0981875083124
-0.0093537082209
0.0542053636453
0.0862043590692
0.0956301124683
0.0980212460881
0.0996511196201
0.102383717067
0.105995994569
0.110181756506
0.114614033803
0.118336315556
0.118868434463
0.1187516338
0.120500247375
0.124748113855
0.13085349463
0.140170459737
0.148758075645
0.158930331858
1.55758302647
1.45846225918
1.52390479641
1.48329549987
1.47415884639
1.41307065664
1.30046103602
1.17414936275
1.06956879599
0.994227915335
0.954292105778
0.949994092548
0.972856419534
1.0117002727
1.05755921725
1.10484177621
1.15040046445
1.19237049502
1.22947222908
1.26067763875
1.28502824843
1.30155474894
1.30940542602
1.3082747699
1.2982264145
1.27918795693
1.25122066386
1.21456950301
1.16972146016
1.11743668441
1.05877107911
0.995090134003
0.928138513639
0.86026242222
0.794732298609
0.735632162482
0.68655225093
0.649720680812
0.63389307975
0.678391925754
0.839938191557
1.05434012042
1.11511021846
1.03903782381
0.893194588216
0.711426650906
0.518509475099
0.331423002107
0.161369252674
0.0152614066992
-0.103679482016
-0.19511394241
-0.260730275546
-0.303237585706
-0.325411889834
-0.329240798704
-0.315432409706
-0.283099640558
-0.229170985292
-0.149525194405
-0.0547411603194
0.0268593121559
0.0767308745296
0.0952691566577
0.0987159157609
0.0995695696085
0.100962365882
0.103280375857
0.106254744285
0.109813282036
0.11406509917
0.118532777884
0.123832126417
0.122193980129
0.121248517845
0.124073280206
0.129515703419
0.138103075279
0.145208337523
0.156207112036
1.53169800592
1.37959501799
1.40729571124
1.46311156824
1.48138499637
1.45143892308
1.36076401776
1.23776164215
1.12706274019
1.03589381839
0.972179371498
0.94473053056
0.950899187742
0.980293532985
1.02200261536
1.06815588014
1.11400391438
1.15671170867
1.19439261079
1.22566163756
1.24948319291
1.26513108225
1.27220703032
1.27052607467
1.25955381146
1.23867095353
1.20774014784
1.1669188132
1.11664046879
1.05765065885
0.991028801799
0.918177400702
0.840870460304
0.761572245934
0.684028981233
0.613256036724
0.553419902581
0.505617364258
0.477981998028
0.520115755396
0.711442172665
0.978533569382
1.03626047968
0.957840002623
0.817548739107
0.644967428753
0.463686085553
0.289102534786
0.131602170797
-0.00257398024491
-0.110585580711
-0.192348925978
-0.249595829747
-0.285000974675
-0.301209662872
-0.300143100777
-0.282473898133
-0.247364556738
-0.191107289179
-0.108702690042
-0.0150876353716
0.0556717851255
0.0908310601305
0.0997994687934
0.100915720297
0.10088334948
0.10163342214
0.102935737288
0.10491367222
0.107816900416
0.111751883251
0.116807891548
0.122689930657
0.122650121232
0.120920912735
0.122710806748
0.127364261093
0.135150079763
0.141104625703
0.152850139092
1.48056519105
1.33355515488
1.35908472101
1.42926716305
1.4875491938
1.48442405202
1.42088356383
1.30867156241
1.20214443038
1.10651605146
1.02341834497
0.969698211441
0.952946466082
0.967324456937
1.00143100401
1.04495612866
1.09111105682
1.13605754157
1.17757715804
1.21399550491
1.24348838173
1.26384008727
1.27295078543
1.2702169425
1.25636252385
1.23168809993
1.19609495179
1.14959295688
1.09248113168
1.02541224579
0.949417464736
0.865854593906
0.776382865483
0.683365151417
0.590921187471
0.505351410753
0.432062772744
0.370922762977
0.328148253978
0.364012420676
0.586646512723
0.922581645716
0.971795749336
0.892715183655
0.75805822695
0.594136558259
0.423176436441
0.25973676186
0.11329733339
-0.0102211413812
-0.108428129231
-0.181315722898
-0.230727841971
-0.259236664304
-0.26953840044
-0.263553100993
-0.242450561477
-0.205718492846
-0.149467393697
-0.0661510549614
0.0232590036256
0.0800164462839
0.0995602113272
0.103155522878
0.104904911688
0.105811981444
0.104919146702
0.103215887433
0.102687218758
0.103945103967
0.106802743489
0.111068271841
0.116189646373
0.121104139034
0.120665818269
0.120977566801
0.124090002081
0.13097548545
0.136140954665
0.148622117738
1.44541671914
1.34156279492
1.33129149671
1.37108295275
1.4773379841
1.50728811518
1.47247926386
1.37741507013
1.28712930426
1.2072466315
1.11961596856
1.04196632733
0.995709134794
0.985955176523
1.00498994198
1.04064729098
1.08232286272
1.12277300473
1.15769969443
1.18504411673
1.20446129658
1.216701944
1.22286086548
1.22264353516
1.21322824231
1.19217160552
1.15866866381
1.11254581399
1.05397082819
0.983496150261
0.902109077937
0.811146090465
0.712107066797
0.607005388284
0.500023527016
0.399010248519
0.31176033297
0.237644948588
0.179668643132
0.20687682282
0.456174124401
0.877796106712
0.912719388148
0.83423290072
0.706436806157
0.550315672317
0.389327123955
0.235921967306
0.0998491462993
-0.0139203602386
-0.102874441275
-0.167392402995
-0.209089307405
-0.230720266251
-0.234798764999
-0.223835808309
-0.199440512726
-0.163284271837
-0.110937960881
-0.0322109079589
0.0532070182513
0.0968468879174
0.0998114899395
0.0979942985306
0.0979768307747
0.102364072793
0.103336848658
0.101173841584
0.0995238115596
0.098856142946
0.100023535389
0.103672108145
0.1097795509
0.116615342864
0.119823495308
0.1187882991
0.119806649808
0.125584932256
0.130037765319
0.14335188155
1.42557443475
1.35972149418
1.32909525416
1.34082954625
1.43352663581
1.5085932711
1.5065510801
1.4289107505
1.36085123451
1.32409873508
1.26597295147
1.18505651673
1.11205407054
1.06927523239
1.06215297741
1.08404903241
1.12480106701
1.17606079861
1.23204562209
1.28772407413
1.33696838387
1.37209508876
1.38611653344
1.37900063276
1.35672676702
1.32219008767
1.27530381861
1.21553974627
1.14273880942
1.0571595679
0.959552104431
0.851039944709
0.732653549806
0.605293131978
0.471943208336
0.341425945041
0.225948350497
0.128351039094
0.0500801840018
0.0653469368024
0.340990366302
0.877377133772
0.886783895546
0.811656674986
0.686271257876
0.535808633596
0.380850857232
0.235144967675
0.106574151466
0.000756746230227
-0.0807166076772
-0.137703719176
-0.172208925842
-0.186419207076
-0.183405509607
-0.165318025901
-0.136118569978
-0.099290337616
-0.0558969077785
0.0155059509999
0.0946424697342
0.127043499278
0.115041695054
0.103268819932
0.0935854794757
0.0853471545011
0.0792606791574
0.0762678056269
0.0791237969461
0.0810918341536
0.0830864455106
0.0876923996008
0.095425984207
0.103659458747
0.110593575579
0.113585999258
0.114500879957
0.119090012885
0.122710752079
0.13698297681
1.4159742266
1.37717347597
1.36656470173
1.32374940317
1.35048986974
1.46749775285
1.50629237065
1.4327965671
1.36239192175
1.37527804161
1.38979884864
1.35653964562
1.29220995256
1.22809086727
1.18563295898
1.16820589577
1.1652264355
1.16209500309
1.14938574724
1.12727384488
1.10441948266
1.09240086212
1.09854265653
1.11763923029
1.13333236318
1.13492180645
1.11929674351
1.08583271117
1.03439315901
0.965115557354
0.878591937866
0.775909566556
0.657962117782
0.524677392362
0.37723490088
0.224803841046
0.0864061328161
-0.0248290630726
-0.103510700766
-0.0827033596798
0.187746495849
0.83873447892
0.829243901022
0.755052452651
0.641331331019
0.493683792692
0.350114262219
0.211666304107
0.0937719403981
-0.00397097039553
-0.0761006735568
-0.12549845906
-0.151321623238
-0.158118133219
-0.145786338408
-0.120855570562
-0.0828433795752
-0.0494893685722
-0.0176592087385
0.0145433414791
0.102865872577
0.144662347582
0.148652682392
0.132814405277
0.111526385824
0.086445804522
0.0648634464671
0.0496312257459
0.0434067229779
0.0442065749179
0.0490008702855
0.058332786572
0.0737181145702
0.0878783072748
0.0995520020223
0.107307247174
0.108449464102
0.112010172402
0.115174185267
0.129724793357
1.41109574031
1.38437953858
1.38200088744
1.33474999059
1.33028559766
1.38448422002
1.44900681839
1.3803106851
1.26518819059
1.2813890393
1.36573431179
1.41687340672
1.4105317676
1.36838368036
1.33257319767
1.3433349875
1.42241554955
1.56642448908
1.75032294214
1.93741977952
2.09144180166
2.18489799475
2.20196217797
2.15603892566
2.08385070132
1.99715102104
1.89811354522
1.78617135075
1.66072903933
1.5213886849
1.36819644546
1.20189309723
1.02317326244
0.830366039283
0.618729354732
0.387235473405
0.150231922319
-0.0598963215539
-0.185901872416
-0.152512902016
0.153196630275
0.98370706893
0.911809808683
0.853663497388
0.716289876304
0.570209395329
0.417687239923
0.282097544987
0.16207726233
0.068044481806
-0.00258982853259
-0.0466115795394
-0.0675507270716
-0.0648438527543
-0.0426076154919
-0.000425571208357
0.0531086592034
0.106098283811
0.116251620463
0.0990872192495
0.0809622142539
0.146161366526
0.160636750426
0.150445677548
0.132004206845
0.102470899241
0.069400414154
0.0403140329584
0.0180018726679
0.00742578080199
0.00641526760035
0.0125731983266
0.0271632042802
0.0457938779334
0.063921104823
0.0785482017806
0.0927907621311
0.105953184495
0.109526988331
0.120724532564
1.40876960151
1.39021234091
1.38606165842
1.37056596161
1.33182642678
1.31423118234
1.34018073994
1.32185256832
1.23484375724
1.3015612492
1.49819871261
1.69517175248
1.79961041365
1.76138822045
1.57118141739
1.25754011685
0.875746201873
0.490840908358
0.161586957588
-0.0705738618498
-0.183412310613
-0.167024102049
-0.027648575379
0.166665312412
0.345883989848
0.499617074782
0.624436823162
0.718978150932
0.782091988569
0.812165686983
0.807271229455
0.766162101951
0.688112463863
0.568157493915
0.389381923071
0.128735917002
-0.199147384569
-0.47481519875
-0.508359493987
-0.277143780428
-0.128528220836
0.80802487137
0.699116444288
0.674812809914
0.537380012909
0.415235016254
0.279054756168
0.166140463173
0.0631663088127
-0.0134967755827
-0.0704988083108
-0.102693001829
-0.112355777404
-0.100854332397
-0.065161419858
-0.0140386018712
0.0624735021859
0.120240464446
0.123860637568
-0.0786402967413
-0.0522763841108
0.00149797254662
0.0159883862773
0.0692221367653
0.0994585423924
0.0974257676079
0.0802997017287
0.0584905051736
0.0385094652462
0.0255263668175
0.020509996148
0.0220185213927
0.0275802300362
0.041374897118
0.0604067360508
0.082605066791
0.101942238051
0.108309402499
0.102509123902
0.108583302001
1.40748787388
1.39577800778
1.38628495373
1.36985834069
1.34434299687
1.2968269516
1.25730613286
1.22859746381
1.23970934087
1.5272659277
2.10364685039
2.88681773905
3.80741889614
4.79170692436
5.75649035314
6.61976284181
7.31654411979
7.80854263387
8.08713045467
8.16917194957
8.08860929841
7.88987431714
7.63503514859
7.40947641595
7.1815743607
6.91208608193
6.5924883853
6.22423617384
5.81023513507
5.35300348079
4.85517005312
4.32156392153
3.76008896122
3.17410487852
2.54596236966
1.84348133185
1.10310997669
0.532179527068
0.308991541023
0.0952807549127
0.541983501333
2.25376396933
1.16403248251
1.56708010748
0.978952928578
1.0603470917
0.706810561067
0.677201642356
0.461238498317
0.419397961036
0.298352397499
0.291105815794
0.237974942442
0.294403050343
0.286043865696
0.448193305165
0.456355940987
0.802213791955
0.594615337629
1.00028065432
0.47234200392
-0.134681236684
-0.202904584492
-0.101440920177
-0.055912611523
-0.0538754495213
-0.0610284802495
-0.0680595162299
-0.0741978924208
-0.0777422648746
-0.0760308055751
-0.0682348843509
-0.0547971135732
-0.0338397213215
-0.00656945331665
0.0225617883158
0.0463653952304
0.0647833273766
0.0830843503238
0.106376883972
1.40823656537
1.40194563769
1.39451579123
1.38183481303
1.36265450036
1.32945580202
1.26932230398
1.10666582603
0.852205200831
0.592067393149
0.378474625349
0.167196550705
-0.00518774341671
-0.107905359943
-0.111198114767
-0.00323288705259
0.212157295151
0.51625457697
0.880506558538
1.27136833014
1.65358532744
1.98897331586
2.23364936861
2.35645630836
2.41763543931
2.45519499558
2.47963145717
2.49181356613
2.48988913389
2.47051229292
2.42938348344
2.36338592269
2.2720729421
2.14895688833
1.95814524402
1.6308933197
1.14877825266
0.657771285758
0.308572314032
-0.0843086077165
-0.240468830967
1.4945341588
-0.423784441839
0.783179379462
-0.173002820524
0.378275105577
-0.081512412456
0.162443165713
-0.0682105790092
0.0509128985966
-0.076654172684
0.014216355742
-0.0816141893334
0.0548430119535
-0.0776766575745
0.21217100339
-0.0773577657471
0.622746408629
-0.0470816486357
1.77522842342
1.41620181647
0.142598549198
0.116347319337
0.238040994786
0.217342850299
0.148755049596
0.0967297394314
0.0644128548605
0.0416014804493
0.025589381971
0.0169984794533
0.0156011191916
0.0201509840222
0.0300399689579
0.044676654681
0.0637272183807
0.0872503739699
0.109870527476
0.127491174759
0.13306788615
)
;

boundaryField
{
    frontAndBack
    {
        type            empty;
    }
    upperWall
    {
        type            zeroGradient;
    }
    lowerWall
    {
        type            zeroGradient;
    }
    inlet
    {
        type            zeroGradient;
    }
    outlet
    {
        type            adjointOutletPressure;
        value           nonuniform List<scalar> 
20
(
-0.549197681123
-0.346386781615
-0.236880961532
-0.200223020536
-0.185107132362
-0.165847912455
-0.14312121756
-0.119232518632
-0.0948415819979
-0.069938543009
-0.0443631381493
-0.017831948062
0.010125834858
0.0402641484407
0.0737297258013
0.112617205427
0.158635958193
0.210714258454
0.212207722807
-0.0147549583281
)
;
    }
}


// ************************************************************************* //
