/*--------------------------------*- C++ -*----------------------------------*\
| =========                 |                                                 |
| \\      /  F ield         | OpenFOAM: The Open Source CFD Toolbox           |
|  \\    /   O peration     | Version:  v1806                                 |
|   \\  /    A nd           | Web:      www.OpenFOAM.com                      |
|    \\/     M anipulation  |                                                 |
\*---------------------------------------------------------------------------*/
FoamFile
{
    version     2.0;
    format      ascii;
    class       volScalarField;
    location    "300";
    object      p;
}
// * * * * * * * * * * * * * * * * * * * * * * * * * * * * * * * * * * * * * //

dimensions      [0 2 -2 0 0 0 0];


internalField   nonuniform List<scalar> 
6400
(
0.181883418395
0.181487131714
0.181100680681
0.180857997165
0.180949845215
0.180886834713
0.180251527328
0.178904528096
0.177021954376
0.17465672885
0.171891990606
0.168819411586
0.165531594084
0.162115768403
0.158649889583
0.155200675292
0.151823122283
0.148561028093
0.145448111285
0.142509415758
0.139762778223
0.13722021881
0.134889177976
0.132773567255
0.130874630765
0.129191630851
0.127722380515
0.12646364801
0.125411460234
0.124561329179
0.123908418482
0.123447659609
0.123173846141
0.123081781119
0.123166550213
0.123423924189
0.123850556966
0.124442379659
0.125191826878
0.126091812245
0.127137381619
0.128322995973
0.129643076342
0.131092183703
0.132665097925
0.134356848892
0.136162718704
0.138078219571
0.140099047042
0.142221007291
0.14443991761
0.146751481279
0.149151140037
0.151633910657
0.154194214596
0.156825713057
0.159521161416
0.162272298706
0.165069787007
0.167903214152
0.170761168609
0.173631390443
0.176500994055
0.179356750257
0.182185405502
0.184974007774
0.187710195018
0.190382386634
0.192979810728
0.195492296335
0.197909732108
0.200220967687
0.202411710627
0.204461371183
0.206340590564
0.208010641738
0.209414581117
0.210445258908
0.210953836799
0.210979566692
0.181668816853
0.181238805347
0.18102320625
0.180861988997
0.180674418187
0.180677345123
0.180100473121
0.178770365593
0.176859900426
0.174451878959
0.171643287925
0.168531561814
0.165212177587
0.161773421774
0.158293145527
0.154837246464
0.151459519736
0.148202425237
0.145098374101
0.142171233903
0.139437845712
0.136909428827
0.134592808566
0.132491445476
0.1306062695
0.128936337536
0.127479339093
0.126231976238
0.125190244575
0.124349640326
0.123705313013
0.123252156663
0.122984823132
0.122897733343
0.122985387963
0.123243318072
0.123669226028
0.124260136746
0.125010845186
0.125914540629
0.126963770073
0.128152232788
0.129474109831
0.130923898966
0.132496376599
0.13418659073
0.135989853879
0.137901719737
0.139917939482
0.142034390953
0.144246981496
0.146551521988
0.148943577794
0.151418299912
0.153970248198
0.156593216192
0.159280074781
0.162022648149
0.164811640331
0.167636623937
0.170486103288
0.173347654144
0.176208138883
0.179053983375
0.181871495984
0.184647197507
0.187368123118
0.190022037741
0.192597505826
0.195083754547
0.197470227767
0.199745668712
0.201896475076
0.203904230663
0.205743139838
0.207378008253
0.208759031968
0.209806404402
0.210405252608
0.210517337609
0.182062397773
0.181525340648
0.181099064336
0.180904616554
0.180560656049
0.180106532134
0.179206304196
0.177717574389
0.175688708586
0.17319318698
0.170327355711
0.167187966352
0.163867766938
0.160450908614
0.15701049564
0.153607661325
0.150291816132
0.147101641473
0.144066471483
0.141207798871
0.138540733477
0.136075316459
0.133817646838
0.131770811536
0.12993563068
0.128311239841
0.126895534047
0.125685498564
0.124677451311
0.123867224791
0.123250304137
0.12282188304
0.122576735692
0.122509107005
0.122613736888
0.122888496446
0.123332572034
0.123939726114
0.12470208151
0.125614128159
0.126669761041
0.127863033893
0.12918821782
0.130639830212
0.132212652883
0.133901745353
0.135702447173
0.137610363274
0.139621326183
0.141731331032
0.143936440062
0.146232656474
0.148615769518
0.1510811769
0.153623693213
0.15623735742
0.158915254544
0.161649369293
0.164430488775
0.167248170339
0.170090785876
0.172945648741
0.175799220969
0.178637390457
0.18144579646
0.184210173799
0.186916683027
0.189552167932
0.192104275908
0.194561416284
0.196912424833
0.199145824452
0.20124862557
0.203204499413
0.204991190865
0.206577541365
0.207921226557
0.208962514141
0.209601163703
0.209763515995
0.182888963435
0.182261930471
0.181621745141
0.181014710312
0.180269411992
0.179303928096
0.177971537219
0.176192929703
0.173973417369
0.171363841329
0.168443192666
0.165296658507
0.162007090638
0.158649537434
0.155288807616
0.151978771977
0.148762780964
0.145674705684
0.142740256857
0.139978354507
0.137402414014
0.135021480941
0.132841190203
0.1308645511
0.129092573443
0.127524755699
0.126159456631
0.124994171827
0.124025738675
0.123250496075
0.122664405029
0.122263049036
0.122041381331
0.121993687212
0.122115724023
0.122408707602
0.122869740169
0.123490498917
0.12426481123
0.125186590591
0.12624978835
0.127448508419
0.128777046967
0.130229927577
0.131801933786
0.133488135865
0.135283906271
0.137184916955
0.139187112535
0.141286653356
0.143479824673
0.145762909747
0.148132028572
0.15058294701
0.153110865719
0.155710201689
0.158374379743
0.161095653142
0.163864973681
0.166671929611
0.169504765812
0.172350494558
0.175195096582
0.178023803605
0.180821443304
0.183572808418
0.186263036238
0.188877944191
0.191404202911
0.193829432911
0.196142030087
0.198330592136
0.200383089322
0.202285555101
0.204019771043
0.205559996556
0.206872045114
0.20791173483
0.208578386376
0.20879397895
0.183782612231
0.18296992676
0.181993906735
0.180905796021
0.1796617377
0.178202599077
0.176441475257
0.174335579383
0.171890979149
0.169147956235
0.166168761327
0.163022914177
0.15977904556
0.156499713104
0.153239068599
0.150042214244
0.146945573427
0.1439777813
0.141160781201
0.138510939491
0.136040078384
0.133756381085
0.131665155828
0.129769463016
0.128070618173
0.126568586028
0.12526228141
0.124149794176
0.123228561857
0.122495510261
0.121947133608
0.121579394539
0.121387465192
0.121366154807
0.121512577426
0.121828814755
0.1223107304
0.122948806615
0.123737571187
0.124671146055
0.125743637539
0.126949217059
0.128282194066
0.129737076466
0.131308624021
0.13299189371
0.134782272377
0.136675490553
0.138667610235
0.140754979823
0.142934150202
0.145201748607
0.147554310109
0.149988071367
0.152498735417
0.155081221154
0.157729416489
0.160435957718
0.163192057952
0.165987408261
0.168810167633
0.17164705534
0.174483546129
0.177304159307
0.180092836276
0.182833335746
0.185509658566
0.18810651974
0.190609517784
0.193005395889
0.195282077826
0.197428172082
0.199432421998
0.201282810846
0.202964738656
0.204457630327
0.205733332684
0.206763657859
0.207441055963
0.207707447985
0.184309951191
0.183134846314
0.181834273246
0.180325101192
0.178630491176
0.176731337228
0.174589219824
0.17218804528
0.169540245746
0.166680782963
0.16365899664
0.160529516039
0.157346344942
0.154158986124
0.151010605578
0.147937488119
0.144969276119
0.142129606087
0.139436903039
0.136905194407
0.134544871383
0.132363364581
0.130365722665
0.12855509448
0.126933120929
0.125500244629
0.124255947145
0.123198927834
0.122327249668
0.121638463729
0.121129628448
0.120797066286
0.12063622268
0.120643165093
0.120817766633
0.121159558066
0.12166258426
0.12231906502
0.123123435458
0.124069874555
0.125152534981
0.126365600621
0.127703359242
0.129160274491
0.13073105582
0.132410722487
0.134194656108
0.136078634486
0.138058838351
0.140131822086
0.142294440361
0.144543724823
0.146876708996
0.149290205137
0.151780542101
0.154343277266
0.15697290429
0.159662583738
0.162403921414
0.16518682735
0.167999470849
0.170828352208
0.173658498467
0.176473750587
0.179257197118
0.181991602991
0.184659815647
0.18724552687
0.189733294136
0.19210897594
0.194360078482
0.196475147526
0.198443417128
0.200254199688
0.201895573867
0.203351244897
0.204595020435
0.205616140706
0.206294860143
0.20660828248
0.183756951651
0.182435523801
0.180953604203
0.179139395
0.177104012123
0.174864136347
0.172424509861
0.169793443399
0.166991350503
0.164050429851
0.161010503044
0.157914003776
0.154802385753
0.151713709135
0.148681449329
0.145734115142
0.142895374877
0.14018445251
0.137616644154
0.13520386609
0.132955184699
0.130877301197
0.128974977424
0.127251397662
0.1257084664
0.124347044302
0.123167127756
0.122167984529
0.121348270953
0.120706132319
0.120239160994
0.119944048073
0.119816613269
0.119854267043
0.120059302325
0.120428449862
0.120953833684
0.121629864077
0.122450893648
0.123411172603
0.124504876412
0.125726167932
0.127069276074
0.128528581118
0.130098701881
0.131774579971
0.133551554822
0.135425421317
0.137392459939
0.139449428191
0.141593502153
0.143822159535
0.146132999664
0.14852350309
0.150990741353
0.153531047317
0.156139669496
0.158810449411
0.161535539205
0.164305216306
0.167107798635
0.16992968776
0.172755586637
0.175568750316
0.178351506809
0.181085786314
0.183753272587
0.186336831931
0.188820090887
0.191188010736
0.19342779239
0.195527815165
0.197477501876
0.199266914776
0.200885645799
0.202321070196
0.203544675075
0.204564060324
0.205242494653
0.205599372679
0.182197086435
0.180872759828
0.179325638301
0.177330831285
0.17507883845
0.172613188588
0.16997408446
0.167190829679
0.164292847147
0.161312000972
0.15828185804
0.155235859682
0.152205778037
0.149220601974
0.14630597017
0.143483988867
0.140773311319
0.138189372688
0.135744709677
0.133449317259
0.131311009696
0.129335762568
0.127528020075
0.125890958909
0.124426705036
0.123136503017
0.122020841801
0.121079549108
0.12031187427
0.119716552257
0.119291722794
0.119034591371
0.118941622381
0.119011235971
0.119246492264
0.11964309096
0.120192007824
0.120888419299
0.121726890344
0.122701771931
0.123807253546
0.125037451252
0.126386502199
0.127848665697
0.129418428518
0.13109061064
0.132860465192
0.13472376347
0.136676853388
0.138716677247
0.140840733741
0.143046972175
0.145333610768
0.14769887854
0.150140697995
0.152656312992
0.155241877706
0.157892084637
0.160599804339
0.163355856889
0.166148890254
0.168965359773
0.171789836627
0.17460514717
0.177392983768
0.180134811853
0.182811111751
0.185404280031
0.187897221544
0.190273901641
0.192521395427
0.194627722405
0.196582130963
0.198375003718
0.19999612351
0.201435940354
0.202660090813
0.203693337301
0.204378247973
0.204777528651
0.179891534749
0.178605119789
0.177050487817
0.174971965713
0.172610916394
0.170024083419
0.167278273558
0.164418656192
0.161482887009
0.158503956147
0.155511852297
0.152533987416
0.1495952581
0.146717971534
0.143921816725
0.141223895316
0.138638822565
0.136178889676
0.133854274518
0.131673282575
0.129642597966
0.127767525234
0.126052206876
0.124499807406
0.123112659689
0.121892373142
0.120839909171
0.119955637675
0.11923938431
0.118690444583
0.118307467524
0.118088230039
0.118030051936
0.11813217933
0.118397423027
0.118821021441
0.119393519805
0.120110541079
0.120966817995
0.121956763866
0.123074549493
0.124314210988
0.125669758143
0.127135289589
0.128705115187
0.130373883429
0.132136707929
0.133989283176
0.135927976341
0.137949878195
0.140052792079
0.142235144695
0.14449580861
0.146833823767
0.149248055291
0.151736789836
0.154297229676
0.15692509768
0.159614163203
0.162355972592
0.165139727215
0.167952092077
0.170777771019
0.173599426814
0.176398217363
0.179155859571
0.181851489216
0.184467537307
0.186986544144
0.189391203895
0.19166895476
0.193807328369
0.195794958574
0.197622376763
0.199278309673
0.200754849716
0.202009707154
0.203079942179
0.20378585026
0.204231410076
0.177023356684
0.175793933591
0.174267183355
0.172174735244
0.169787067933
0.167163355133
0.164388562581
0.161518157657
0.158596131542
0.155657000714
0.152728978606
0.149835771778
0.14699773577
0.144232544825
0.141555586177
0.138980197848
0.136517843829
0.134178278375
0.131969721752
0.129899048002
0.127971973744
0.126193233672
0.124566731092
0.123095656731
0.121782573126
0.120629466277
0.119637773223
0.118808403937
0.118141757537
0.117637668986
0.117295206405
0.117112619149
0.117088353025
0.117222999932
0.11751794139
0.117967907402
0.118563770382
0.119301448412
0.120175781631
0.121181196367
0.122311809783
0.123561548805
0.124924266508
0.126393867041
0.127964442268
0.129630419585
0.131386715869
0.133228886955
0.135153257572
0.13715701349
0.139238225322
0.14139577969
0.14362921838
0.145938432763
0.148323291036
0.150783251457
0.153316676326
0.155920495269
0.158589548961
0.161316265202
0.164090680347
0.166899809364
0.16972882778
0.172560699034
0.175375965281
0.178157712426
0.180883363934
0.18353596281
0.186098418813
0.188551676274
0.19088510817
0.19308605633
0.195141371614
0.19704138625
0.198772835427
0.200326340586
0.201651954716
0.202789140748
0.203537620072
0.204040845824
0.173735886505
0.172580624054
0.171109729929
0.169054526565
0.166700859842
0.164104118848
0.161360823079
0.158531944728
0.155665743807
0.152798037899
0.149956295308
0.147162112921
0.144433022336
0.141783632959
0.139226333144
0.136771714271
0.134428850695
0.132205515664
0.130108372377
0.128143150815
0.126314806271
0.124627651242
0.123085454407
0.121691504481
0.120448639651
0.119359247475
0.118425248097
0.117648083684
0.117028709861
0.11656746632
0.11626373521
0.11611608257
0.116124452586
0.116292352678
0.116616713048
0.117090876024
0.117709286483
0.118467273969
0.119359599397
0.120380617836
0.121524354789
0.122784605449
0.124155046257
0.125629362369
0.127201393922
0.12886530176
0.130615748759
0.132448085461
0.134358521341
0.136344266853
0.138403605822
0.140535841325
0.142741178513
0.145020384237
0.147374330899
0.149803784185
0.152308310862
0.154886205969
0.157533547163
0.160243730352
0.163008008537
0.165813869848
0.168647289665
0.171492191046
0.17432797784
0.177140462495
0.179904861637
0.182605823504
0.185228374032
0.187750596996
0.190166936845
0.192465448003
0.194628173484
0.196644233873
0.198498065354
0.200174631219
0.201620860884
0.202866169191
0.20369036476
0.204275425241
0.170165786334
0.169095240835
0.167699450996
0.165717544618
0.163440646798
0.160916887191
0.158249521974
0.155501364172
0.152723147367
0.149951488099
0.147213587989
0.144529907127
0.141916296039
0.139385401631
0.136947575361
0.134611454046
0.132384353471
0.130272560264
0.128281564917
0.126416250822
0.124681040659
0.123079998147
0.121616885494
0.120295180081
0.11911805552
0.118088335397
0.117208436801
0.116480330444
0.115905501415
0.115484760803
0.11521783301
0.115103666921
0.115143252981
0.11534139602
0.115693538212
0.116191932164
0.116832506938
0.117610484558
0.11852060605
0.119557173275
0.120714125112
0.121985127562
0.123363679553
0.124843239031
0.126417374682
0.12807994619
0.129825311045
0.131648549087
0.133545674814
0.135513836314
0.137551468537
0.139658219599
0.14183492739
0.144083264401
0.146404990147
0.14880234926
0.151276051475
0.153825887983
0.156449365649
0.1591408202
0.161893193381
0.164694474685
0.167531472077
0.170389674167
0.173246469724
0.176092192175
0.178899946736
0.181657704413
0.18435639126
0.186968417191
0.189493557532
0.191921356583
0.194227811386
0.196400911999
0.198424778992
0.200278587346
0.201908812556
0.203324028872
0.204276793843
0.204989757556
0.166435486771
0.165452873498
0.164142599503
0.162257069242
0.160084951101
0.157665261847
0.155104474368
0.152464559993
0.149797284554
0.147139465888
0.144518159917
0.141953201632
0.139459451969
0.137048317917
0.134728790314
0.132508148712
0.130392461705
0.128386959233
0.126496315633
0.124724858995
0.123076712603
0.121555872846
0.120166230835
0.118911547334
0.117795391253
0.116821053954
0.115991459806
0.115309096674
0.11477594154
0.114393242499
0.114161137042
0.114079082792
0.114148673576
0.114374763966
0.114752927049
0.115274885812
0.115936892346
0.116734201954
0.117661555042
0.11871321777
0.119883059482
0.121164635017
0.122551281854
0.1240362401
0.125612804409
0.127274514318
0.129015380798
0.130830154756
0.132714579308
0.134665631128
0.136681841451
0.138763103861
0.140910805281
0.143127623634
0.145415883935
0.147779577792
0.150220372091
0.152739631829
0.155336551529
0.15800614654
0.160743373811
0.163536428545
0.166372691672
0.169239759412
0.172112725983
0.174989948315
0.177845383011
0.180666683646
0.183455409899
0.186179594163
0.188831747241
0.191404832875
0.193884404136
0.196258237722
0.198508494172
0.200608236432
0.202500050605
0.204162224107
0.205318305
0.206225675771
0.162644586241
0.16174843723
0.160527726371
0.158751564888
0.156700604615
0.154404129642
0.151969301111
0.149455359554
0.146913996021
0.144381632889
0.141885090708
0.139443781014
0.137071946609
0.134780197662
0.132576622724
0.130467585861
0.128458317039
0.126553356104
0.124756881155
0.123072935909
0.12150556567
0.120058872608
0.11873700423
0.117544090559
0.116484145023
0.115560945703
0.114777920587
0.114138052425
0.113643763899
0.11329667706
0.113097338407
0.113045798919
0.113144093688
0.113396619583
0.113799478029
0.114343910898
0.115026302202
0.115841931919
0.116785545154
0.117851390591
0.11903329426
0.120324731116
0.121718909347
0.123208878858
0.124787675877
0.126448521115
0.128185052432
0.129991647673
0.131863727134
0.133797947329
0.135792907656
0.137848627168
0.139966843002
0.142151537839
0.144404985933
0.146733339655
0.14913895171
0.151624657437
0.154191567899
0.156834611783
0.15955079828
0.162328015804
0.165154382779
0.168022790186
0.170907204638
0.173813269221
0.176728347533
0.179618363221
0.182486123174
0.185316249124
0.188101872935
0.190838012391
0.193516960844
0.196129382312
0.198658614755
0.201074174568
0.203314554508
0.205321358827
0.206795637039
0.208014354424
0.158870457693
0.158056740694
0.156925545263
0.155264471084
0.153342411266
0.151179181279
0.14888088083
0.146502776957
0.144095679861
0.141695080172
0.139327371709
0.137011557249
0.134761426406
0.132587046549
0.130495908035
0.128493784556
0.126585392208
0.124774888649
0.123066234304
0.121463428832
0.119970636212
0.118592215288
0.117332676044
0.11619658232
0.115188420079
0.114312451561
0.113572583595
0.1129722582
0.112514287756
0.112200543639
0.112031842495
0.112009038853
0.112135081435
0.112412944119
0.112839152615
0.113404680254
0.114106053183
0.114938579441
0.115897011458
0.116975597416
0.118168149905
0.119468103112
0.120868579183
0.122362480484
0.123942614061
0.125601906687
0.127333615472
0.129131709996
0.130991302026
0.13290850343
0.134881997425
0.136911846684
0.138999713824
0.141151539574
0.143368621128
0.145659725582
0.148027615191
0.150475919091
0.153007802749
0.155616776843
0.158302008558
0.161054164334
0.163860381707
0.166725624724
0.169630222229
0.172554627559
0.175497007793
0.178439173397
0.181376484734
0.184302378857
0.187214591494
0.190113775297
0.193000237387
0.19587167399
0.198716965058
0.201507190118
0.204179669948
0.206642010246
0.20859583681
0.210287711212
0.155172101661
0.154435351185
0.153390940015
0.151845554258
0.150053968385
0.148027320034
0.145869474607
0.143630989206
0.141361243855
0.139094354605
0.136856071358
0.13466490781
0.132534246506
0.130473748552
0.12849050724
0.126589946084
0.124776523596
0.12305426747
0.121427152099
0.11989933195
0.118475248089
0.117159630768
0.115957424267
0.114873659172
0.113913294064
0.113081049701
0.112381268377
0.111817803514
0.111393795504
0.111111216231
0.110970960193
0.110975157376
0.111129289203
0.111432090948
0.11187920634
0.112464010876
0.113182599813
0.114030214872
0.115001584199
0.116090962512
0.117292177822
0.118598666056
0.120003510361
0.121499521367
0.123079310772
0.124735560695
0.126461164724
0.128249622272
0.130095885178
0.131995183707
0.13394635557
0.135949578057
0.138005675023
0.140123564119
0.142302457163
0.144553770242
0.146880608907
0.149285687012
0.151774511466
0.15434099755
0.15698339643
0.159708005513
0.162496957005
0.165339153664
0.168229804478
0.171154220888
0.174104854627
0.177071899868
0.180051839157
0.183044494184
0.186054275153
0.189089821873
0.192161592281
0.195278311782
0.19843943801
0.201624221752
0.204773838598
0.207767176241
0.210311393725
0.212508656285
0.151593690385
0.150927669616
0.149965554365
0.14853292221
0.146869098486
0.144977597256
0.142959285624
0.140859650363
0.138726297647
0.136591630585
0.134480559015
0.132410994454
0.130395901415
0.12844460525
0.126563937996
0.124759152025
0.123034648278
0.121394524579
0.119842952097
0.118384392861
0.117023680094
0.115765990095
0.114616737218
0.11358142075
0.112665447027
0.111873951562
0.111211657549
0.110682764692
0.110290673019
0.110037413737
0.109923966414
0.109953661847
0.110134028295
0.110460556022
0.110926957226
0.111529273011
0.11226315416
0.113123770359
0.114105831721
0.115203616911
0.116411000053
0.117721463812
0.119128093661
0.120623681644
0.122200667787
0.123851554528
0.125568930921
0.127345661917
0.1291769165
0.131056592223
0.132983763973
0.134959074719
0.136981384613
0.139063581955
0.141201869383
0.143409188928
0.145689627928
0.148044586652
0.150479840302
0.15300259893
0.155603849833
0.15827798921
0.16102273193
0.163826536183
0.166680518296
0.169573874948
0.172498989222
0.175450256432
0.178427146607
0.181434634849
0.184483884168
0.18759220325
0.190781241241
0.19407301644
0.197480848068
0.200997092524
0.204564874025
0.208015824306
0.211051346987
0.213612999083
0.14816738503
0.147565574225
0.146680212942
0.145355058519
0.143813422671
0.142052349527
0.140169233263
0.138204400445
0.136203497616
0.134196978331
0.132208761507
0.130256048299
0.128351356222
0.126503712709
0.124719783608
0.123004783542
0.12136320719
0.119799372128
0.118317777923
0.116923296312
0.115621219175
0.114417198638
0.113317115345
0.112326906465
0.111452377414
0.110699022408
0.110071887127
0.109575450777
0.109213323913
0.108987696837
0.108899872332
0.108953894312
0.109157283463
0.109505308725
0.109990042201
0.110608145818
0.111355271287
0.112226585308
0.113216812212
0.11432027577
0.115530920805
0.116842328171
0.118247604088
0.119739625024
0.121310654268
0.122953068073
0.124659305475
0.126421237191
0.128234919675
0.130092440159
0.131993055077
0.13393839382
0.135924015961
0.13796730553
0.140061315978
0.142218647424
0.144445514102
0.146748668901
0.149132790403
0.151591752238
0.154131579602
0.156745163617
0.159425899852
0.162163928324
0.164949465933
0.167772793925
0.17062656397
0.173506844985
0.176415043436
0.179359216926
0.182355067222
0.185426283772
0.18860325286
0.191918786276
0.195396917998
0.199037215806
0.202748261045
0.206274089846
0.209788853411
0.21371308833
0.144915832025
0.144371752499
0.14355706705
0.142332670556
0.140905853338
0.139268339646
0.137513782661
0.135677449014
0.133802958249
0.131918669507
0.130047414199
0.12820559908
0.126405269342
0.12465517857
0.122961894877
0.121330691654
0.119766264204
0.118273249921
0.116856556359
0.11552151522
0.114273894551
0.11311980865
0.112065565305
0.111117483217
0.110281703724
0.109564021835
0.108969759622
0.108503629809
0.108169416017
0.107969573605
0.10790602962
0.107983340936
0.10820781185
0.108575265041
0.109076488874
0.109708357352
0.110466484505
0.111346009038
0.112341667327
0.113447836318
0.114658532975
0.115967510718
0.117367857816
0.118852682327
0.120414025922
0.122044140941
0.123735658323
0.125478869421
0.127271582516
0.129103717136
0.13097424519
0.132886285335
0.134830863108
0.136829571443
0.138875844034
0.140979060246
0.143156029641
0.14539329062
0.147708882536
0.150099277702
0.152563477564
0.155095548076
0.157687308865
0.160328341717
0.163007569472
0.165714387528
0.16844033928
0.171180585067
0.173935520571
0.176712204852
0.179525486746
0.18239853482
0.185361815227
0.188448267911
0.19167848567
0.195029489262
0.198285477902
0.201368796907
0.205005784113
0.211100415125
0.141854280356
0.141361708407
0.140611450597
0.139480304883
0.138159928168
0.136637808564
0.135003738065
0.133288153069
0.131532665342
0.129763473153
0.128002277171
0.126264636746
0.124562112475
0.122903203393
0.121294428874
0.119741185915
0.118248436625
0.11682119219
0.115464800023
0.11418505664
0.112988184214
0.111880714985
0.110869325222
0.109960651012
0.109161108587
0.108476745253
0.107913132396
0.107475190748
0.107166794205
0.106990620006
0.106949618201
0.107049292131
0.107293144899
0.107678035955
0.108193730369
0.108837191456
0.109603954958
0.110489082237
0.111487304264
0.112593063258
0.113800399874
0.115103370272
0.116494895088
0.117968515729
0.11951599909
0.121129390075
0.12280209032
0.124522117103
0.126289637142
0.128092249186
0.129927623986
0.131801244134
0.13370171457
0.135647863616
0.137652121894
0.139694042824
0.141801755035
0.143972191303
0.146211216835
0.148517982312
0.150889044694
0.153317222432
0.155792308801
0.158301844419
0.160832327119
0.163370451135
0.165904469184
0.16842545472
0.170928438647
0.173413253164
0.175884876453
0.178352902542
0.180829212539
0.183321522828
0.185816701317
0.188234206466
0.19022614988
0.19142927345
0.191956953603
0.195733704946
0.138992372831
0.138545449299
0.137853440713
0.136807716212
0.135584957381
0.134169397553
0.132646953093
0.131043543006
0.12939885168
0.127736913592
0.126078302289
0.124437706857
0.122826206056
0.121252061801
0.119721777707
0.118240911261
0.116814721451
0.115448606952
0.114148346796
0.112920171045
0.11177070497
0.110706834377
0.109735534362
0.10886369119
0.108097937187
0.107444527039
0.106909259831
0.106497250079
0.106212356664
0.106057339642
0.106036843305
0.106159022008
0.106421375922
0.10682077296
0.107348633183
0.108001368575
0.108774321013
0.10966237745
0.110660222259
0.111762409828
0.112962847138
0.11425612654
0.11563471201
0.117092840374
0.118622042048
0.120213975685
0.12186337439
0.12355526566
0.125292149049
0.127059735133
0.128853996527
0.130681679121
0.132544129408
0.134435971179
0.136374294806
0.138355730116
0.140391318266
0.142483605556
0.14463472001
0.146842769547
0.149101953076
0.151402590502
0.153731605062
0.156073319758
0.158410472511
0.160725248266
0.163000214758
0.165218977217
0.167366361033
0.169427815729
0.171387518188
0.173224189686
0.174902549729
0.176355692588
0.177447208865
0.177876072678
0.176992455388
0.172289303967
0.156511470262
0.10223278806
0.13633553408
0.135928829277
0.135289121215
0.134320989626
0.13318697722
0.131868925681
0.130448937116
0.128948774444
0.127406316087
0.125843478692
0.124279749917
0.122728951031
0.121201694662
0.11970602124
0.118248437546
0.116834674438
0.115470287769
0.114161045431
0.112913120039
0.111733119789
0.110628005732
0.109604945188
0.108671142552
0.107833673432
0.107099338796
0.106474568282
0.105965366579
0.105577030159
0.105313414737
0.105177422417
0.105175526612
0.105318495707
0.105598342361
0.10600945432
0.106547249036
0.107206968966
0.107983671649
0.108871983274
0.109866466421
0.110961929437
0.112151819569
0.113431659982
0.114793119032
0.116231409014
0.117738012413
0.119303767252
0.120924806869
0.122582552482
0.124281281726
0.126008128045
0.127760278145
0.129542797184
0.131348182408
0.133183638738
0.135055763941
0.13696697393
0.138923224629
0.140927053704
0.142978074925
0.145071926346
0.147199874092
0.149348925594
0.151502287298
0.153640064618
0.155740047057
0.157778376781
0.159729899616
0.161567943795
0.163263177375
0.164780983623
0.166076365104
0.167084511754
0.167703291524
0.167759820755
0.166943804823
0.164666711532
0.159776227217
0.149580055383
0.125908564978
0.0757391317609
0.133886092792
0.133514620446
0.13292158838
0.132023439091
0.130969521023
0.129740024813
0.128413354116
0.127007499701
0.125558681027
0.124086778197
0.122610262144
0.121142107646
0.119692486372
0.118269230189
0.116878855827
0.115527260906
0.114220275185
0.112963994822
0.111764929036
0.110629995903
0.109566419214
0.108581576488
0.107682836821
0.106877410746
0.106172227524
0.105573864445
0.105088495292
0.10472156841
0.104477117194
0.104358627106
0.104373693539
0.104532220748
0.104826714681
0.105248982835
0.105795046832
0.106459616774
0.10723767156
0.10812357464
0.109111620359
0.110197201268
0.111372848377
0.1126355585
0.113976026654
0.115390380773
0.116870150745
0.11840438101
0.119990151221
0.121608279698
0.123260140131
0.124948793664
0.126649848343
0.128376662119
0.130124590481
0.131896557553
0.133697390817
0.135530543571
0.137399377342
0.139304540138
0.141242955657
0.143207114114
0.145184736419
0.147158895072
0.149108440223
0.151008565133
0.15283131785
0.154545832434
0.156118022273
0.157509405107
0.158674582276
0.159556606752
0.16007892591
0.160131546772
0.159547059772
0.158058324725
0.155221810778
0.150277472589
0.141881760808
0.127674139387
0.102692509097
0.0618823745023
0.131644115056
0.131303333803
0.130751733257
0.129916312413
0.128934229212
0.127784645421
0.126542421204
0.125222163106
0.123858592655
0.122469658413
0.121072902733
0.119680487834
0.11830217549
0.116945598434
0.115617280041
0.114323263234
0.113069612342
0.111862695681
0.110709289982
0.109616546234
0.108591871228
0.107642773771
0.106776710803
0.106000953157
0.105322492131
0.104748006936
0.104283801497
0.103935443704
0.103707369008
0.103604354045
0.103635127302
0.103806721528
0.104113498155
0.104545134665
0.105097620931
0.105764773022
0.106541665876
0.107422435569
0.108400850061
0.109473458575
0.110631500301
0.111873732894
0.11318984307
0.114575855493
0.116022980219
0.117518984297
0.119058728683
0.120639252124
0.122242550589
0.123876173154
0.125526338396
0.127193885877
0.128877728062
0.130579718213
0.132303239115
0.134050930155
0.135823944222
0.137620329296
0.139433866892
0.141253428589
0.143062753455
0.144840605572
0.146561160225
0.148194420809
0.149706447486
0.151059152845
0.152209379381
0.153106889812
0.153690738772
0.153883197941
0.153579882704
0.15263382372
0.150829658374
0.147841580416
0.14316413418
0.136000998372
0.12507687606
0.108426389335
0.0825364217304
0.0467209359446
0.129608070166
0.129293859111
0.12877884669
0.127999337123
0.127081323979
0.126003451613
0.124837219891
0.12359422978
0.122307871832
0.120994282159
0.119670174356
0.118346939164
0.117033962621
0.115738683913
0.114467622064
0.11322693342
0.112022867151
0.110861998816
0.109751297149
0.108698064587
0.107709807378
0.106794082429
0.105958353064
0.105209871826
0.104555625935
0.104002371547
0.103556551081
0.103223783468
0.103008910301
0.102918858952
0.102964493801
0.103147182988
0.103464423395
0.103903475269
0.104460437719
0.105127680648
0.105900694298
0.106773632019
0.107739451604
0.108796361103
0.10993408861
0.111152390117
0.112439576161
0.113790555557
0.115195415792
0.116649477157
0.11814386472
0.119672825274
0.121228325713
0.122805538676
0.124396652146
0.12599942473
0.127613168417
0.129238998093
0.130878909448
0.132533971414
0.134202933319
0.135880825367
0.137557913342
0.139219164098
0.14084414712
0.142407250611
0.143878033281
0.145221498506
0.146398063916
0.147362982977
0.148064938687
0.148443452718
0.148424610447
0.147914358824
0.146788240194
0.144875820817
0.141937168755
0.137627637208
0.131445502151
0.122659239655
0.110198122294
0.0926126723955
0.0674577977946
0.035901616535
0.127775301241
0.12748393926
0.127001076833
0.12627113688
0.125409973392
0.124396125002
0.123297935152
0.122124359812
0.120907626043
0.119662183276
0.118404022199
0.117143806198
0.115890580893
0.114651593958
0.113433343905
0.112242062507
0.111084128985
0.109966258123
0.108895533993
0.107879328996
0.106925165676
0.106040565984
0.105232918789
0.104509380898
0.103876865756
0.103342176248
0.102911909279
0.102591619177
0.102386387023
0.102306555967
0.102367720294
0.102561083121
0.102885800678
0.103329620266
0.103888822706
0.10455356697
0.105320092636
0.106182906501
0.107133777556
0.108172213598
0.109285873228
0.110473994393
0.111723988967
0.113031550374
0.11439465403
0.115799730805
0.11724653408
0.118724431373
0.120224722374
0.121740898714
0.123266796867
0.124799248823
0.126337197101
0.127880972335
0.129431125149
0.130986738323
0.132543867738
0.134094246686
0.135624420775
0.137115385006
0.138542630269
0.13987643116
0.141082172042
0.142120495471
0.14294705721
0.143511667633
0.143756575363
0.143613592675
0.142999660284
0.141810289181
0.139910087612
0.137119292958
0.133194907305
0.127804988869
0.120494618765
0.110647215413
0.0974328903801
0.0798677666637
0.0563259658956
0.0289243933686
0.126142395433
0.125870533942
0.125415775801
0.124729547062
0.123918568214
0.122961596058
0.121924037178
0.120812539631
0.119658331977
0.118474303831
0.117275831065
0.116072893843
0.114874232917
0.113686903572
0.112517365119
0.111371884515
0.1102569161
0.109179248141
0.108146007866
0.107164561965
0.106242374241
0.105386859591
0.104605267559
0.103904606036
0.103291668213
0.102773275629
0.102356200113
0.102045945632
0.101847893846
0.101776155137
0.101850312625
0.102054276835
0.102383412719
0.102829082813
0.103388513314
0.104048731173
0.10480660019
0.105656943924
0.106589247637
0.10760338833
0.108685346681
0.10983211472
0.111044523823
0.112306085634
0.113622958116
0.114982192627
0.116376957325
0.117798294264
0.119237609973
0.120687759926
0.12214296398
0.123599737627
0.125056533288
0.126512762611
0.127967385803
0.129417219262
0.130855391078
0.132270194453
0.133644449213
0.134955355882
0.136174704156
0.137269235841
0.138200948546
0.138927135981
0.139399976939
0.139565493926
0.139361694137
0.13871567456
0.137539417493
0.135723925758
0.133131261949
0.129584007717
0.124851716266
0.118634436409
0.110543975481
0.100089361747
0.0866592254999
0.0696234700707
0.047897349542
0.0238769910015
0.124705421618
0.124450084731
0.124019758328
0.123371852799
0.122604931498
0.121698219666
0.120714419241
0.11965818133
0.118559897212
0.117431020787
0.116286421047
0.115135437135
0.113986540343
0.112846590649
0.111721989249
0.110618999102
0.109544098668
0.108504091057
0.107506084328
0.106557374211
0.105665305619
0.104837134149
0.104079930037
0.10340053322
0.102805595511
0.102301901336
0.1018963782
0.101594615764
0.101402628944
0.10133720195
0.10141699663
0.101629224595
0.101963027773
0.102408885407
0.102967080979
0.103620798107
0.104365737528
0.105198097769
0.106103517321
0.107081181429
0.108130050712
0.109234814239
0.110404277075
0.111625380632
0.112894018122
0.114201432461
0.11553948447
0.116899401711
0.118272617675
0.119651800164
0.121031283276
0.122407420112
0.123778144037
0.125141814858
0.126495634698
0.127833953053
0.129146840345
0.130419166322
0.131630234451
0.132753878714
0.13375883576
0.134609172244
0.135264558546
0.135680210392
0.13580635071
0.135587064549
0.134958425709
0.133845766147
0.132159943172
0.129792447624
0.126609210577
0.122443060866
0.117085021636
0.110275314573
0.101695534094
0.0909688113371
0.0776590854211
0.0613831669726
0.0414038360564
0.0200695049776
0.123460097758
0.123218732227
0.122809500909
0.122194971127
0.121466478372
0.120603909137
0.119667503219
0.118660199005
0.117611708057
0.116532167255
0.115436045376
0.114332079428
0.113228506594
0.112131987143
0.111048846744
0.10998530844
0.108947830556
0.107943182932
0.106978406411
0.106060669737
0.105197152846
0.104394917242
0.10366082515
0.103001539514
0.102423539151
0.101933402694
0.101538086632
0.101243072993
0.101055107163
0.100994032911
0.101075705332
0.101296179731
0.101634575349
0.102078503359
0.102630073229
0.103272162096
0.103993185633
0.104795953741
0.105672584336
0.10661310172
0.10762418237
0.108693854346
0.109819701892
0.110994122785
0.112210836957
0.113461906712
0.114738811525
0.116032707767
0.117335086676
0.118638646524
0.119937813757
0.1212288185
0.12250903585
0.123775643035
0.125023924879
0.12624563865
0.12742779676
0.128552042749
0.12959459338
0.130526581436
0.131314572228
0.131921027625
0.132304528654
0.132419615328
0.132216143354
0.131638085075
0.130621717718
0.129093150979
0.126965157804
0.124133301342
0.120471420383
0.115826691577
0.110014767922
0.102816137959
0.0939752193942
0.0832082904407
0.070209665633
0.0547591177248
0.0363435067244
0.017116458254
0.122401832599
0.122172523142
0.121781298672
0.121195593421
0.120500339519
0.11967624024
0.118781322072
0.117817069448
0.116812668959
0.115777052254
0.114724392889
0.113662860381
0.112600493152
0.111543745976
0.11049885377
0.1094719678
0.108469489891
0.107498120873
0.106564807936
0.105676537405
0.104840288499
0.104062916213
0.103351062317
0.1027112347
0.102149808318
0.101672818463
0.101287014199
0.100996876488
0.100811152725
0.100758869209
0.100840095514
0.101067095007
0.101405528869
0.101841326719
0.102369286977
0.102990251071
0.103686115288
0.104457098352
0.105302623532
0.106212907222
0.107185526376
0.108213784419
0.109292875166
0.1104163734
0.111577367644
0.112767931266
0.113979415688
0.115202940111
0.116430097542
0.117653740897
0.118868431208
0.120070280159
0.121256036348
0.122421558886
0.123560084332
0.124660742426
0.125707636403
0.126679572843
0.127550323871
0.128289193485
0.128861636934
0.129229717329
0.129352243747
0.129184494128
0.128677471293
0.127776670081
0.126420353296
0.124537352572
0.122044436973
0.118843342072
0.114817641315
0.109829809135
0.103719081258
0.0963012514622
0.0873716893822
0.0767166768165
0.0641217072071
0.0494687508075
0.032392522339
0.0147971231616
0.121525609388
0.121307755467
0.120931394074
0.120370297796
0.119703457814
0.118912534041
0.118053586494
0.117126882747
0.116161237546
0.115164481616
0.11415059671
0.113127214469
0.112102209853
0.111081824295
0.110072188392
0.109079352732
0.108109633813
0.107169639322
0.106266239608
0.105406155445
0.104596126115
0.103842814494
0.103152639169
0.102531949659
0.101987527912
0.101524042889
0.101148068881
0.100863385996
0.100686126013
0.10065545625
0.100725699356
0.100939425736
0.10126194869
0.101682335525
0.102186639227
0.102781566228
0.103454110608
0.104198489425
0.10501074706
0.105884580062
0.106815600657
0.107798310147
0.108827204412
0.109895948215
0.110997392419
0.11212348205
0.113265486193
0.114414546994
0.115562428859
0.11670223514
0.117828707276
0.118937814357
0.120025578061
0.121086401342
0.122111389102
0.123087119353
0.12399509939
0.124811880197
0.125509621749
0.126056833962
0.126419037988
0.126559159311
0.126437540567
0.126011524955
0.125234603666
0.124055146833
0.122414756275
0.120246298902
0.11747171157
0.113999722721
0.109723724398
0.104520182791
0.098248184323
0.0907511403574
0.0818616990741
0.0714140006663
0.0592524396431
0.0453177911955
0.0293442464775
0.0129778456437
0.120825574825
0.120621714685
0.120256048876
0.11971563107
0.119072665222
0.118309925942
0.117481741131
0.11658738699
0.115655458032
0.114692782109
0.113713250573
0.112723981529
0.111732721202
0.110745486541
0.109768289809
0.108807050609
0.107867974639
0.106957545782
0.106082682088
0.105249674225
0.104464948444
0.103735025382
0.103066144203
0.102464389752
0.101939325865
0.101490613876
0.101125756418
0.100848918221
0.100673924138
0.10063827207
0.100704640893
0.100904000591
0.101208525787
0.101609753226
0.10209722554
0.102666775926
0.10331063655
0.104022694778
0.10479805247
0.105631255929
0.106517277695
0.107450736899
0.108425870713
0.109436200405
0.110474380215
0.111532200832
0.112600874026
0.113671632351
0.114736495763
0.115788899167
0.116823789086
0.117836930753
0.118823486906
0.11977627483
0.12068425487
0.121531661737
0.122297892685
0.122958003955
0.123483530632
0.123843329884
0.124004209941
0.123931198908
0.123587391382
0.122933369763
0.121926231013
0.120518267973
0.118655367736
0.116275207345
0.113305355474
0.109661438084
0.105245600202
0.0999456330442
0.0936352965414
0.0861767413736
0.0774259554736
0.0672445522468
0.0555090111269
0.0421862346072
0.0270760135659
0.0115799803216
0.120298785693
0.120109890167
0.119751134763
0.119227944782
0.118604723081
0.117865421944
0.117063013088
0.116196029626
0.115292992998
0.114359825859
0.113410425777
0.11245141794
0.111490452781
0.110533307297
0.109585858153
0.108653854627
0.107743368368
0.106860704718
0.106013484445
0.10520684058
0.104446660395
0.10373951748
0.103091469226
0.102506989435
0.101995317753
0.10155908765
0.101203998228
0.100932925223
0.100755437996
0.100702645776
0.100779960958
0.10097390722
0.101262637017
0.101641834704
0.102104769088
0.102645007518
0.103255970624
0.103931610459
0.104666550221
0.105455435869
0.106292997709
0.107173728241
0.108091649434
0.109040065275
0.110011417705
0.110997345513
0.111989040384
0.112977900545
0.113956289894
0.114918038127
0.115858284852
0.116772484101
0.117654781065
0.118496305794
0.119283957758
0.119999987328
0.120622338172
0.121125486149
0.121481435971
0.121660577724
0.121632204798
0.121364601761
0.12082469208
0.119977282719
0.118783963461
0.117201726305
0.115181375764
0.112665810724
0.109588277241
0.105870726364
0.101422463601
0.096139396238
0.0899043010537
0.0825889442988
0.0740589602119
0.064184205427
0.0528493535001
0.0400191695514
0.025531229581
0.0105643921473
0.11994309766
0.119765870182
0.119413270647
0.118904998609
0.118296671268
0.117576033907
0.116794469264
0.115950001241
0.115071170356
0.114163103345
0.113239778015
0.112307349859
0.111373399621
0.11044344678
0.109523208745
0.108618196508
0.107734264865
0.106877111875
0.106053801826
0.105270171952
0.104532130341
0.103845545937
0.103216257759
0.102647741354
0.10214651141
0.101722797581
0.101379566888
0.101120262778
0.100954602168
0.100899207837
0.100972782273
0.101151901075
0.101420025443
0.101774045419
0.102208300092
0.102715933836
0.103290572635
0.103926276148
0.104617479684
0.105358744852
0.106144618278
0.106969389943
0.10782684168
0.108710026493
0.109611162001
0.110521752034
0.111433020654
0.112336615521
0.113225328865
0.114093419864
0.114936158551
0.11574852892
0.116523486051
0.117250426044
0.117914394393
0.118496176614
0.118973075022
0.119320014039
0.1195106134
0.119517961709
0.11931494999
0.118874135059
0.118167171467
0.117163880276
0.115831027974
0.114130884568
0.112019624874
0.109445635294
0.106347789757
0.102653770917
0.0982785339892
0.0931231122165
0.0870740205746
0.0800040568023
0.0717752849667
0.0622467029658
0.0512868001522
0.0388265378431
0.0247133525483
0.00992388997281
0.119752598577
0.119583664779
0.119236626993
0.118741172346
0.118144115545
0.11743827681
0.116672964007
0.115846276865
0.114986835132
0.11409921799
0.113197548707
0.112287587356
0.111376860063
0.110470613142
0.109574371524
0.108693344639
0.107833128482
0.106998949618
0.106196611644
0.105433565309
0.104716027223
0.104048976434
0.103438173869
0.102887710076
0.102403028747
0.101994201925
0.101664336129
0.101417609168
0.101263863455
0.101205954292
0.101269266136
0.10143068251
0.101676356237
0.102003130556
0.102405934749
0.102878219556
0.103413755799
0.104006667387
0.104651300079
0.10534208992
0.106073396704
0.106839278495
0.107633252808
0.108448103692
0.10927582527
0.110107818416
0.110935406917
0.111750577206
0.112546619761
0.113318214551
0.114060635489
0.114768187697
0.115432472033
0.116041191461
0.116577890293
0.117022567712
0.117352824141
0.117545126263
0.117575843629
0.117421846675
0.117060597566
0.116469766048
0.115626450357
0.114506091831
0.1130811611
0.11131967746
0.109183606308
0.106627160815
0.103595010998
0.100020382197
0.0958230062916
0.0909069634648
0.0851584350544
0.0784441493798
0.0706107468227
0.0614880519618
0.050901477762
0.0387035196727
0.0247127785481
0.00969769984288
0.119721172599
0.119557806722
0.119213718887
0.118728209203
0.118140112002
0.117445912882
0.116692866397
0.115879775611
0.11503530701
0.114163807361
0.113279568633
0.112388088565
0.111496858426
0.110610889149
0.109735528613
0.108875723468
0.108036865297
0.107224197089
0.106443218859
0.105700999639
0.105003523713
0.104355753449
0.103763368872
0.103231010615
0.102763484083
0.102369076118
0.102051110477
0.101812309412
0.101667223982
0.10161297707
0.101664575109
0.101805739346
0.10202704434
0.102324988792
0.10269457607
0.103129615984
0.103624036702
0.104172003824
0.104767809626
0.105405765876
0.106080040653
0.106784445695
0.107512219534
0.108255871553
0.109007187638
0.109757513349
0.110498352168
0.111222117199
0.111922638512
0.112594946888
0.113234119656
0.113833535941
0.114383319927
0.114869644302
0.115275064822
0.11557961634
0.11576222271
0.11580199365
0.115679110466
0.115375170147
0.11487299817
0.11415601914
0.113207295819
0.112008334576
0.110537730696
0.108769700201
0.106672514562
0.104206814142
0.10132371876
0.0979625858082
0.0940481880044
0.0894871044629
0.0841630050821
0.0779315681892
0.0706142074478
0.0619961079009
0.0518329554668
0.0398461912738
0.0257759194404
0.0100417166229
0.119843951073
0.119684219426
0.1193403816
0.11886105468
0.11827830184
0.117592204314
0.116847763504
0.116044767155
0.115211675342
0.114352836684
0.113482629329
0.112606407337
0.111731628437
0.110863132026
0.110006123398
0.109165354949
0.108346012769
0.107553333751
0.106792664699
0.106070452541
0.105392340684
0.104763307114
0.104188743068
0.103673365905
0.103221548404
0.102840155608
0.102532835868
0.102301867613
0.102159530274
0.102107951926
0.102147989667
0.102269173614
0.102466010439
0.10273481566
0.103070544151
0.103467366147
0.103919436174
0.104420997285
0.104966318158
0.105549597963
0.106164812247
0.106805518899
0.107464670958
0.108134508095
0.108806636806
0.109472409336
0.110123596532
0.110753113511
0.111355324093
0.11192545947
0.112458122922
0.112945507771
0.113376223094
0.113735227139
0.114004760241
0.114165828327
0.114199738059
0.11408928878
0.113819403717
0.113377165284
0.11275134237
0.11193154484
0.110907133467
0.10966598319
0.10819316318
0.106469562253
0.104470443884
0.102163848757
0.0995086644829
0.0964520526352
0.0929257554614
0.0888406909542
0.0840789129363
0.0784831288207
0.0718410928614
0.0638759418344
0.0542363981517
0.0424687846384
0.0282266294666
0.0112033777102
0.120117075055
0.119959598353
0.119613729924
0.119136974245
0.118555719619
0.117873884091
0.117134198957
0.116337662691
0.115512314287
0.11466270307
0.113803199329
0.112939117278
0.112077870187
0.111224179286
0.110383116587
0.109559267949
0.10875757885
0.107983123599
0.107241038897
0.106537336521
0.105877378447
0.105266028609
0.10470829246
0.104208719552
0.103771377644
0.103401949578
0.10310409975
0.102880213546
0.102738025569
0.102684717535
0.102713390105
0.102815843743
0.10298877627
0.103228637548
0.103530455906
0.10388872278
0.104297831653
0.104752122877
0.105245851268
0.105773103363
0.10632765571
0.106902804186
0.107491213514
0.108084866433
0.108675230469
0.109253737537
0.109812513232
0.110345021574
0.110846084205
0.111310884279
0.111733206153
0.112103826527
0.11240993204
0.112635756016
0.112764041934
0.11277777237
0.112661671778
0.112403161008
0.111992652183
0.111423250163
0.110690016293
0.109788960121
0.108715892153
0.107465228183
0.106028797145
0.104394664388
0.102545925359
0.100459334881
0.0981035039417
0.095436213562
0.0924001342043
0.0889159208374
0.0848708802611
0.0801017061409
0.0743642427878
0.0673025683392
0.058380460227
0.0468561016579
0.0321664085768
0.012898917545
0.120537200503
0.120380888236
0.120030907652
0.119553408335
0.118970019703
0.118288570238
0.11754962529
0.116755648229
0.115934150273
0.115090083073
0.114237742608
0.113382502871
0.1125317176
0.111690028791
0.110862366047
0.110053150196
0.109267071997
0.108508969682
0.107783729158
0.107096970825
0.106453786732
0.105858853282
0.105316791891
0.104831863067
0.104407818184
0.104049279962
0.103759591607
0.103541657967
0.103398596978
0.103340757346
0.103357728914
0.10344222611
0.103591818414
0.103803111494
0.104071292181
0.104391106644
0.104757137911
0.105163800855
0.105605316724
0.106075639043
0.106568326437
0.107076398809
0.107592229637
0.10810756276
0.108613776064
0.109102459908
0.109566170026
0.109998916674
0.110395806857
0.110751618499
0.111058933232
0.111306966325
0.111481749756
0.11156746005
0.111548276587
0.111410181108
0.11114226561
0.110737334393
0.110191811583
0.109505116796
0.108678714425
0.107715014713
0.1066162525
0.105383422612
0.104015313199
0.102507635954
0.100852185042
0.0990358528584
0.0970391869448
0.0948339864098
0.0923791661954
0.0896137135112
0.086444518815
0.0827260717139
0.0782202625962
0.0725386786499
0.0649631565859
0.054320723217
0.0388484130961
0.0146888592943
0.121101278308
0.120945183562
0.120589008652
0.120107538685
0.119518447697
0.118833462993
0.118091145922
0.117295657283
0.116473942738
0.11563154917
0.114782659611
0.113932802134
0.113089259196
0.112256625501
0.111439679195
0.110642672804
0.109870041132
0.109126356945
0.108416225466
0.107744848022
0.107117013807
0.10653715138
0.106009499219
0.105537941787
0.105125841226
0.104776878782
0.104493631942
0.104281526359
0.104138241231
0.104074098917
0.104078556599
0.104145352227
0.104272074543
0.1044552929
0.104690350003
0.104972162827
0.10529541297
0.105654525672
0.106043639227
0.106456532772
0.106886514012
0.107326304986
0.107767982912
0.108203074188
0.108622922368
0.109019353379
0.109385400506
0.109715540969
0.110004870994
0.11024730137
0.110433841153
0.110552151902
0.110587585483
0.110525094009
0.110351294507
0.110056147884
0.1096339194
0.109083342726
0.1084071261
0.107611042691
0.10670283653
0.105691115842
0.104584342916
0.103389985575
0.102113862234
0.100759666829
0.0993285841054
0.0978187988751
0.0962245808551
0.094534501109
0.0927281822647
0.0907707558929
0.0886035214495
0.0861288278277
0.0831799003752
0.0794788406466
0.0744589991066
0.0671537917895
0.0544431060696
0.0262542893993
0.121806493202
0.121649755707
0.121285229644
0.120796517738
0.12019806912
0.119505506963
0.118755596695
0.117954387672
0.117128263881
0.116283537562
0.115434261983
0.114586203735
0.113746568971
0.112919932427
0.112110916124
0.111323599162
0.110562155963
0.109830869112
0.109134035452
0.108476412798
0.107862446147
0.107296256406
0.106781685964
0.106322190733
0.105920671505
0.105579929738
0.105301065386
0.105093058326
0.104952834026
0.104881874825
0.104873058967
0.104922174252
0.105026521041
0.105182388509
0.105385149988
0.105629772596
0.105910927381
0.106222964899
0.10655987261
0.106915199073
0.107281956769
0.107652540797
0.108018724718
0.108371841415
0.108703257725
0.109005100461
0.109270878371
0.109495346752
0.109673148806
0.109796791068
0.109855432283
0.109835405441
0.109722074244
0.109502129581
0.109165640927
0.108707424258
0.108127526994
0.107430908451
0.106626569963
0.105726429244
0.104744168613
0.1036942059
0.102590873334
0.101447855155
0.100277904571
0.099092806666
0.0979034656189
0.0967198932761
0.0955507973846
0.0944024385144
0.093276431456
0.0921662004594
0.0910516917018
0.089892451651
0.0886162033103
0.0871174809638
0.0851999306699
0.0828207437293
0.0793140939105
0.0774729816465
0.122650245457
0.122492059111
0.122116925796
0.121617609846
0.121006007633
0.12030166719
0.119539802502
0.118728508101
0.117893646916
0.117042441438
0.11618881822
0.115338854431
0.114499682298
0.11367587827
0.112871906218
0.112091664387
0.111339058662
0.110618058834
0.109932628634
0.109287068743
0.108685442723
0.108131515744
0.107628726512
0.107180105111
0.106788137537
0.106455049539
0.106181577049
0.105974157272
0.105834365627
0.105757046318
0.105736136827
0.105768726866
0.105851927616
0.105981743469
0.106153500157
0.106362143239
0.1066022629
0.106868061771
0.107153304939
0.107451245667
0.107754548408
0.108055246019
0.108344798931
0.108614371942
0.108855409999
0.10906038018
0.109223186719
0.10933852638
0.109399993844
0.109398144543
0.109320198023
0.109151649423
0.108878768587
0.108491029227
0.107982918304
0.107354818532
0.10661292848
0.105768460601
0.104836458579
0.103834547115
0.102781814586
0.101697941114
0.100602630827
0.099515384335
0.0984556144008
0.0974430335749
0.0964981373839
0.0956425163664
0.0948987084495
0.0942893662554
0.0938356386297
0.0935548285455
0.0934575155973
0.0935449337022
0.0938059875355
0.0942257219146
0.0947583136727
0.0955381575552
0.0961587509462
0.0987881188921
0.123630090689
0.123469692239
0.123081586757
0.122568189346
0.121939474345
0.121218980119
0.120440640242
0.119614724179
0.11876664898
0.117904668447
0.117042604674
0.116186904588
0.115344636016
0.11452039287
0.113718480716
0.112942608622
0.112196405275
0.111483509895
0.110807531721
0.110172306203
0.109581482767
0.109038432118
0.108546177387
0.108107321125
0.107723942754
0.107397733154
0.1071292864
0.106922380627
0.106781202058
0.106697649787
0.106665743854
0.106683007544
0.106746371956
0.106851587653
0.106993850314
0.107167990343
0.107368428887
0.107589130509
0.107823549934
0.108064566596
0.10830443372
0.108534780077
0.108746741459
0.108931340065
0.109080143349
0.109185952816
0.109242872976
0.1092450191
0.109184212545
0.109048608525
0.108823685325
0.10849487408
0.10805040712
0.107483603671
0.106794216736
0.105988688378
0.105079466797
0.104083772816
0.103022199787
0.101917444385
0.100793313613
0.0996740781183
0.0985842050969
0.0975484927652
0.0965925782046
0.0957436824256
0.095031330978
0.094487723704
0.0941474726902
0.0940465692153
0.0942206119722
0.0947024859645
0.0955197534175
0.0966922682167
0.098229379767
0.100132448929
0.102368886636
0.104992384929
0.107513817025
0.111173215556
0.124743690484
0.124580348809
0.124176790254
0.123645695801
0.122995726381
0.122254516969
0.121455013874
0.120609768342
0.119743856483
0.118866661394
0.117991940419
0.117126556644
0.116277529443
0.115449480497
0.114646558638
0.113872275603
0.113129974754
0.112422951059
0.111754440977
0.111127809897
0.110546265019
0.110012748138
0.109529845344
0.109099714822
0.108724031272
0.10840404103
0.108141044726
0.107934690844
0.107791296462
0.107701711895
0.107659927246
0.107663244042
0.107708280333
0.107790555076
0.10790507677
0.108046462677
0.10820886156
0.108385895515
0.108570608409
0.108755416764
0.108932091398
0.109091810313
0.109225372312
0.109323680178
0.109378446961
0.109382731055
0.109330478834
0.109214486468
0.109024023081
0.108744634899
0.108360618104
0.107858376081
0.107229261437
0.106471448968
0.105590622584
0.10459951122
0.103516625027
0.10236468796
0.101169138805
0.0999569533632
0.0987558559906
0.0975939503523
0.096499784194
0.0955028553412
0.0946344791052
0.0939287800049
0.0934234345465
0.093159778357
0.0931820231579
0.0935355294284
0.0942642473765
0.095407514017
0.096996330916
0.0990491588016
0.101566199256
0.104523672213
0.107846517655
0.111455166908
0.114799177583
0.118537857463
0.12598871574
0.125821741272
0.125400139307
0.124847580525
0.124172021502
0.123405344931
0.122579825342
0.1217103824
0.120821880466
0.119924907478
0.119033210043
0.118154101395
0.117294573279
0.116459280554
0.11565221788
0.114876691839
0.114135752848
0.113432340828
0.112769304266
0.112149536648
0.111575781502
0.111050522394
0.110575879068
0.110153514398
0.109784582694
0.109469290345
0.109211997784
0.10900909772
0.108863754131
0.108768313123
0.108717526974
0.108708217869
0.10873653919
0.108797728771
0.108886515185
0.108997177884
0.109123467448
0.10925854382
0.109394929122
0.109524480149
0.109638408382
0.109727391466
0.109781878878
0.109792670341
0.109751610638
0.10965182898
0.109486533445
0.109246252617
0.108917013286
0.10848193697
0.107925083937
0.107235071951
0.106407557998
0.105446452208
0.104363786415
0.103178505829
0.101914709113
0.100599883782
0.0992634380546
0.0979357211304
0.0966475021102
0.0954299134596
0.0943148667331
0.0933359309505
0.0925295102422
0.0919359424375
0.0916000196424
0.0915705153695
0.0918985381767
0.0926347697481
0.0938257650679
0.0955094721388
0.0977099586632
0.100431114956
0.103648292371
0.107297954321
0.111253378025
0.115332231573
0.11903078429
0.122657954114
0.127362765301
0.127191514636
0.126749182392
0.126171238315
0.125465562891
0.124668483009
0.123811941739
0.122913295797
0.12199734616
0.121075939567
0.120162876301
0.119265941706
0.118392123481
0.117546110456
0.116731745649
0.115952122732
0.115209992095
0.114507930114
0.113848385567
0.113233781414
0.112666386009
0.112148209755
0.111680898884
0.111265627597
0.110903068353
0.110592634046
0.110339238662
0.110140881851
0.10999479746
0.109894739742
0.109836461736
0.109816365714
0.109830079299
0.109872478685
0.109937919129
0.110020233247
0.110112656678
0.110207769868
0.110297461298
0.110372928563
0.110424744053
0.110443034599
0.110417887971
0.110340002228
0.110201281346
0.109994578199
0.109711498725
0.109339213809
0.108860117206
0.10825560292
0.107510792824
0.10661788464
0.105577964519
0.104401345768
0.103106521737
0.101718268665
0.100265531702
0.0987796262635
0.0972929284442
0.0958381884508
0.0944483160709
0.0931566562543
0.0919977714303
0.0910086954085
0.0902303652878
0.089708667864
0.0894944880227
0.0896423832263
0.0902078532175
0.0912434090418
0.0927936859868
0.0948897318718
0.0975423834274
0.100734457804
0.104411007645
0.108467631871
0.112730619335
0.116956063821
0.12073016191
0.124018200332
0.128863210945
0.128687113952
0.128221300056
0.127613910891
0.126873418562
0.126040835542
0.125148142798
0.124215186815
0.123266867548
0.122316323983
0.121377480262
0.120458604241
0.119566703314
0.11870649669
0.117881677139
0.117095117509
0.116349261535
0.115646315487
0.114988319996
0.114377231307
0.113814839814
0.113302680331
0.112841934408
0.112433325073
0.112077099084
0.111772350265
0.111522307287
0.111327695842
0.111182088479
0.11107929567
0.111015554052
0.110986936781
0.110988552883
0.111014831262
0.1110596577
0.11111631576
0.111177412265
0.111234828581
0.111279703466
0.111302471618
0.111292983306
0.111240763782
0.11113552374
0.110967833256
0.110729493599
0.11041249794
0.11000565943
0.109491733271
0.10884963403
0.108060278989
0.107111409254
0.106000194717
0.104734121112
0.103330280396
0.101813396887
0.100213381298
0.0985630477282
0.0968964559994
0.0952478718723
0.0936514520704
0.0921413446055
0.0907523059307
0.0895208746149
0.0884870201864
0.0876957714546
0.0871980351493
0.0870499283353
0.0873103972316
0.088037321754
0.0892824792262
0.091085669673
0.0934681110813
0.0964249883436
0.0999169602652
0.103860138083
0.10811483593
0.112471687787
0.116657730469
0.120263986961
0.122768712016
0.130487052575
0.130305630599
0.129813559726
0.129172557598
0.128392409547
0.127519097177
0.126585042754
0.125612621223
0.124627002408
0.123642631267
0.122673626653
0.121728738003
0.12081501358
0.119937195003
0.119098824162
0.118302544714
0.117550487479
0.116844483563
0.116186159731
0.115577010033
0.115018347962
0.114511232508
0.114056382802
0.113654086204
0.11330416626
0.113005539287
0.112759662732
0.112568857452
0.112424936144
0.112321434135
0.112254557428
0.112219990784
0.112212321523
0.112225455697
0.112252708828
0.112286705726
0.112319303142
0.112341556106
0.112343730676
0.112315389352
0.11224557388
0.112123157014
0.111937447519
0.111678816023
0.111338664429
0.110907203785
0.110368960512
0.109701548984
0.108881311732
0.107890427954
0.106720951757
0.105376338221
0.103871186167
0.10222937818
0.100481276046
0.0986609418226
0.0968038931994
0.0949457583457
0.0931215863237
0.0913659636954
0.0897133993157
0.0881992941565
0.0868615599511
0.0857427123133
0.0848916322244
0.0843639542248
0.0842204471243
0.0845234494601
0.0853318560327
0.0866951897395
0.088647089059
0.0911982847948
0.0943289580656
0.0979803917267
0.102045471419
0.106359314714
0.110692674813
0.114750677426
0.118066764819
0.120497560641
0.132230671477
0.13204358268
0.131522522291
0.130843686025
0.130018963185
0.12909962743
0.128118985357
0.127101967382
0.126074186641
0.125051388657
0.124047952899
0.12307309812
0.122133929221
0.12123519781
0.120380291422
0.119571615636
0.118810982503
0.118099844443
0.117439411296
0.116830720004
0.116274610315
0.115771665625
0.115322141094
0.114925905886
0.114582416475
0.114291124596
0.114050368951
0.113864017198
0.113723212268
0.113621232796
0.113553839108
0.113516187467
0.1135023315
0.11350559666
0.113518625857
0.113533263369
0.113540482828
0.1135303763
0.113492206663
0.113414548959
0.113285547114
0.113093369177
0.112826875809
0.112476100223
0.112031539943
0.111480240862
0.110800810032
0.109965728953
0.108950509791
0.107740660233
0.106334245001
0.104742122473
0.102986357156
0.101097220329
0.0991097630822
0.0970609756279
0.0949877855573
0.0929261803397
0.0909109021504
0.0889760423035
0.0871556291928
0.0854849871604
0.0840029098328
0.0827542880343
0.0817919146857
0.0811761886762
0.0809723083443
0.0812454659621
0.0820548632027
0.08344719435
0.0854498947039
0.0880641539849
0.0912576134941
0.0949567502897
0.0990387365414
0.103326334947
0.107583185719
0.111485524855
0.114682127345
0.117554533689
0.134089591839
0.133896663896
0.133344004628
0.132623139702
0.131748928429
0.130778292638
0.129745910786
0.128679286915
0.127604647239
0.126539013495
0.125497080993
0.124488513733
0.123520480973
0.122597727135
0.12172347864
0.120899893677
0.120128460561
0.119410251725
0.118746060706
0.118136474658
0.117581865593
0.117082339091
0.116637656706
0.116247178136
0.115909453473
0.115626459059
0.115394253556
0.115213982337
0.115077882589
0.114979630383
0.114914406747
0.1148767222
0.114860042331
0.114857021952
0.114859503013
0.114858406042
0.114843674088
0.114804290575
0.114728377921
0.114603402499
0.114416519298
0.114155133277
0.113807572192
0.113363301139
0.112811074978
0.112132835613
0.111299884984
0.110280705238
0.109052443641
0.107606125649
0.105947398788
0.104095320184
0.102079319732
0.0999352228419
0.0977015055412
0.0954166891802
0.0931177571731
0.0908398744665
0.088616439094
0.0864802000757
0.0844638966263
0.0826021110408
0.0809341997487
0.0795075863816
0.0783794468029
0.0776153848918
0.0772851935712
0.0774568110173
0.0781895844251
0.0795275151038
0.0814926611517
0.0840785534476
0.0872434669962
0.0909033287314
0.0949251110048
0.0991282179744
0.10327172822
0.107016368355
0.110328224635
0.113124178279
0.136058111158
0.135859406236
0.135272778443
0.134505833771
0.133577347871
0.13255027213
0.131461192563
0.130340199945
0.129214293284
0.128101727233
0.127017551788
0.125971839552
0.124971821373
0.12402221232
0.123126067457
0.122285288312
0.121501036226
0.12077400585
0.120104580602
0.119492911584
0.118938920763
0.118442257324
0.11800221692
0.117617701411
0.117286575297
0.117011290591
0.116789442188
0.116617585114
0.11648867123
0.116396940921
0.116337082228
0.11630291651
0.116287240878
0.116281939514
0.116277931383
0.116265075582
0.116232138813
0.116166849143
0.116056046774
0.115885962624
0.11564267063
0.11531273574
0.114883809633
0.11434442608
0.113680221681
0.112865580159
0.111863990435
0.110642404044
0.109182501169
0.107482944167
0.105558276571
0.103436094064
0.101152576462
0.0987478576221
0.0962623257394
0.0937345448785
0.0912002110198
0.088692569223
0.0862427138947
0.0838813025465
0.0816389881299
0.0795490200549
0.0776512714419
0.0759963383262
0.0746467831291
0.0736743037807
0.0731538030141
0.0731561657394
0.0737410473503
0.0749502595745
0.0768017099793
0.0792835736184
0.0823483582833
0.0859059992947
0.089817623536
0.0938920307874
0.097850943455
0.101627874882
0.104870541732
0.107383102847
0.138128942273
0.137924803394
0.137302213075
0.13648543633
0.135498183094
0.134409826171
0.133259443394
0.132079724646
0.130898585305
0.129735450468
0.128605742154
0.127519891272
0.126485175165
0.125506252151
0.124585992521
0.123726032613
0.122927206405
0.122189837699
0.12151391276
0.120899168018
0.120345104317
0.119850952867
0.119415599691
0.11903755638
0.11871435105
0.118447434642
0.118236516108
0.118075298441
0.117956463853
0.117874451486
0.117823525126
0.11779680856
0.11778633851
0.11778311849
0.117777023306
0.117756713878
0.11770963195
0.117622097721
0.117479517431
0.117266751508
0.116968697628
0.116570960389
0.116060301202
0.115423742731
0.114641603428
0.113678093525
0.112490019981
0.111046468923
0.109336611439
0.10736864276
0.105166906056
0.102767300747
0.100211611228
0.097542687387
0.0948011616462
0.0920241534452
0.0892448073529
0.0864934852366
0.0837981051526
0.0811865966361
0.0786866992174
0.0763298591281
0.0741568597665
0.0722227936831
0.0705972579301
0.0693593675235
0.0685898743546
0.068362895419
0.0687385652009
0.0697569703548
0.0714329792067
0.0737514178364
0.0766619325789
0.0800732150471
0.0838540990159
0.0878266565294
0.091680262192
0.0954554239077
0.0984246875408
0.100689490504
0.140292699829
0.140083832291
0.139423842412
0.138553987543
0.137503989441
0.136350024247
0.135134290103
0.133892092419
0.132652384714
0.131435680863
0.13025776654
0.129129366102
0.128057774791
0.12704756173
0.126101396621
0.125220643975
0.124405814198
0.123656873128
0.122973429981
0.122354834471
0.121800200742
0.121308381969
0.120877902633
0.120506923198
0.120192720788
0.119935796277
0.119737110036
0.119588762612
0.119483004382
0.119414158178
0.119376013861
0.119360967861
0.119360207741
0.11936374353
0.119360281797
0.119337144648
0.119280293459
0.119174478314
0.119003503935
0.118750717188
0.118399733819
0.117934996409
0.117342098886
0.116605560056
0.115697066987
0.114568733154
0.113174042421
0.111488556116
0.109511637008
0.107262554616
0.104775778656
0.102094626952
0.0992648569158
0.0963301997885
0.0933298198935
0.0902980006572
0.0872642084161
0.0842551305272
0.0812947117333
0.0784076446585
0.0756178300447
0.072954664655
0.0704609337001
0.0681984744044
0.0662462731972
0.0646925072244
0.0636245026874
0.0631196568797
0.063238388529
0.0640190874749
0.0654742316959
0.0675867927373
0.0703050963962
0.073535744306
0.0771423964107
0.0809091984142
0.0848049837368
0.0884232070108
0.0911507774968
0.0932538576172
0.142537418491
0.142324940548
0.141626873003
0.140701459429
0.139585540457
0.138362434463
0.13707811989
0.13577054176
0.134469786843
0.133197357297
0.131969365879
0.130796750618
0.129686782601
0.128643905014
0.127670570338
0.12676786823
0.125935995471
0.125174580553
0.124482884312
0.123859905276
0.123304411252
0.122814921195
0.122389649721
0.122026464782
0.121722533926
0.121477282331
0.121292725992
0.121159774775
0.121070318196
0.121018367608
0.1209971363
0.120998250771
0.12101197873
0.121027234937
0.121031435712
0.121010419263
0.120948503217
0.120828692509
0.120633001263
0.120343116558
0.119941234285
0.119410308783
0.118734458707
0.117893875445
0.116847147841
0.115534437522
0.113911504591
0.111964670529
0.10970575259
0.107166127953
0.10438998629
0.101426522297
0.0983234522362
0.0951234471893
0.0918625645387
0.0885710434222
0.0852737218769
0.0819930159895
0.0787481427184
0.075560197908
0.0724481176296
0.0694394337612
0.0665810893331
0.0639450728346
0.0616227713163
0.0597131349316
0.0583104099029
0.0574946951251
0.0573257624657
0.0578395401299
0.0590459142397
0.0609266683987
0.063431411184
0.0664776886673
0.0699515364019
0.0735556890306
0.0772659351685
0.0806833369126
0.0832440518425
0.0852345922785
0.144847912019
0.144633436406
0.143897620691
0.142915255766
0.141731404067
0.140436777771
0.139081802816
0.137707096581
0.136343943379
0.135014715666
0.133735788398
0.132518219643
0.1313692024
0.130293014801
0.129291877138
0.128366607409
0.127517107582
0.12674269997
0.12604233695
0.125414711847
0.124858295117
0.124371321598
0.123951760394
0.12359728149
0.123305648986
0.123074075065
0.122905612212
0.1227906556
0.122720864486
0.122689706591
0.122689689705
0.122711637863
0.122744848699
0.12277704878
0.122794239611
0.12278062042
0.122718691434
0.122589519968
0.122373113787
0.122049361429
0.1215988167
0.121002476092
0.120242657911
0.11929183473
0.118090543631
0.1165707498
0.114697509769
0.112471507392
0.109918763386
0.107083089353
0.104017154332
0.10077391233
0.0974007960139
0.0939375211395
0.0904155839255
0.0868602232216
0.0832908894699
0.0797253315612
0.0761772705484
0.0726640328043
0.0691981152241
0.0658061774413
0.0625430052111
0.0594954519745
0.0567707293964
0.0544798929566
0.0527235824807
0.0515829802547
0.05111527687
0.0513523184975
0.0523003965907
0.0539387989819
0.056214232569
0.0590446458377
0.0622910096656
0.0658584829064
0.0693653937957
0.0725702636553
0.0749717530661
0.0768463858906
0.147205223435
0.146990884686
0.146218914011
0.145179669422
0.143927481236
0.142560555941
0.141134399442
0.139692337759
0.138266882541
0.136881143731
0.135551668581
0.134289531017
0.133101784026
0.131992502587
0.130963665247
0.130015831251
0.129148638992
0.128361149791
0.127652062138
0.127019823184
0.126462660872
0.125978553491
0.12556517971
0.125219450294
0.124941911517
0.124728472428
0.124578751998
0.124484372239
0.12443744331
0.124430857538
0.124456350874
0.124503905936
0.124561779502
0.124616398671
0.124652211555
0.124651609697
0.12459509559
0.124461584479
0.124228836348
0.123874823431
0.123378050955
0.122717010494
0.121871719455
0.1208009816
0.119423736666
0.117672010156
0.115527120078
0.113006762185
0.110152309314
0.107019412897
0.103667148466
0.100149699132
0.0965119313913
0.0927889102623
0.0890063908072
0.0851839491987
0.0813350645718
0.0774726150135
0.0736039679712
0.069742759341
0.0658930159048
0.0620829618458
0.0583809405795
0.0548946335856
0.0517503940417
0.0490716872011
0.0469635679545
0.0455052624239
0.044748239222
0.0447178050296
0.0454155012724
0.0468188667205
0.0488807485049
0.0515415932298
0.0545538485977
0.0578611911694
0.0611767000148
0.0642395602355
0.0665272095637
0.0682980926196
0.149585963324
0.149374458796
0.14856947343
0.147475316803
0.146156525644
0.144718669849
0.143222868456
0.141715181261
0.14022933856
0.138789044831
0.137410912209
0.136105922553
0.134880925606
0.133739761622
0.132684168351
0.131714473425
0.130830099547
0.130029910664
0.129312426388
0.128675931593
0.128118505447
0.127637983867
0.12723192655
0.126897041104
0.126633960806
0.12644018391
0.12631205361
0.126241543315
0.126221139222
0.126243265967
0.12629889928
0.126377140153
0.126465143502
0.126547949167
0.126608335764
0.126626728276
0.126581463269
0.12644906199
0.126204784302
0.125824590779
0.125284192067
0.124559182851
0.123625947532
0.12242036476
0.120840887729
0.118831643694
0.116395638894
0.113569366439
0.110409900947
0.106983063453
0.103351558299
0.0995680829408
0.095672813694
0.0916948036345
0.0876532141399
0.0835615981682
0.0794270115525
0.0752574322514
0.0710528371254
0.0668236007843
0.0625624107169
0.0583039388988
0.0541382271693
0.0502005861107
0.0466388607695
0.0435873836115
0.0411516465983
0.0394042980757
0.0383868068196
0.0381145806713
0.0385814472278
0.0397592594048
0.0416058973307
0.0440601088871
0.0469238726273
0.0499878611863
0.0530789994209
0.0559764105328
0.058144397633
0.059809646552
0.151961872774
0.151756409523
0.150923344949
0.149778598723
0.148397681136
0.146893057208
0.145331797884
0.143762681634
0.142220605398
0.140729722105
0.139306596572
0.137962018009
0.136702578658
0.135531866858
0.134451397693
0.133461313916
0.132560891506
0.131748882407
0.131023724337
0.13038364519
0.129826687279
0.129350663985
0.128953123451
0.128630815505
0.128383886961
0.128211106657
0.128107139861
0.128063748392
0.128073513845
0.128128474876
0.128218891912
0.128332954922
0.12845666279
0.128573592472
0.128664751422
0.128708443126
0.128680686969
0.128555316843
0.128304866356
0.127903162561
0.127321861971
0.126533866397
0.125508129255
0.124145708721
0.12233402237
0.120042449153
0.117298842633
0.114159600116
0.110696743524
0.106983507509
0.103082988656
0.0990437616415
0.0948995303787
0.0906724046626
0.0863744339138
0.0820130650117
0.0775885443597
0.0731040737715
0.0685509303006
0.063937137944
0.0592399757981
0.0545093724417
0.0498676802845
0.0454845712141
0.0415295492108
0.0381435230487
0.0354260567494
0.0334372283926
0.0322038185488
0.0317285801068
0.0319955591747
0.0329689711404
0.0346123201746
0.0368074610119
0.039430138336
0.042302157458
0.0452189715699
0.0479708421283
0.0500275474706
0.0515889094756
0.154299411874
0.154103633233
0.153249438684
0.152061249143
0.150626093855
0.149062397365
0.147443196631
0.14581988792
0.144228433834
0.142693296755
0.141230895307
0.139851748943
0.138562160951
0.137365475472
0.136263028406
0.135254850259
0.134340165036
0.133517723029
0.132786000129
0.132143292249
0.131587730324
0.131117228964
0.130729434403
0.130421265949
0.130192349213
0.130042332587
0.129964944692
0.129951734757
0.129995222223
0.130087066689
0.130216847335
0.130371836202
0.130536843917
0.130693931022
0.13082225715
0.13089786272
0.130894334856
0.130782446557
0.130531893588
0.130114059927
0.129494714319
0.128645365751
0.127518281206
0.125968939451
0.12389339579
0.121296820173
0.118233135739
0.114779030485
0.111019327569
0.107031015423
0.102874216058
0.0985910822569
0.0942075453236
0.0897383122544
0.0851880937975
0.0805583786113
0.0758422055576
0.0710382610642
0.066127458616
0.0611170122508
0.0559630969365
0.0507456736117
0.0456318316159
0.0408307875066
0.0365301901422
0.0328696888372
0.0299340760106
0.0277639831952
0.0263670727831
0.0257321523847
0.0258337639179
0.0266337596593
0.028108063543
0.0300589055698
0.0323906737184
0.0350573052963
0.0378005667679
0.0404084320834
0.042359203892
0.0438201805797
0.156559815521
0.156377575485
0.155511307652
0.154290076849
0.152812691472
0.15120195847
0.14953640164
0.147869789092
0.146238995437
0.14466867451
0.143175036406
0.141768297478
0.140454480373
0.139236730104
0.138116281777
0.137093159303
0.136166660766
0.135335674312
0.134598860676
0.133954732274
0.133401654672
0.132937784609
0.132560996835
0.132268506553
0.132059398376
0.131934033171
0.131885506867
0.131905297382
0.131985830083
0.132118386279
0.132291897729
0.13249273686
0.132704523868
0.132907781473
0.133079781796
0.133194187366
0.133222098949
0.133130738036
0.132887123737
0.132459328136
0.131805158332
0.13089708523
0.129652022079
0.127878261557
0.125507848495
0.12258688037
0.119195595809
0.11543023821
0.111384795707
0.107135808943
0.102737288587
0.0982232245441
0.093611031341
0.0889080071422
0.0841115047527
0.0792173796047
0.0742109744385
0.0690868509844
0.0638134880091
0.0583995871796
0.0527724620837
0.0470654613157
0.0415028587166
0.036335044557
0.0317590469597
0.0279015074841
0.0248216261387
0.0225339337081
0.0210237690863
0.0202660915881
0.0202250672416
0.0208622426745
0.0221548190588
0.0239045454639
0.0260091655481
0.0284604413091
0.0310086390417
0.03345903333
0.0353006893677
0.0366627974978
0.158699425649
0.158534488161
0.157667260343
0.156427026999
0.154924264515
0.153283700406
0.151588180725
0.149893399385
0.148236941722
0.146643574586
0.145129299448
0.143704062007
0.142373669795
0.141141164142
0.140007802428
0.138973748218
0.138038536835
0.137201367601
0.136461262989
0.135817126863
0.135267727896
0.134811624034
0.134447065548
0.134171699985
0.133984061439
0.133885088527
0.133867465621
0.133922748278
0.134043294628
0.134220026939
0.134441272066
0.134692545864
0.134956313284
0.135211584527
0.135433760012
0.135594059283
0.135661135371
0.135598016972
0.135369719944
0.134938893604
0.13425424589
0.13329068882
0.13189903782
0.129858697759
0.127165001909
0.123904546692
0.120183867751
0.116116317357
0.111800129559
0.10730713371
0.102682657637
0.0979514900804
0.0931223345946
0.08819545671
0.0831609309092
0.0780094421179
0.0727179853189
0.0672775264226
0.0616416283312
0.0558235743767
0.0497116782949
0.0435276590425
0.037562071313
0.0321022535542
0.0273392822928
0.0233715075044
0.0202209901881
0.0178717952988
0.0162873745109
0.0154331543123
0.0152631839317
0.0157380626643
0.0168194663648
0.0183520795658
0.0202865992902
0.0225607518956
0.0249316238873
0.0272338559753
0.0289732231844
0.030243134987
0.160670833918
0.160526324658
0.159670967711
0.15842975387
0.156924057305
0.155276798956
0.153573141088
0.151870047859
0.150205591122
0.148604633998
0.147083054478
0.145650643137
0.144313128504
0.143073604138
0.141933525788
0.140893390297
0.13995317614
0.139112605282
0.138371272235
0.137728675559
0.137184178979
0.136736919419
0.136385684598
0.136128709665
0.135963967708
0.13589282049
0.135907763421
0.136000574591
0.136163592695
0.136387418833
0.136659834405
0.13696557141
0.137286021104
0.13759876968
0.137877439034
0.138090823104
0.138205292912
0.138178883255
0.137976091392
0.13754975304
0.136841815825
0.135824189015
0.134242395326
0.131892730412
0.128851258104
0.125241529131
0.121195869615
0.11684017147
0.11227123225
0.107552352184
0.102718426734
0.0977847497278
0.0927515874446
0.0876128265873
0.082351332548
0.0769532134409
0.0713862344757
0.0656384646464
0.0596457259083
0.0534296327569
0.046826992829
0.0401976182334
0.0338988187081
0.0282426920342
0.0233918612144
0.0193988819175
0.0162382617849
0.0138639816692
0.0122235851688
0.0112842763746
0.0110022802044
0.0113632727483
0.0122375551543
0.0135194283477
0.0152941851364
0.0174158091897
0.0196345868761
0.0218104642632
0.023464694965
0.0246563309698
0.16242460159
0.162302183385
0.161472555066
0.160252923399
0.158773142424
0.15714879154
0.155464565911
0.153777938596
0.152127272944
0.150537595081
0.149024839396
0.14759884216
0.146265460829
0.145028060193
0.143888527426
0.142847938443
0.141906968162
0.141066114821
0.140325791491
0.139686324535
0.13914788787
0.138710392845
0.138373341552
0.138135730746
0.137994956342
0.13795261405
0.13800125107
0.138133015537
0.138340275185
0.138613356804
0.138939574518
0.139302983731
0.139684039347
0.140059072762
0.140400122781
0.140673701713
0.140844225793
0.140863828146
0.14069907395
0.140285048931
0.139566965338
0.138488530582
0.136659163346
0.133960669611
0.130551683859
0.126589244466
0.1222292958
0.117603667651
0.112802006335
0.107876155825
0.102849784554
0.09772907346
0.0925064585573
0.0871702689063
0.0816961326776
0.0760663441159
0.0702382530719
0.0641979774001
0.0578605633566
0.0512599394128
0.044167203766
0.0371471905326
0.0306086523962
0.0248671827615
0.0200278741934
0.0160801402158
0.0129444480289
0.0105526582509
0.00884760159113
0.00781154733355
0.00740767913789
0.00764229887773
0.00837497619037
0.00950610240223
0.0111266859987
0.0130944268042
0.0151783088717
0.017251929766
0.018843799695
0.0199767109175
0.163912170401
0.163810528401
0.16302047299
0.161850964427
0.160433146805
0.158867652701
0.157235836354
0.155595054614
0.153983855328
0.1524275806
0.150942470304
0.149538661968
0.148222400394
0.14699759236
0.14586684293
0.144832106008
0.143895056728
0.143057268657
0.142320258596
0.141685444453
0.141154047689
0.140726963519
0.140404591356
0.140186927104
0.140070722501
0.140057548079
0.140140308993
0.140311671216
0.140564055491
0.140887559036
0.141269126312
0.141692282244
0.142136746139
0.142577859043
0.142986398095
0.143326917236
0.1435623996
0.143638225369
0.143526886742
0.143133183259
0.142428835921
0.141263270921
0.139121862219
0.136040606224
0.132249914979
0.127938604133
0.123280943063
0.118406745021
0.113393539446
0.108279982331
0.103078659537
0.0977875351048
0.0923920084506
0.086875747957
0.0812069745479
0.0753651830626
0.069295723087
0.0629841166011
0.0563215467334
0.04935770875
0.0417838231887
0.0344545249609
0.0277904963321
0.0220814261328
0.0173411655207
0.0134823557967
0.0103734485486
0.00794255688519
0.00614293629126
0.00498580371461
0.00444290953176
0.00455349771847
0.00515894824334
0.00619873771465
0.00772219695927
0.00958806219391
0.0115872241803
0.0136016829472
0.0151656912518
0.0162664064294
0.16508857674
0.164997329963
0.16426195187
0.163182172016
0.161870293576
0.160404718028
0.158862383066
0.157300360873
0.155757424741
0.154259436995
0.152823172776
0.151459301375
0.150174711054
0.148974143523
0.147861248016
0.146839204662
0.145911043865
0.145079761326
0.144348303253
0.143719473864
0.143195798015
0.142779364706
0.142471583072
0.142273936221
0.142182514236
0.142198132272
0.142314571299
0.142525182833
0.142822442538
0.143196263812
0.143633334579
0.144116827361
0.144625985269
0.145135521108
0.14561541216
0.146028808145
0.14633800199
0.146481135268
0.146441678898
0.146076960245
0.145427088763
0.144113670629
0.141599513094
0.138108043811
0.133928173145
0.129279657444
0.124345933451
0.11924659891
0.114043506114
0.108761695989
0.103403598087
0.0979601597884
0.0924106083649
0.0867348647586
0.080893443566
0.0748644154704
0.0685790144484
0.0620242417862
0.0550643257796
0.0477666242145
0.0397314982854
0.032203149444
0.0255425760006
0.0199798795245
0.015401814753
0.011639979112
0.00852753372341
0.00601661881287
0.00408449870145
0.00277781884445
0.00207463650718
0.00207961545243
0.00258656438026
0.00358262956283
0.00506665508091
0.00689880042347
0.00888291754132
0.0108982503918
0.0124809936533
0.0135840201054
0.165927316892
0.165812419811
0.16515700361
0.164221701817
0.163062976672
0.161739080695
0.160324296536
0.158875274536
0.157431072763
0.156018122485
0.154653727084
0.153349142852
0.152112065527
0.150948337522
0.149862995037
0.148860833344
0.147946642945
0.147125237091
0.146401358877
0.14577952634
0.14526384841
0.144857838902
0.144564074877
0.14438562785
0.144318298707
0.144361537343
0.144510298463
0.144758692838
0.145099272772
0.145521829167
0.146012906964
0.146555516888
0.147128727628
0.147707071623
0.148260326487
0.148751051145
0.149141815003
0.149363817352
0.149417267876
0.149092028802
0.148559714523
0.146991909117
0.144057436086
0.140135392628
0.135567351817
0.130601111203
0.125416953445
0.120117071301
0.114745871685
0.109315550249
0.103819837313
0.098243968633
0.0925618813317
0.0867506480712
0.0807627331669
0.0745766166149
0.0681066207639
0.0613445447489
0.0541242675383
0.0465302017733
0.0380686191065
0.0304797244
0.023957233064
0.0186397382556
0.0142505298614
0.0105554213292
0.00738709679765
0.00475102446912
0.00265635692013
0.0011823221267
0.000310272809716
0.000243416559948
0.000667631312557
0.00168687349956
0.00318638892865
0.00505787493979
0.00710676431868
0.00919415523306
0.0108601808625
0.0119879161682
0.166272508702
0.166114218893
0.165678448871
0.164971236575
0.164007419694
0.162861305668
0.161608547891
0.160304915956
0.158989616997
0.157689108113
0.156420649687
0.155195771423
0.15402293733
0.152909270246
0.151861525094
0.15088653099
0.149991289382
0.149182873612
0.148468231405
0.147853953815
0.147346043396
0.146949707595
0.146669066744
0.146507931219
0.146462306425
0.146531067056
0.146709886649
0.146993465342
0.147374462749
0.147842599352
0.148384363922
0.148982786625
0.149617082839
0.15026210964
0.150888150647
0.151458216375
0.151936277832
0.152248032846
0.152415833423
0.152143342363
0.151814211789
0.149842096256
0.146456099282
0.142091559955
0.137147027225
0.131889796518
0.126483666705
0.121008373692
0.11549094727
0.109932414202
0.104319525182
0.0986330771222
0.092842633678
0.0869232899475
0.0808192372862
0.074511680364
0.0678944558109
0.0609694828977
0.0535356560628
0.0456912319691
0.0368580045151
0.0293701236173
0.0231155412463
0.018114803507
0.013893703811
0.0102027525603
0.00691899784901
0.00412163882452
0.00185306394831
0.000237934880152
-0.000695982258906
-0.000773680093364
-0.000481085723082
0.000603792363573
0.00218770177243
0.00416765548427
0.00633992445713
0.00854703467374
0.0103353295887
0.0114896357782
0.166254898723
0.166104575195
0.165958169645
0.165487099907
0.164726403028
0.163776744932
0.162709802809
0.161578403043
0.160419889192
0.159258643896
0.158110378497
0.156986043868
0.15589454284
0.154844332585
0.153844191541
0.152903424733
0.15203173764
0.151238948237
0.150534647871
0.149927873999
0.14942682239
0.149038611425
0.148769053108
0.148622734706
0.148595882237
0.148687098603
0.1488925776
0.149207466671
0.149624507687
0.150133351544
0.150720474669
0.15136907165
0.152058800601
0.152765342082
0.153460216057
0.154108036196
0.154675295161
0.155084837605
0.155384496329
0.155179828513
0.155150850748
0.152604256128
0.148749971082
0.143942008428
0.138645368141
0.133130243141
0.127532491756
0.121907248757
0.116265803352
0.110600218589
0.104892039585
0.0991188153285
0.0932467588398
0.087249817345
0.0810640596799
0.074676078979
0.0679549704258
0.0609209714616
0.0533303475526
0.0452913650324
0.0361672351282
0.0289544408085
0.0230829543837
0.0184271275707
0.0143014161349
0.010537793864
0.00709248838915
0.00413202963711
0.00172329562326
2.87029455044e-05
-0.000856312943894
-0.000969713086691
-0.00069247017531
0.000452126992031
0.00214277136317
0.00427798029497
0.00661060823661
0.00896633038498
0.0108880016932
0.012074631493
0.166186205207
0.166310091547
0.166235301994
0.165859413849
0.165263522652
0.164502029941
0.163628847007
0.162688685371
0.161711143812
0.160714308239
0.159709758895
0.158706414834
0.157712979865
0.156739174589
0.155796082
0.154895948561
0.154051714548
0.153276460402
0.152582879931
0.151982833995
0.151486999078
0.151104603838
0.150843261046
0.15070846833
0.150696677786
0.150806296959
0.151033960099
0.151375116691
0.151822476301
0.152365543216
0.152990758812
0.153681556177
0.154418255529
0.155177779961
0.155933538359
0.156652832345
0.157305575371
0.15781525294
0.158254530704
0.158131167717
0.158485683291
0.155212803218
0.15088733908
0.145649851081
0.140039269738
0.134304663905
0.128546947306
0.122797631595
0.117055006253
0.111304562933
0.105524363748
0.0996898494832
0.0937651020139
0.0877236989326
0.0814944337963
0.0750719421032
0.0682961373259
0.0612172272002
0.0535356615046
0.0453704959292
0.0360669288012
0.0293017780552
0.0239052778211
0.019557874723
0.0154214182978
0.0115323524108
0.00792882858422
0.00485470866242
0.00240999081087
0.000635406700017
-0.000271128656253
-0.000427164037125
3.53519885422e-06
0.00123361051606
0.00304583876852
0.00535416455873
0.00788310954205
0.0104287971866
0.012516862695
0.0137567576938
0.166255170595
0.166416893878
0.166323562667
0.166061399832
0.165618617826
0.165034996368
0.164361249619
0.163628969864
0.162854414706
0.162045429355
0.161206718603
0.160343522569
0.159463612112
0.15857788084
0.157700019979
0.156845720443
0.156031721285
0.155274901589
0.154591516882
0.153996612329
0.153503602545
0.153123984498
0.152867220494
0.152739852428
0.152738647737
0.152861858168
0.153106431851
0.15346791656
0.153938801165
0.154508290772
0.155162684212
0.155885623001
0.15665818299
0.157458798511
0.158263247335
0.159042369954
0.159770030817
0.160374036701
0.160946149192
0.160912203671
0.161688554775
0.157592501573
0.152812391504
0.147178554248
0.141305289786
0.135393719278
0.129508703353
0.123661788683
0.11784160149
0.112029421526
0.10620148648
0.100332293896
0.0943852777603
0.088334381622
0.0821030156773
0.0756959323646
0.0689204100281
0.0618714136851
0.0541722121355
0.0459663317119
0.0366249273943
0.0304646315199
0.0256007833686
0.0214564844949
0.017229457758
0.0132226355022
0.0095296411199
0.00631836051043
0.00379889785368
0.00198293987022
0.00105516470407
0.000906940957835
0.00145332053364
0.00281319419375
0.00482244064278
0.00736599045149
0.0101548288077
0.0129488852477
0.0152468707565
0.0165580524981
0.16624755288
0.166315568459
0.166320254397
0.166141476727
0.165799431273
0.165378224192
0.164908310274
0.164398065218
0.163845816366
0.163245423715
0.162591956052
0.161885376944
0.161131863397
0.160343463837
0.159536843442
0.15873168271
0.157949099329
0.157210296497
0.156535518327
0.155943308103
0.155450019596
0.155069514599
0.154813086722
0.154688415187
0.154692757326
0.154824277592
0.15508004436
0.155455427812
0.155942439852
0.156529754108
0.157203316592
0.157946814261
0.158742005091
0.159568899402
0.16040588974
0.161227884442
0.162012889821
0.162696291919
0.163378896246
0.16343575609
0.164605381795
0.159661172925
0.154471019943
0.148496279935
0.14242171781
0.13637823795
0.130399285727
0.124481794831
0.118608226093
0.112757881671
0.106906801502
0.101029807963
0.0950914390536
0.0890667492767
0.0828769591967
0.0765377686446
0.0698233718779
0.062889708138
0.0552527451026
0.0471168689636
0.0379014370568
0.0324793719424
0.0281492412436
0.0240837213325
0.0197693244872
0.0156233515528
0.0118148131108
0.0084895241668
0.00582586448632
0.00394891101139
0.00301026655983
0.00290985400384
0.00360620018633
0.00516756375101
0.00745253985674
0.0103087914327
0.0134347749735
0.0165424453159
0.0190940383399
0.0204862034245
0.166157279492
0.166158040488
0.166214879935
0.166056026001
0.165803317186
0.16554080336
0.165279307735
0.165003449209
0.164689531421
0.16431418963
0.163860740307
0.163322679506
0.162704172316
0.162018559577
0.161285935421
0.160530545566
0.159778447379
0.159055637378
0.15838669683
0.157793895056
0.157296641505
0.156911178786
0.156650537248
0.156523540013
0.156528166908
0.1566626365
0.156923896272
0.157306792917
0.15780254544
0.158398991865
0.159081409791
0.159833218301
0.160636584219
0.161472911945
0.162323186034
0.16316659007
0.163985333087
0.164724926511
0.165483548401
0.16562744396
0.167095709402
0.161343982044
0.155820028311
0.149580868576
0.143371435873
0.137241631574
0.131202120937
0.125241091032
0.119338192212
0.113472833383
0.107622472303
0.101763665611
0.0958640002994
0.0899005083107
0.0837967175205
0.0775782948149
0.0709913529147
0.0642667005558
0.0567787940772
0.0488631655717
0.0399564231543
0.0353942827529
0.0314872088957
0.0274137242251
0.0229704045183
0.0186956668107
0.0147074207015
0.0112385679808
0.00846138268355
0.00653523527182
0.00560426709992
0.00558494205085
0.00647241701339
0.00829920481948
0.0109281738329
0.0141736197113
0.0177143729192
0.0212008714401
0.0240468911011
0.0255217601614
0.166031736515
0.165992712723
0.165959541765
0.165830919842
0.165665139794
0.165550536279
0.165499710809
0.16546676987
0.165401158785
0.165260258294
0.165014382169
0.164649886181
0.164168821373
0.163586146277
0.162925917973
0.162217513887
0.161492415788
0.160781760965
0.16011467636
0.159517250245
0.159011944331
0.158617295538
0.158347897849
0.158213609752
0.158213439497
0.158345916034
0.158607586943
0.158992354633
0.159490270582
0.160087969897
0.160769648139
0.161517989395
0.162315073571
0.163143230244
0.163985703612
0.16482586082
0.165650285251
0.166416529625
0.167210429725
0.16743463241
0.169063920704
0.162592993347
0.156836449952
0.150423763488
0.144144693438
0.137972332743
0.131904416628
0.125925804916
0.120016363869
0.114157517447
0.1083297168
0.102512775257
0.0966793180454
0.0908095066771
0.0848346091475
0.0787873864035
0.072398254359
0.0659779162647
0.0587303022317
0.0512310398479
0.0428366699117
0.0392981636077
0.03548116812
0.0313522424314
0.0267637969349
0.0223109418864
0.0181511651206
0.014535903226
0.0116566489342
0.00969276500435
0.00879043182997
0.0088915114235
0.0100145512247
0.0121668923505
0.0152070959441
0.0189183608249
0.0229499125591
0.0268788387305
0.0300556181
0.0316069164866
0.165904762454
0.165803028778
0.165665981158
0.165550731035
0.165420006761
0.165450569777
0.165614632041
0.165825794446
0.166008491561
0.166100981073
0.16606021641
0.165865225832
0.165516121665
0.165029962695
0.16443532988
0.163767228592
0.163062906812
0.162358796824
0.161688580091
0.161082083312
0.160564679104
0.160157006191
0.159874977041
0.15972920629
0.159719969194
0.159846422183
0.16010445622
0.16048662599
0.160981471603
0.161574067077
0.162247061643
0.162981797217
0.163759521413
0.164562661393
0.16537597395
0.166186552538
0.166985705525
0.167744553846
0.168531872414
0.168827094861
0.170468781797
0.163400864075
0.157522641082
0.151031444684
0.14474086121
0.138565482059
0.132498411092
0.126525602639
0.120629730916
0.114795910483
0.109009042113
0.103253727704
0.0975094741395
0.0917611462534
0.0859533581286
0.0801220531267
0.0740025170501
0.0679751605048
0.0610627954793
0.054199934606
0.0464659455552
0.0441724294463
0.0399804781401
0.0357789099061
0.0310361608976
0.0263925900451
0.0220568202855
0.0182967537263
0.0153263059077
0.0133385198581
0.0124851914948
0.0127408543734
0.0141427252972
0.0166785452176
0.0201971369779
0.0244501285641
0.0290464955012
0.0334794907037
0.0370175091743
0.0386310136412
0.165839155208
0.165678430482
0.165485326538
0.165281664315
0.165154661713
0.16531980901
0.165690410515
0.166134090982
0.166550333914
0.166860718588
0.167009892083
0.166969449083
0.166737733019
0.16633441569
0.165793064553
0.165154638814
0.164462252367
0.163757493691
0.163078339419
0.162458065102
0.161924657032
0.16150055323
0.161202698495
0.161042104896
0.161020636585
0.161138504253
0.161390661231
0.161767879022
0.162256835077
0.162840680055
0.163500017993
0.16421412867
0.164962439538
0.165726243376
0.166490529086
0.16724514656
0.167986470793
0.168700509477
0.169440818759
0.169792569269
0.171312472322
0.163802060398
0.157904446066
0.151423802861
0.145168713922
0.139023566276
0.132981960623
0.12703419191
0.121167869722
0.115373187841
0.109640728013
0.103961265031
0.0983227070535
0.0927166127898
0.0871056531084
0.0815256395218
0.0757437463576
0.0701833729819
0.0637204905078
0.0577492705669
0.0506843121834
0.0495015818634
0.0449123479391
0.0405537920019
0.0356475816412
0.0308031412321
0.0262879347517
0.022387115886
0.0193355451257
0.0173374015914
0.0165526033989
0.0169937363765
0.0187139782118
0.0216851219813
0.0257433213888
0.0306078536842
0.0358382417001
0.0408344882754
0.0447582580265
0.0464134823971
0.165908878011
0.165688833483
0.165433282453
0.16514858978
0.165090656023
0.165283087961
0.165809591449
0.166451372901
0.167067121338
0.167563526169
0.167874309281
0.16796260557
0.167824969144
0.167484153653
0.166979027523
0.166356715028
0.165666007974
0.164953109092
0.164259696227
0.163621980436
0.163070112149
0.162627928041
0.162313065377
0.162136382494
0.16210135962
0.162209535191
0.162454829231
0.162826071696
0.163307981087
0.163881617947
0.164525151889
0.165215069541
0.165927799955
0.166641838357
0.16734042915
0.168014416725
0.168665131245
0.169294614628
0.169949446811
0.1703331679
0.171621342383
0.16386213734
0.158023488788
0.151630822855
0.145446189523
0.139356674441
0.133358913243
0.127449796008
0.121623565289
0.115876547243
0.110205875095
0.10460953947
0.0990849150892
0.09363247567
0.0882359104022
0.0829303086966
0.0775423676601
0.0724951343354
0.0666032681155
0.0617575277989
0.0554654250252
0.0546637332396
0.0500738436689
0.0454797517961
0.040387270233
0.035336404723
0.0306460400062
0.0266191236905
0.0235067459427
0.0215188358778
0.0208210265473
0.0214685574253
0.0235322142908
0.0269726829237
0.0316134163899
0.0371424524165
0.0430653406127
0.048681328067
0.053011804755
0.0546866883857
0.166200574809
0.165902033426
0.16556830274
0.165233251355
0.165182563597
0.165406648592
0.166062287339
0.166832956646
0.167590180025
0.168223739114
0.168656652437
0.168838878674
0.168765486296
0.168462075808
0.167972475893
0.167350256554
0.166649562538
0.165920359885
0.165207226525
0.164548671284
0.163976460961
0.163515372863
0.163183444585
0.162991021129
0.162943314813
0.163043374628
0.163283811213
0.163651274732
0.164128403284
0.164694049032
0.165323706179
0.165990560551
0.166667071717
0.167327255204
0.16795004656
0.16852414996
0.169053947882
0.169558449542
0.170091843775
0.170471635505
0.171437128338
0.163667836307
0.15793422443
0.151693001306
0.145601809123
0.139582979774
0.13363905468
0.127775040787
0.121992890559
0.116295569979
0.110687046975
0.105172948094
0.0997605360285
0.0944611515267
0.0892805855282
0.0842574956668
0.0792987502353
0.0747750282754
0.0695714791888
0.066011405015
0.0606514697454
0.0595992592297
0.0551093434678
0.0502653770569
0.04496397709
0.039702411738
0.0348366944096
0.0306863499781
0.027517823246
0.0255487229946
0.0249531622064
0.0258272155409
0.0282557334756
0.0321903644863
0.0374423947236
0.0436730831133
0.0503389526813
0.056635654221
0.0613991020983
0.0630802903104
0.166744926172
0.166340527274
0.165918201631
0.165526356341
0.165400369074
0.165738138878
0.166439363636
0.167281586263
0.168122884512
0.168835627108
0.169349531635
0.16958553793
0.16954413964
0.169253770189
0.168761967981
0.168128164245
0.16741028737
0.166660566279
0.165925590177
0.165245559647
0.164653344512
0.164174261167
0.163826540002
0.163619706749
0.163560513522
0.163653133967
0.163889202393
0.16425362368
0.164727244289
0.165286899132
0.165905562792
0.166553202302
0.167198157995
0.167809173937
0.168358602856
0.168827999206
0.169217367266
0.169560755938
0.169941191768
0.170276791035
0.170842672702
0.163351029606
0.157724769729
0.151668563522
0.145675297155
0.139726511894
0.133834931259
0.128013668892
0.122272044151
0.116619159291
0.111065177427
0.105622755975
0.100308335096
0.0951446548572
0.0901585192097
0.0854001957857
0.0808631656723
0.0768335284571
0.0724659310088
0.0703499904799
0.0658814401816
0.0641739241159
0.0596210330699
0.0545108701556
0.0490188696109
0.0435990766865
0.0386188448577
0.0344032242134
0.0312252824684
0.0293047150522
0.0288206771124
0.0299145858442
0.0326857924734
0.0370825630153
0.0429058445539
0.0497994245025
0.0571954088527
0.0642022522829
0.0694180643113
0.0711096122302
0.167348630461
0.166852926264
0.166361393565
0.16595669181
0.165821199872
0.16613500028
0.166852139311
0.167760926481
0.168604361661
0.16934188603
0.169913985029
0.170173427243
0.170132126657
0.169821607672
0.169303241284
0.168644535696
0.167903492506
0.167131827239
0.16637683587
0.165679426109
0.165072639131
0.164581625078
0.164224813516
0.164011924139
0.163950083207
0.16404236271
0.164279024743
0.16464370181
0.165115992056
0.165671309826
0.166280920371
0.166912715039
0.167532483688
0.168105686686
0.16859997522
0.168988937724
0.169258737258
0.169442675948
0.169667184732
0.169885226773
0.170035270853
0.16314588331
0.157538604786
0.151627878132
0.145706790171
0.139808151772
0.133954446732
0.128164057855
0.12245135886
0.116829792221
0.111313916665
0.10592145826
0.100675557177
0.0956079578955
0.0907615424739
0.0862020670348
0.0819953323486
0.0783598736122
0.074929046192
0.0741006463047
0.0700708506391
0.0674804917148
0.0628132745415
0.0575200410026
0.0519045435055
0.0463831200692
0.0413264193219
0.0370654966957
0.0338811023628
0.0319981762138
0.0316010260214
0.0328587127894
0.0358949012533
0.040668496096
0.0469773827519
0.0544707781024
0.0626160782998
0.0704803000058
0.0763178675978
0.0781314923521
0.16761773703
0.167140588211
0.166653726042
0.166287114287
0.166193091
0.16650785437
0.167234452903
0.168177443368
0.169068029879
0.16977988009
0.170281720854
0.17057233996
0.170564999934
0.17023430779
0.16968030476
0.168988621859
0.168217182814
0.16741704624
0.16663661749
0.165917729758
0.165293480032
0.164787986398
0.164415635401
0.164188171745
0.164116842217
0.164201760258
0.164431081194
0.164787464449
0.165249935749
0.165793513017
0.166389236154
0.167004969435
0.167606718128
0.168160461957
0.168634697613
0.169003874325
0.169252930948
0.169382819164
0.169487532325
0.169493768472
0.169510312708
0.163256482335
0.157483032053
0.151611840837
0.145718177445
0.13983943691
0.134001217443
0.12822354552
0.122522737458
0.116914000383
0.111413696785
0.106041650502
0.100823794179
0.0957957288174
0.0910073303734
0.0865322972697
0.0824729803061
0.0790275121947
0.0763222371777
0.0759066935316
0.0712380977451
0.0682981780086
0.0638034803495
0.0586103878618
0.05311035781
0.0477011166823
0.0427490098444
0.0385856849055
0.0354988414766
0.033727056961
0.0334738989131
0.0349344081236
0.0382528937289
0.0434089341227
0.0502008945234
0.0582843846088
0.067175775268
0.0758770798264
0.0820767400455
0.0834760188129
)
;

boundaryField
{
    frontAndBack
    {
        type            empty;
    }
    upperWall
    {
        type            zeroGradient;
    }
    lowerWall
    {
        type            zeroGradient;
    }
    inlet
    {
        type            zeroGradient;
    }
    outlet
    {
        type            fixedValue;
        value           uniform 0;
    }
}


// ************************************************************************* //
