/*--------------------------------*- C++ -*----------------------------------*\
| =========                 |                                                 |
| \\      /  F ield         | OpenFOAM: The Open Source CFD Toolbox           |
|  \\    /   O peration     | Version:  v1806                                 |
|   \\  /    A nd           | Web:      www.OpenFOAM.com                      |
|    \\/     M anipulation  |                                                 |
\*---------------------------------------------------------------------------*/
FoamFile
{
    version     2.0;
    format      ascii;
    class       volScalarField;
    location    "300";
    object      pa;
}
// * * * * * * * * * * * * * * * * * * * * * * * * * * * * * * * * * * * * * //

dimensions      [0 2 -2 0 0 0 0];


internalField   nonuniform List<scalar> 
6400
(
-0.347869869086
-0.348912982778
-0.355369776247
-0.345147622678
-0.327489062307
-0.302047732377
-0.253014792988
-0.1918090092
-0.131158399504
-0.0768987919973
-0.030573415413
0.00743017934751
0.0369235071892
0.0580394039189
0.0713598084984
0.0778052129802
0.0784254392676
0.0742470443315
0.0662034911375
0.055121979994
0.0417215096842
0.0266165394366
0.0103176785184
-0.00675891972947
-0.0242827197222
-0.0419937755336
-0.0596920855198
-0.0772238298451
-0.0944726581184
-0.111348347525
-0.127779185308
-0.143699059351
-0.159027007595
-0.173621218765
-0.187207515147
-0.199523881713
-0.211479940881
-0.228391627225
-0.254707903881
-0.290985663117
-0.335326166465
-0.385462958853
-0.440113084692
-0.498743559007
-0.561055265214
-0.626717030011
-0.695298138001
-0.766246072902
-0.838852587864
-0.912219241607
-0.98523183502
-1.05655258168
-1.12462623359
-1.18771367869
-1.24395074735
-1.29144917769
-1.32842829271
-1.35338392743
-1.36526595424
-1.36365287616
-1.34888087317
-1.3221055956
-1.28526122597
-1.24091390785
-1.1920128284
-1.14157900674
-1.09237835319
-1.04664580371
-1.00591068597
-0.970957917256
-0.941917241581
-0.918449103119
-0.899948198245
-0.885715977113
-0.875024888137
-0.867163489299
-0.861347502511
-0.856818916239
-0.853248920542
-0.852193989305
-0.397617557731
-0.401172520767
-0.385226073776
-0.359803089599
-0.28913504658
-0.166036897328
0.00386585410408
0.216766389553
0.462399566647
0.730109085102
1.01157361646
1.30002252607
1.58946110644
1.87473175557
2.15176734729
2.41760362672
2.67019363236
2.90819698244
3.13082073755
3.33770980239
3.5288543868
3.70450953757
3.86511898328
4.01125623969
4.14357253649
4.26276144565
4.36952475035
4.46455144894
4.54849420189
4.62195763643
4.68548216046
4.73953786653
4.78450789733
4.82068387054
4.84835753998
4.86862094461
4.88604319658
4.91010094821
4.94059911016
4.96877929076
4.98930624386
5.00093152744
5.00329539825
4.99564837631
4.97685944066
4.94554741093
4.90009853448
4.83865517089
4.75913072812
4.65926247309
4.53670094465
4.38913907236
4.21449448488
4.01114148169
3.77819812145
3.51583455739
3.22558398867
2.91058437242
2.57571055386
2.22751234493
1.87393775467
1.52380922959
1.18611388231
0.869178024099
0.579873772145
0.322984584012
0.100868001443
-0.0865337062331
-0.24133127153
-0.367086726093
-0.468114516601
-0.548849080597
-0.613413319349
-0.665404040987
-0.707860293028
-0.743273388267
-0.773282085871
-0.798691910434
-0.81565157276
-0.832143756395
-0.491358289152
-0.434381364123
-0.403972683186
-0.388915611405
-0.334337220622
-0.250139937535
-0.1475008934
-0.0264485518956
0.107784938687
0.24646007347
0.382851615399
0.512656498031
0.632757105593
0.740819636366
0.835387228804
0.915851661835
0.982256556439
1.03508435988
1.07510532648
1.10327670317
1.12066941686
1.12840552958
1.12760872456
1.11936440565
1.1046934083
1.08453237185
1.05972348952
1.03100658534
0.999017565794
0.96428726441
0.927244780389
0.888221087341
0.847446004949
0.80501502177
0.760593909329
0.712420376931
0.655224581157
0.588484191468
0.518828781258
0.450939507011
0.385320783465
0.321072411379
0.25796219339
0.196362031409
0.136928114998
0.0805124667739
0.0281440767774
-0.0190230354352
-0.0597945735757
-0.093047100303
-0.117865200342
-0.133706487777
-0.140584866298
-0.139249492295
-0.131327587472
-0.119383762528
-0.106853738045
-0.0978079019361
-0.096539246112
-0.106995085741
-0.132139570944
-0.173359744676
-0.23006824833
-0.299619667499
-0.377617645746
-0.458578354577
-0.536836439295
-0.607478190983
-0.667087133212
-0.7141131852
-0.74880002647
-0.772756433519
-0.788306615286
-0.797927957915
-0.803774333983
-0.807590129455
-0.809952826337
-0.811439286723
-0.805612085444
-0.821269377469
-0.626965407792
-0.399377230133
-0.441894696559
-0.441765028836
-0.332479816094
-0.208891777727
-0.0896750778677
0.0389913388322
0.17794787852
0.320856464564
0.46344362313
0.603750914957
0.740399953795
0.87215665786
0.998125381696
1.1178218496
1.23107712682
1.33792324037
1.43851801624
1.5331031095
1.62197254512
1.70544822219
1.78385726133
1.85751690887
1.92672187823
1.99173854594
2.05279934189
2.11010193323
2.16380689489
2.21403832503
2.26088250143
2.30438249175
2.34453870022
2.3812925161
2.41473259009
2.44544633827
2.47554101495
2.49871999745
2.51214659176
2.51789400469
2.51633645442
2.50607901507
2.48569822458
2.45412680183
2.41041515631
2.35363006019
2.28291927781
2.19761851892
2.09736067591
1.98219318718
1.85270001546
1.71010618504
1.55633879862
1.39400932332
1.22629472237
1.05669535958
0.888687565907
0.725306726069
0.568753115198
0.420116233663
0.279330433487
0.145409721438
0.0169530857969
-0.107200763688
-0.227344895191
-0.342515539032
-0.45049539381
-0.54825017655
-0.632684365749
-0.701491883965
-0.753783488445
-0.790352492873
-0.813360750006
-0.825857981955
-0.830833493108
-0.830919269009
-0.826790784078
-0.819247743163
-0.798524658705
-0.816374684255
-0.756002707781
-0.219059764636
-0.376999934466
-0.361082671539
-0.194309886909
-0.0605292870577
0.0400439191064
0.139994322585
0.244165445111
0.34810723024
0.44979519656
0.548764973796
0.644302532255
0.735370324203
0.820996520703
0.900437596563
0.973168736524
1.03884535088
1.09727975686
1.14842389251
1.19235137662
1.22923568125
1.25932875499
1.28293911577
1.30041322182
1.31211731006
1.31842287114
1.31969211608
1.31626662374
1.30845571046
1.29652670016
1.28069671217
1.26111851557
1.23787935997
1.21090601962
1.18006487622
1.14553776578
1.11100615496
1.076874721
1.04384559117
1.01249378952
0.982789320024
0.954597336304
0.927939972249
0.902879001454
0.879366397228
0.857172033063
0.835836727363
0.814623806034
0.792486452153
0.768074322419
0.739798008855
0.70595732577
0.664935128055
0.615434063386
0.556720444567
0.488809856568
0.412533153566
0.329427556233
0.241453509737
0.150590918496
0.0584394572959
-0.0340348488746
-0.126483831264
-0.218867408321
-0.310936696463
-0.401716649378
-0.489223732156
-0.570589116047
-0.642627648555
-0.702616409598
-0.749108755585
-0.782194073624
-0.803477294726
-0.815240764846
-0.820022766509
-0.818395019083
-0.811342838199
-0.785717942366
-0.811971786931
-0.907057377044
0.103882878188
-0.222725753584
-0.197126165898
-0.0178379384616
0.085120281238
0.148621715615
0.215558234742
0.289288977301
0.365702329803
0.443755689518
0.523215812387
0.603209719526
0.682512678629
0.759974515094
0.834658714166
0.905844081988
0.973007771907
1.03581024677
1.09407711833
1.1477750133
1.19698536317
1.24187720417
1.28268221745
1.31967107649
1.35313364794
1.38336112597
1.41063232541
1.43520156865
1.45729059306
1.47708155235
1.49471474394
1.51028992082
1.52388140344
1.53555920598
1.54523204512
1.55135888838
1.55249024401
1.54809037044
1.53786260265
1.52158404629
1.49886583415
1.46924491446
1.43237969616
1.38811804609
1.33649979103
1.27777150135
1.21240532389
1.14109379235
1.06470901605
0.984230060796
0.900642456194
0.81482529429
0.727446186062
0.638899204014
0.549313534106
0.458652477262
0.366885277855
0.274183974169
0.181062756884
0.0883855685595
-0.00279565449876
-0.0915278092702
-0.177248820514
-0.259928953037
-0.339933240806
-0.41761291259
-0.492765465931
-0.564210613091
-0.6298149844
-0.686910610196
-0.733217368264
-0.767532287624
-0.790313187673
-0.803144721969
-0.808464271113
-0.807115029299
-0.800129018253
-0.773632915078
-0.809528738028
-1.07341948414
0.550838446374
-0.0344983890869
-0.00945513385545
0.142095255895
0.193398076958
0.218842227402
0.257552563127
0.307113561111
0.362790074544
0.423423701207
0.488133785982
0.555441093373
0.62371583554
0.6914959738
0.757555256277
0.820895008263
0.880732243173
0.93648678997
0.987761743981
1.03431914994
1.07605372841
1.11296733837
1.14514417389
1.17272812458
1.19590175733
1.2148682251
1.22983500612
1.24100055138
1.24854252191
1.25260867244
1.25330929
1.2507109125
1.2448319581
1.23564502894
1.22323206807
1.20865608822
1.19247439613
1.1748008956
1.15574030753
1.13540701664
1.11378563559
1.09069837601
1.06586955841
1.03895966339
1.00955462082
0.97715920236
0.941217423927
0.901154789022
0.856437013521
0.806638038459
0.751507531228
0.691018336199
0.625378268591
0.554995699281
0.480408708968
0.402203037932
0.32095866844
0.237256704528
0.151749165008
0.0652522957811
-0.0212132366519
-0.10650337851
-0.189564359976
-0.269704615147
-0.346752458055
-0.420953644356
-0.492550672556
-0.561141295496
-0.62526032506
-0.682270245508
-0.729323321984
-0.764138392522
-0.786199625229
-0.797112935105
-0.800092959039
-0.797411154102
-0.789852966413
-0.768057229637
-0.812931734285
-1.24753984777
1.10773847748
0.144438692792
0.170116695168
0.268434210927
0.267310185069
0.264857707926
0.285409087827
0.320348766531
0.364495567809
0.41619033397
0.473768406576
0.535260322168
0.598796691448
0.662772736101
0.725852366802
0.786947037709
0.845201974733
0.899980907778
0.950844299894
0.997524032877
1.03989778908
1.07796371939
1.11181573841
1.14161937298
1.16758922398
1.18996803867
1.20900837816
1.22495635841
1.23803861109
1.24845090579
1.25635141686
1.26185248446
1.26502347665
1.26585859572
1.26425624027
1.25971180358
1.25174251207
1.24005061027
1.22439824388
1.20459455501
1.1804767003
1.15191604194
1.11886363535
1.08138464457
1.03965454094
0.993930978364
0.944515435508
0.891710200094
0.835775399901
0.776898974905
0.715190407464
0.650704389796
0.583487370475
0.513631727877
0.441314996529
0.366808099137
0.290450437729
0.212614367426
0.133689143289
0.0541127785998
-0.0255700444134
-0.104675308747
-0.182451347623
-0.258286560351
-0.33195511001
-0.403727779393
-0.474148362889
-0.543256164269
-0.609909811032
-0.670944730696
-0.721836588567
-0.758666320643
-0.779852051378
-0.787775143574
-0.787822172771
-0.784853423468
-0.780055374245
-0.772617798314
-0.822383733319
-1.40768860893
1.75858857183
0.28258193837
0.333143078084
0.366779485612
0.324418749674
0.305197019042
0.314841722983
0.340972272961
0.378376693587
0.424760135928
0.477771037741
0.535124995775
0.594826953942
0.655213690066
0.714914640417
0.772815120056
0.828037092432
0.879919502025
0.927993563995
0.971958162437
1.01165696238
1.04705607657
1.07822091495
1.10529264133
1.12846482323
1.14796154214
1.16401724047
1.1768593587
1.18669347359
1.19369102024
1.19797969529
1.19963569409
1.19868591311
1.19512391518
1.18900074414
1.18045632255
1.1694633754
1.15590624009
1.13964931926
1.12053743601
1.09838796838
1.07299417451
1.0441480596
1.01166747661
0.975414257898
0.935305303349
0.891323397698
0.843525095087
0.792040228316
0.737059419517
0.678813841688
0.617554666443
0.553541505791
0.487045204711
0.418362122837
0.347831140824
0.275834562288
0.202782521415
0.129077920433
0.0551081419815
-0.0187430293474
-0.0920477856925
-0.164340354497
-0.235255460848
-0.304813270527
-0.373652612609
-0.443054812421
-0.513774556449
-0.584913703383
-0.652025796427
-0.707590511229
-0.744820999706
-0.761759801664
-0.76429996849
-0.762806224451
-0.765441499297
-0.773540207485
-0.788245117837
-0.832613822364
-1.53723259729
2.47251907365
0.356481835386
0.484194647041
0.447068824947
0.377884484108
0.349078369853
0.351566019498
0.372019073204
0.405183317432
0.448041324093
0.497693386232
0.551690640333
0.607990064562
0.664946671668
0.721232592937
0.775778195666
0.827747070254
0.876509630564
0.921615094021
0.962770813256
0.999826277907
1.03275654271
1.06164220253
1.08664638285
1.10799048907
1.12593027236
1.14073368763
1.15266161053
1.16195188371
1.16880535646
1.17337583368
1.17575909106
1.17599364407
1.17403440786
1.16978289898
1.16303638471
1.15354186989
1.14104373464
1.12529427698
1.10606945585
1.08318293006
1.0565023045
1.02596737562
0.991601470755
0.953504875224
0.911832443683
0.86676680406
0.818499104194
0.767220719545
0.713124170289
0.65640810847
0.59728327489
0.535976490927
0.472734294646
0.40782462709
0.341543181385
0.274208752121
0.206163058714
0.137733980697
0.0692281140205
0.000909693894359
-0.0669502889173
-0.13408074764
-0.200292815154
-0.265954275751
-0.332137381074
-0.401502180305
-0.475661967317
-0.553129971398
-0.626174037538
-0.681982220857
-0.711644595135
-0.717962536293
-0.716278911856
-0.72411442595
-0.747457652075
-0.77803656129
-0.808510703407
-0.83909149155
-1.62343122238
3.21238455237
0.35780615069
0.636443705506
0.517271714822
0.434632501643
0.399041779005
0.396086371865
0.412488551921
0.442533976853
0.482441977911
0.528889106318
0.579372368186
0.631841910907
0.684738150879
0.736830908429
0.787137720289
0.834897040296
0.879529663931
0.920608427662
0.957848643084
0.991105009046
1.02036340627
1.04572365857
1.06737515385
1.08556955522
1.10059292709
1.11274038635
1.12229495569
1.12951068231
1.13459761875
1.13771007454
1.13893352867
1.13828384404
1.13569449149
1.13109621425
1.12437994373
1.11532540017
1.10365921938
1.08909202214
1.07133905216
1.05014001412
1.02528232481
0.996626762532
0.964129313023
0.927850364247
0.887945111141
0.844639234224
0.79819890208
0.748904906382
0.697035463362
0.642858640935
0.586634545954
0.528622284675
0.469091528379
0.408323634181
0.346619534548
0.284277085963
0.221599252549
0.158836852363
0.0962047957125
0.0338151958901
-0.028225951788
-0.0899024036515
-0.151099465157
-0.212949686865
-0.277296864711
-0.348310701153
-0.428533201777
-0.512828081693
-0.585707570587
-0.629687727272
-0.642068746616
-0.641491398364
-0.65589013167
-0.697471800432
-0.750101414574
-0.790305156263
-0.81682899943
-0.839070682594
-1.66080205511
3.94079197613
0.291637092063
0.803016302611
0.579349195211
0.496275398128
0.453813491786
0.446718077838
0.460105024073
0.487575224321
0.5246432578
0.567699273908
0.614281580009
0.662365345875
0.71056141055
0.75777964899
0.803154615929
0.846020891046
0.885851151953
0.922231571574
0.954878950482
0.983657876582
1.00858172285
1.02979367923
1.04753635421
1.06211719094
1.07387423107
1.08314640844
1.09025209129
1.09547281415
1.09903861382
1.10111565345
1.10179209417
1.10107567562
1.09886853238
1.09503312557
1.08936328962
1.08156906316
1.07131725759
1.05825619285
1.04204044155
1.02236550927
0.999008472524
0.971859341046
0.940931246805
0.906348645153
0.868322190404
0.827119820811
0.783040308372
0.736392131724
0.687479715104
0.636594373241
0.584014722229
0.530008666498
0.474851389106
0.418823174292
0.362232685556
0.305371035864
0.24854673836
0.19197118182
0.135811570723
0.0800281499217
0.0246638255808
-0.0306974091336
-0.0861212924027
-0.143491136124
-0.207105407471
-0.282719038094
-0.369859440917
-0.454236294205
-0.513328178166
-0.53711654058
-0.544619237039
-0.571456262534
-0.635189449952
-0.714832597049
-0.773456842552
-0.799374754424
-0.810243695504
-0.836166773661
-1.64965082134
4.62653607179
0.173344139227
0.992288122563
0.630792983655
0.562648107709
0.511311936057
0.501692564777
0.512717836895
0.537844577455
0.571938530862
0.61126133841
0.653456677472
0.696557765732
0.739449611406
0.78119242857
0.821053494161
0.858465738038
0.892924627475
0.923996497494
0.951387545635
0.974985095177
0.994860041959
1.01123420956
1.02443427133
1.03484529584
1.04286704491
1.04888143917
1.05323454757
1.05622483906
1.05809018128
1.05899648333
1.05902436904
1.05816491917
1.05629873682
1.05325465321
1.04878668052
1.04257379408
1.03425814401
1.02345586702
1.00976170935
0.992773878986
0.972155337172
0.947709882902
0.919428188033
0.88747725712
0.852147665865
0.813793072362
0.772782818372
0.729474040251
0.684202457095
0.63727836558
0.5889955637
0.539628551129
0.48946022094
0.43876471085
0.38787031545
0.337068154535
0.286700059558
0.236967866419
0.188083922329
0.139874356014
0.092258276524
0.0448915501761
-0.00355065997301
-0.057120861994
-0.122551897991
-0.203984508951
-0.292315021623
-0.365183310615
-0.407051937862
-0.432337206434
-0.478817099884
-0.566918693007
-0.672557790439
-0.753084351438
-0.792465879531
-0.799436025417
-0.79812880871
-0.838457526349
-1.5948865585
5.24743171847
0.0230921924391
1.20556353537
0.667316093118
0.633674655455
0.569457278339
0.55947334724
0.568402221232
0.59127330451
0.622171566633
0.657423217838
0.694781634126
0.732403330485
0.769557492667
0.805414849858
0.839391781376
0.870998330727
0.899689049401
0.924969228974
0.946545939011
0.964378121021
0.978658052085
0.989740750866
0.998073210075
1.00413252052
1.00837464209
1.01120437309
1.01297208753
1.01397031298
1.01442439325
1.01448241629
1.01420736431
1.01357322658
1.01244869659
1.01061634774
1.00775409374
1.00347001008
0.997339095762
0.988939388514
0.977871697218
0.963757951436
0.946252726795
0.925099523677
0.900206205153
0.871682055284
0.839813267584
0.805000846565
0.767688923744
0.728306172686
0.687243043587
0.644840161047
0.601410523087
0.557229535686
0.512596219622
0.46778162577
0.423146902766
0.379008291816
0.33579151494
0.293811981283
0.253169580121
0.214115421085
0.176071362534
0.137695478715
0.0958706252943
0.0436900137453
-0.0256447705703
-0.110024394509
-0.192674838777
-0.25598471981
-0.3066128057
-0.377319012825
-0.489586780298
-0.619101562369
-0.71914975946
-0.772462742513
-0.793608488393
-0.789610007694
-0.780188778851
-0.841985449335
-1.50400654183
5.79091314136
-0.138843151656
1.4378750439
0.685679879684
0.709914882936
0.626287437868
0.618827465985
0.625488522297
0.646165315435
0.673642073797
0.704556485988
0.736699131624
0.768495104505
0.799666870919
0.829400719874
0.857303112306
0.882895810267
0.905491465085
0.924518826176
0.939760226466
0.951354869895
0.959713586833
0.965380925715
0.968939614018
0.970939773059
0.971847826173
0.972035897932
0.971809461898
0.971413960719
0.971024630325
0.970736510862
0.970563274487
0.970442086751
0.970246575128
0.969773784536
0.968744682447
0.966796054886
0.963433818863
0.958050073255
0.950035802674
0.938912243509
0.924388318413
0.906344839684
0.884800240402
0.859890280098
0.831863228784
0.801078826185
0.767977107852
0.733016038106
0.696634524928
0.659208362408
0.621086862797
0.582552077127
0.543920209276
0.505475389848
0.467634984904
0.430888261851
0.395563399067
0.362609561667
0.332019373405
0.303438946638
0.275946518983
0.246313780527
0.208699402824
0.154706667516
0.0806036134394
-0.00546859103279
-0.0885632772163
-0.167587403528
-0.264971132592
-0.400163907546
-0.553043955648
-0.674911779894
-0.742497372876
-0.77437417644
-0.787596511037
-0.775770792351
-0.758881571331
-0.846797250229
-1.38558594369
6.25275981583
-0.295408661476
1.68019548812
0.685185766331
0.792000781141
0.679861726508
0.678790424216
0.682508952913
0.701126151778
0.725000129738
0.751403206539
0.778035594849
0.803851908918
0.828972488634
0.852489069488
0.874284389203
0.89373657083
0.909900525349
0.922204302999
0.930690510922
0.935849623209
0.938410723372
0.939122095827
0.938660411482
0.937566503005
0.93621949255
0.9348740826
0.933739212185
0.932979344792
0.932692599197
0.932889646225
0.933485458687
0.934289813017
0.935052034855
0.935484138831
0.935347600284
0.934547305885
0.932958332604
0.930173995152
0.925451113424
0.917937827241
0.907007837844
0.892439459012
0.874357976185
0.853068119574
0.82892715008
0.802326567152
0.773701837998
0.743498060663
0.712170673022
0.680108707585
0.647681612128
0.615186567527
0.582959142888
0.551415205316
0.520842634886
0.492361662879
0.466430779348
0.443636939988
0.424292283863
0.407192932275
0.389892529718
0.366646557384
0.329025782179
0.268974064706
0.18628628844
0.0895165805449
-0.0161755257379
-0.14122607366
-0.29882572064
-0.473985534818
-0.621329030921
-0.708636067373
-0.748013031586
-0.768832180021
-0.777093521237
-0.756950199879
-0.731887578495
-0.847457064083
-1.24800399155
6.63508073295
-0.43432696568
1.92206526325
0.667882116033
0.879920802458
0.728412345332
0.738669569019
0.738179525646
0.755033198061
0.775179957013
0.796968403914
0.817890946481
0.837784896438
0.856899767518
0.874217546779
0.890001616358
0.903176767745
0.912485786476
0.917619649775
0.919194614941
0.918229159465
0.915787736359
0.912734422105
0.909697570089
0.907050064823
0.904947690661
0.903439315794
0.902590483653
0.902492361325
0.903218131296
0.904782321124
0.907118530107
0.910035382581
0.913182571029
0.915967515
0.917577090664
0.917638034754
0.916180331302
0.913382592447
0.909220117847
0.903223112067
0.894711295002
0.883207636029
0.868601850138
0.851079879462
0.830975459592
0.808702090679
0.784729739167
0.759511784009
0.733508421117
0.707115052836
0.680700959678
0.654657035108
0.629135776259
0.605036708833
0.582817648464
0.563360755059
0.54774890312
0.536360714177
0.528946485309
0.522975386814
0.513464953019
0.491674287287
0.447386639441
0.373676531565
0.271527653841
0.145499744152
-0.00571799968948
-0.186339073839
-0.383199812209
-0.557181394646
-0.671275811209
-0.724820959552
-0.747297387513
-0.761318163805
-0.764243222568
-0.736114055459
-0.705964013902
-0.847721515226
-1.09882224774
6.94410992334
-0.548282753901
2.15371695066
0.637836939394
0.972599561304
0.770623122109
0.79797234605
0.791382339725
0.807012458744
0.823344367309
0.840450365173
0.855589667984
0.869812226153
0.882993696761
0.894244238368
0.904204870145
0.910847901616
0.912778229295
0.910480096967
0.905510709143
0.899452204845
0.893523387915
0.888463289925
0.884587843072
0.881938847393
0.88037178003
0.879668914921
0.879616375817
0.880184630187
0.88141874598
0.883354143932
0.886028407705
0.889447134431
0.893547407184
0.898051101868
0.902409552463
0.905763536506
0.907242632455
0.906202416934
0.90269168013
0.897027193969
0.889306320537
0.879488691869
0.867528430055
0.853454987515
0.837390404617
0.819602689421
0.800496877751
0.780508923194
0.760093602716
0.739718648141
0.719555822163
0.700331028753
0.682288638775
0.666048350277
0.65267832775
0.643217492154
0.63881034656
0.639448984367
0.643540016949
0.64621815246
0.639176014382
0.61076952791
0.549841859815
0.450406980325
0.313184628031
0.141102981085
-0.0620585900064
-0.281407093749
-0.482415156211
-0.62670200733
-0.702773126671
-0.733036663541
-0.746964671981
-0.757035172805
-0.756978547926
-0.72977718895
-0.714468149644
-0.888238367092
-0.944332771835
7.18833409193
-0.634220006619
2.36739874265
0.600066394081
1.06794136393
0.805866443216
0.856279279205
0.841183312296
0.856424694975
0.868843334646
0.881210869935
0.890665128434
0.899588854747
0.90685684707
0.912323287631
0.916663345585
0.916302905109
0.910331426727
0.900763656948
0.89030315605
0.880837108009
0.873345654094
0.868085066828
0.86477724816
0.863182509359
0.862913641295
0.863497157641
0.864625266015
0.866320911723
0.868550253067
0.871160373894
0.87403930818
0.877135208976
0.880456972004
0.884019854361
0.887747714091
0.891792539372
0.895777975732
0.898365118405
0.897923684699
0.894351795637
0.888285214394
0.880297031462
0.870749662233
0.859855320646
0.847705395386
0.834446412729
0.82037406099
0.805915129549
0.791309199521
0.777265538687
0.763979875941
0.751820980877
0.741434242525
0.733610610508
0.729722788694
0.731032880159
0.738338765128
0.750500036335
0.763603826985
0.769502761435
0.756303814275
0.710140672828
0.619897365156
0.481114503901
0.296485527015
0.0745400413029
-0.166868245025
-0.395397982662
-0.572645531473
-0.678074462521
-0.724548307968
-0.74370103917
-0.755578596571
-0.764610435624
-0.765838365367
-0.755515274516
-0.787734905945
-1.01204572202
-0.789583532272
7.37702305069
-0.692269211541
2.55788843167
0.559538832507
1.16319326545
0.834264925342
0.913116097079
0.886877988911
0.902840043575
0.911177386806
0.918769365263
0.92284796714
0.926845954224
0.928145981877
0.928320611286
0.927144759492
0.91907769291
0.904864002839
0.888715692235
0.874345633353
0.863460579217
0.856486722708
0.852913711154
0.85178306108
0.852621236095
0.854699528832
0.857338511347
0.860199349041
0.863164386752
0.866183262063
0.869226518235
0.872278992841
0.875322807821
0.87835253471
0.881366816317
0.884364694066
0.887321250903
0.890202557884
0.892983875974
0.894384079596
0.892883124987
0.888973467432
0.883452522908
0.876755236191
0.869251043733
0.861139698185
0.852621600848
0.843729959716
0.835066901962
0.826826688372
0.819342697644
0.813026083254
0.808231317951
0.805796520616
0.806895327773
0.813121987007
0.825581859693
0.844056209518
0.865303524921
0.882141630003
0.882663814223
0.851894060727
0.775124875297
0.643050391301
0.45520535647
0.220950729849
-0.0398240654084
-0.295367102906
-0.507430439616
-0.648612243983
-0.720038964632
-0.750573447237
-0.766015771357
-0.775958443348
-0.781989291921
-0.784258350992
-0.791466312818
-0.84261391499
-1.02765050774
-0.638325075282
7.51927337606
-0.724614661849
2.72241345871
0.52048774097
1.25542855813
0.856574748354
0.967888980607
0.928039926085
0.945990853576
0.949969477328
0.952811107561
0.952039474101
0.951349134727
0.946620467311
0.942265887869
0.935470490855
0.918793368779
0.896223487878
0.874608110577
0.858466948355
0.848840018495
0.844993581463
0.845350128683
0.84776511528
0.850970740719
0.854315330867
0.857583429233
0.860780679638
0.863900113627
0.866955163255
0.869966782233
0.872951468943
0.875922442447
0.878894236261
0.881882759954
0.884857027266
0.887608232496
0.890059351468
0.892054718453
0.89317507438
0.892952069335
0.89088328343
0.887896359068
0.884424759557
0.880667280141
0.876843985084
0.873369285588
0.870172699485
0.867532523854
0.865812454945
0.865162456357
0.865953120445
0.868727371553
0.87461942568
0.885109374821
0.901721075964
0.924764002671
0.952119438724
0.977504724598
0.989907226012
0.973957710877
0.913009371661
0.793746694686
0.611433970532
0.373068101778
0.0982848609595
-0.181567924138
-0.428246493999
-0.60887230275
-0.71224297998
-0.758471328356
-0.777666586041
-0.78529008463
-0.78619639225
-0.782608122846
-0.779882460395
-0.779063407805
-0.708146354769
-0.396098687982
-0.493268834774
7.62339400503
-0.734557294745
2.8602264246
0.486076338711
1.34197338671
0.87396114457
1.01990110105
0.964538289835
0.985714579303
0.984954140744
0.983197622243
0.978263205287
0.972875951141
0.962224206232
0.954415681212
0.941544161001
0.915070210141
0.884257033861
0.859283449217
0.845062258554
0.840542317215
0.841543846444
0.84460060577
0.848161096582
0.851782589101
0.855332682253
0.858683618236
0.861831986171
0.864846528711
0.867780904863
0.870669874767
0.873545492074
0.876428448731
0.87932989222
0.882255610264
0.885179983175
0.88805207988
0.890774195642
0.892685284913
0.893578501849
0.893872820847
0.893620581518
0.893101829666
0.893034430993
0.893405392746
0.894359726962
0.89620764015
0.898975961434
0.902742599351
0.907715445005
0.913996120051
0.922024413613
0.932602785531
0.947148768988
0.967184330869
0.993622269669
1.02517100636
1.05692306932
1.078938692
1.07651334244
1.03204529111
0.929505971156
0.759845447308
0.525911906837
0.244655371669
-0.0539131327146
-0.331710393854
-0.551907645367
-0.692142168499
-0.759203895102
-0.783117860293
-0.786444552308
-0.779872345529
-0.767918166655
-0.753435676393
-0.738602320541
-0.704447985593
-0.550077531487
-0.197909271691
-0.356168856587
7.69658533323
-0.725766813385
2.97207359508
0.458364065641
1.42069426133
0.887757505927
1.06842832817
0.996510117975
1.02190440869
1.01598993797
1.00996620176
1.00159585879
0.991225201138
0.975159235152
0.965204985419
0.945131693027
0.907362391643
0.86967398624
0.846108365801
0.838220848952
0.838760533476
0.841852440599
0.845440064236
0.84910013364
0.852748371683
0.856318621014
0.859688996031
0.86276761975
0.865662087158
0.868467550762
0.871217681893
0.873974763043
0.87676551523
0.879597305644
0.882452683238
0.885292985592
0.888118263225
0.89085206357
0.893107011194
0.894414545601
0.895080147524
0.896425712879
0.898674112347
0.902316097603
0.907088405576
0.913239174532
0.920869016912
0.929860387323
0.940197178751
0.95193929805
0.965204768339
0.980595395668
0.999160266805
1.02240767905
1.0514475017
1.08587545846
1.12197576221
1.15141837984
1.16059120972
1.13210073549
1.0482097533
0.896338400093
0.674566734686
0.395427233134
0.0859902848354
-0.216477658204
-0.472840634418
-0.652787077564
-0.748302936302
-0.783512217494
-0.786926977607
-0.776043443814
-0.758846068158
-0.738040217723
-0.714589160883
-0.684557850582
-0.617546599643
-0.438885298068
-0.164894168483
-0.228129511666
7.74482828001
-0.701816793779
3.0596784152
0.438457635761
1.49012776706
0.899263162094
1.11280926062
1.02429304387
1.0544888933
1.04308144312
1.03330595109
1.02210484457
1.00626551786
0.985871185832
0.974931360155
0.945550147002
0.895605149255
0.855636974612
0.838489411661
0.836705705271
0.839349827816
0.842778036884
0.846331222323
0.849953363715
0.853595843128
0.857188993815
0.860607831531
0.863697781829
0.866467576221
0.869071719679
0.871650397582
0.874271197789
0.876962487845
0.879718695444
0.882502065482
0.885302070262
0.888123706099
0.890820262309
0.892993548808
0.894449804691
0.895830611558
0.899128097724
0.904549710519
0.912272390635
0.921829058196
0.933496658257
0.947145327375
0.962505155929
0.979454925585
0.997969022912
1.01824162545
1.04104244225
1.06753534334
1.09895586098
1.13540113905
1.17440821746
1.20920470752
1.227898806
1.21394900647
1.14908765136
1.01806665147
0.814530863535
0.545714474738
0.234173500807
-0.0851419543336
-0.372349645493
-0.5919754043
-0.723777397863
-0.77923903021
-0.78968631594
-0.778920681288
-0.759799541252
-0.736622482009
-0.709673161902
-0.678495675405
-0.636239097115
-0.551959540678
-0.380991981274
-0.169365834671
-0.109704695491
7.77293763548
-0.665862892417
3.12531289965
0.42673753904
1.54946829999
0.909604985515
1.15251476148
1.04834130815
1.08343471584
1.06638958967
1.05350296039
1.03982392727
1.01801819864
0.994899804944
0.983364026264
0.941928475397
0.881410718028
0.84497405564
0.835998163106
0.837225509231
0.84029776995
0.843641085371
0.847113780247
0.850688185838
0.854318638464
0.857934727703
0.861414834945
0.864565475142
0.867235990939
0.869618716786
0.871982905404
0.87444675849
0.87702851415
0.879698151402
0.882416281088
0.885192322328
0.888007552679
0.890630590045
0.892589145105
0.894068044917
0.896709851284
0.902201335883
0.911084088555
0.923128480517
0.937761447518
0.955143169314
0.974901857852
0.996657151272
1.02017238669
1.045385819
1.07258939685
1.10263198648
1.13652006219
1.17472213952
1.21567227745
1.25424052321
1.28035534321
1.27906300966
1.23237023589
1.12347720683
0.942258804402
0.690647687705
0.385624487055
0.0581814831958
-0.252642370047
-0.508646422842
-0.681618898103
-0.766536411403
-0.79109746944
-0.784243062776
-0.764510228919
-0.740076536393
-0.712417493885
-0.680782810545
-0.64359029752
-0.592291745779
-0.500306808481
-0.342025727796
-0.167975577928
-0.00107131557621
7.78475189452
-0.620472491709
3.17141942834
0.423033637419
1.59844935508
0.919659136116
1.18718511339
1.06914844356
1.10876345969
1.08620395202
1.07087141439
1.05477328585
1.02672236408
1.00272452938
0.989830325922
0.934040921653
0.867741077987
0.839161571705
0.835810464719
0.838120685117
0.841142122934
0.844367526541
0.847750607309
0.851269757406
0.854882967063
0.858520550151
0.8620596308
0.865288233525
0.867959316279
0.87013042994
0.872225956074
0.874507821511
0.87696324404
0.879544475503
0.88221908764
0.884989545078
0.887785591441
0.89030346768
0.892185362377
0.8939076309
0.898173808796
0.906141783351
0.918723027229
0.935226022735
0.955092776462
0.978249347325
1.00409819339
1.03215745402
1.06208253307
1.09380205858
1.12765756072
1.16438082525
1.20443220214
1.24696176361
1.28817341998
1.3199569213
1.32921872177
1.29908705519
1.21211571528
1.0554151343
0.826074537367
0.535196220615
0.208506608268
-0.117600552296
-0.404117016701
-0.617932624339
-0.741088990296
-0.787801424332
-0.790236930496
-0.772340535219
-0.747298499832
-0.719539511054
-0.688901704712
-0.654256630464
-0.61350376634
-0.557047535183
-0.462126576197
-0.312802004671
-0.159568407951
0.0980241826646
7.78333979435
-0.567668288191
3.20029513676
0.426775046993
1.63719615712
0.930047005622
1.21665295905
1.0871974951
1.13056065596
1.10288691499
1.08568418187
1.06699975213
1.03283813297
1.00973286656
0.993787621109
0.922733312518
0.855996227883
0.836961187601
0.836426486861
0.838937628179
0.841822473318
0.844924191126
0.848206129112
0.851655846481
0.855244833586
0.858905839462
0.862511166348
0.865839532918
0.868570470398
0.870569039775
0.872383469143
0.874454579866
0.876766479718
0.879264478433
0.881910625099
0.884676588801
0.887414571759
0.88971963884
0.891548773138
0.894134279865
0.900328636612
0.911314551615
0.927838128415
0.948917389297
0.974072788109
1.00294190404
1.0347435955
1.06888550747
1.10492596798
1.1427676629
1.18266719657
1.22494828674
1.26907419883
1.31236959746
1.3484534176
1.36633046516
1.35070932334
1.28444237008
1.15281705721
0.948932896895
0.678234738469
0.36052811374
0.0279484031241
-0.281395828711
-0.531826266096
-0.697672767576
-0.775549661946
-0.793958041382
-0.781629135069
-0.757060075778
-0.728747886633
-0.698523575499
-0.665344895464
-0.628032744306
-0.584875521789
-0.527437455776
-0.435507584006
-0.296312216522
-0.157414517387
0.188097540662
7.77090471814
-0.508931202126
3.21402545391
0.437168049367
1.66613194404
0.941209015514
1.24095965045
1.10293393298
1.1489713464
1.11680046854
1.09813743674
1.07660270016
1.03697766254
1.01625836503
0.995333552023
0.910242263579
0.847509958926
0.83624535066
0.837090055164
0.839569468072
0.842323379615
0.845295644896
0.84845107937
0.851800605507
0.855348157701
0.859042697801
0.862730268276
0.866173485713
0.868999851363
0.870914668665
0.872463677709
0.874284987853
0.876438650074
0.878859281889
0.881484390979
0.884224395966
0.886849520692
0.88903021891
0.890971677236
0.895238104738
0.903632367315
0.918093696308
0.938720898144
0.964483777235
0.994902082721
1.02932191873
1.06682069791
1.10668328444
1.14836794
1.19167368587
1.23656101452
1.28259563462
1.32780727928
1.36733290906
1.39216104576
1.38895732225
1.34151606843
1.23430885802
1.05735202529
0.811087753279
0.509328898792
0.178928641431
-0.144666497757
-0.425050759244
-0.632156969205
-0.749683939588
-0.791760161631
-0.790157225622
-0.768370259145
-0.739648174722
-0.708908272251
-0.676390184629
-0.640567520286
-0.600142272774
-0.553943891218
-0.496100810746
-0.410492666231
-0.283892197886
-0.15740160304
0.269365092312
7.74854108946
-0.445278322714
3.21476849626
0.453604849483
1.68600022393
0.953487766134
1.26034114032
1.11674389603
1.16417666423
1.12825770059
1.10835091416
1.08375235946
1.03977919563
1.02248876713
0.994921437011
0.898222136928
0.842318080529
0.836182859853
0.837584685082
0.840003739505
0.842616250792
0.845445960228
0.848480617009
0.851729726423
0.855201744693
0.858901024759
0.862684575237
0.866260444778
0.869210747516
0.871119214158
0.872440836231
0.873993058043
0.87598522189
0.878340590751
0.880957434923
0.883655416241
0.886091245173
0.888228674135
0.890864702081
0.897108327848
0.908367577628
0.926711281839
0.951583048907
0.982107054336
1.01768276952
1.05740318358
1.10022309751
1.14528875439
1.19192172727
1.23968012854
1.28796537345
1.33523107046
1.37772805175
1.4082681906
1.41552207204
1.38476896373
1.30046282644
1.15054281966
0.931237606439
0.650758128425
0.330232092468
0.00107230474153
-0.301195790292
-0.544277741552
-0.704915551024
-0.779490492305
-0.795147936891
-0.77997085284
-0.752173154307
-0.720553983653
-0.687595547999
-0.652629245987
-0.613803875157
-0.569637732792
-0.519679907153
-0.460612469115
-0.379272319467
-0.262705694171
-0.146504569016
0.340827289654
7.71600736341
-0.376884852258
3.20542599892
0.476081646544
1.69780784099
0.967107183639
1.27513952802
1.12891779532
1.17636792049
1.13750205551
1.11640925969
1.08867146618
1.04171867716
1.02818326381
0.992576349041
0.887301544042
0.83933390499
0.836474905392
0.837931751773
0.840225181249
0.842680609931
0.845367987166
0.848286931733
0.851442267499
0.854837361906
0.858492023073
0.862349387422
0.866079128006
0.869178543624
0.871128422662
0.872269938144
0.873562458299
0.87539307917
0.877681751174
0.88025652413
0.882831643519
0.885099562683
0.887514843362
0.891859208928
0.900126819048
0.914876265395
0.937317143112
0.966562513338
1.00186254085
1.0424074073
1.08708380213
1.13471697428
1.18428545261
1.23489674248
1.28568534279
1.33521719099
1.38053116921
1.41590929911
1.43197442378
1.41573747063
1.35234421524
1.22854755906
1.03728387879
0.781753383849
0.477430047193
0.150890536745
-0.164707286218
-0.436467159393
-0.637560847163
-0.752536295291
-0.793115324025
-0.789873704951
-0.765723244851
-0.733983844809
-0.700061286486
-0.664886904953
-0.627273777687
-0.585332075902
-0.538135199673
-0.486161914625
-0.426495158321
-0.347435057334
-0.237599694069
-0.1286812271
0.399795679249
7.67330362198
-0.302660169114
3.1892914941
0.504868157246
1.7024799982
0.982026194327
1.28568167123
1.13962701621
1.18573248862
1.14472460373
1.12239603137
1.09158592921
1.04294560478
1.03255545481
0.987884392294
0.877499097237
0.837682857425
0.836851723432
0.838138542716
0.840212877697
0.84249064488
0.845037201022
0.84784554026
0.850914385048
0.854238981516
0.85783811674
0.861731976316
0.865613652027
0.868882639146
0.87091132425
0.871922938425
0.872986826742
0.874675953755
0.876918040313
0.879457415337
0.881979808823
0.884511093845
0.887380991513
0.893717318752
0.904643852513
0.923372717956
0.950018813255
0.98373012653
1.02372573767
1.06895834557
1.11813347058
1.16991782771
1.22307395913
1.27638015746
1.32834527009
1.37644863318
1.41611215129
1.43965863518
1.43593824954
1.39124685855
1.2919897724
1.12870208564
0.900317426633
0.616976513769
0.30012176185
-0.0205651589039
-0.312872981975
-0.548266475267
-0.705762719737
-0.780069557781
-0.795289094458
-0.778895366054
-0.74886700822
-0.71436103806
-0.678383693897
-0.640884880299
-0.600622812394
-0.556559669151
-0.50852342759
-0.455996374926
-0.39576394216
-0.318171757678
-0.212251519142
-0.107097347528
0.443789415632
7.62565050337
-0.222492573948
3.16742425293
0.539334541879
1.70046042199
0.997883846267
1.29224421885
1.14894696861
1.19246356443
1.15008616137
1.12641090854
1.09266634917
1.0432794483
1.03457848316
0.980514089068
0.868918781995
0.836692332903
0.83696493905
0.838065628197
0.839895607032
0.842005349999
0.844422296213
0.847131453814
0.850124756481
0.853392581314
0.856947062937
0.860832402439
0.864846612846
0.868306486864
0.870442299867
0.871370190811
0.872241737553
0.873802137018
0.875971462255
0.878391563852
0.880805788614
0.88386606276
0.888303972815
0.89649948145
0.910952738753
0.933917731852
0.964867412274
1.00306953147
1.04757206796
1.09710398689
1.1501845698
1.20527978351
1.26086590949
1.3152550089
1.36613595806
1.4097109326
1.43971946934
1.44675073837
1.41855290284
1.34183244897
1.20561771645
1.00535993512
0.746355868845
0.444928052306
0.126658262208
-0.17810056065
-0.440198645264
-0.636173209821
-0.751209692873
-0.792703636898
-0.789523341065
-0.764217020022
-0.73030336453
-0.693667016695
-0.655718327512
-0.616165439913
-0.574635052156
-0.530666916926
-0.482859304014
-0.429721186025
-0.369152634333
-0.292227858113
-0.187639582242
-0.0829764068595
0.473717440218
7.58626465767
-0.141150108994
3.13627329174
0.577306354435
1.69183713651
1.01427604324
1.29513044348
1.15691130342
1.19677341554
1.15373501524
1.12856130808
1.09202182646
1.04239861973
1.03349717096
0.970704197524
0.86200135689
0.835859412093
0.836521675175
0.837557253352
0.839199565546
0.841180284068
0.843492007583
0.846119326773
0.84905038527
0.852273328585
0.855792775853
0.859662790736
0.863792610876
0.867446242738
0.869704977483
0.870591788984
0.871319975093
0.872782527619
0.874882448302
0.877280292468
0.880093335006
0.883304826841
0.889949398606
0.900707519182
0.91926663133
0.946536853363
0.981859391121
1.0244683172
1.0731744495
1.12649264031
1.18272918422
1.24009762424
1.29670238158
1.35024913058
1.39744560082
1.43311459615
1.44940386112
1.43560584578
1.37922915922
1.26857619579
1.09646592864
0.863925457847
0.582338287108
0.272881963339
-0.0368105949443
-0.317925892107
-0.545660362067
-0.701568136521
-0.778164246374
-0.794718516602
-0.778442230663
-0.747205634164
-0.710631393294
-0.672243922831
-0.632911290574
-0.593089957808
-0.552586914966
-0.509592755057
-0.461867015173
-0.408550866366
-0.347718049036
-0.27029235462
-0.164109375467
-0.0564256885742
0.490796859697
7.56426132661
-0.0620643328196
3.09257914507
0.617483417674
1.67713457315
1.0309718848
1.2947150927
1.16355055988
1.19889608035
1.15581240478
1.12896355931
1.08975581111
1.04009838063
1.02917992866
0.959349462289
0.856881866051
0.835031156764
0.835481449354
0.836559550388
0.838094989327
0.839990049032
0.842224768908
0.844789934829
0.847673483071
0.850863315485
0.854357218188
0.858212864855
0.862438364565
0.866284749126
0.86867940085
0.869557991963
0.870178812461
0.871536775226
0.873477099099
0.87572154724
0.879179977172
0.883877334565
0.892407281701
0.906667668007
0.929610256342
0.961229619599
1.00091963859
1.04772148276
1.10020296436
1.15665206452
1.215124477
1.27352438465
1.32949322284
1.3800056316
1.4206802175
1.444963571
1.44366515729
1.40539754118
1.31840512098
1.17369851087
0.968733040747
0.710240611879
0.414857477418
0.106932929655
-0.185922376665
-0.438126254973
-0.629568140891
-0.746400823068
-0.790889268793
-0.789189240374
-0.763884159017
-0.728754135361
-0.690317863963
-0.651029603372
-0.612309618684
-0.574457262759
-0.535736241239
-0.493727371215
-0.446710531828
-0.39387046624
-0.332944622857
-0.253716042529
-0.142309077133
-0.0270911829126
0.503610059229
7.55445455515
0.00501261161407
3.04158433842
0.661146907212
1.65715716026
1.04777602563
1.29137027129
1.16890441911
1.19908831957
1.15646445409
1.12776299485
1.08603870143
1.03640279045
1.02195204585
0.947192459988
0.852958370481
0.834155290616
0.834069914926
0.835140611674
0.836597046495
0.83843133399
0.840610749901
0.843130745084
0.84597990912
0.849146989068
0.852625171811
0.856470668858
0.860763291464
0.864800203715
0.867350112929
0.868251912805
0.868798314223
0.870045016957
0.871884139876
0.874451399477
0.878110863127
0.885360055786
0.89629775685
0.914638836064
0.941981981839
0.97795522233
1.02188464191
1.07253202771
1.12822524144
1.18699516772
1.24660890196
1.30460320465
1.35807191574
1.40316385278
1.43436650757
1.4438696608
1.42154989114
1.35609229189
1.23746827798
1.06032228303
0.827185663293
0.550115739415
0.249755576616
-0.0481836169623
-0.317925155286
-0.538107213341
-0.693036163749
-0.773729921409
-0.793380588228
-0.778508715071
-0.747140380241
-0.709505733614
-0.670290817504
-0.632158302518
-0.596210736085
-0.560971633673
-0.524267742428
-0.484110469493
-0.438728552864
-0.387342393832
-0.327137225825
-0.245181212578
-0.123761823713
0.00577822090427
0.518389940773
7.54498432375
0.0588578742931
2.99305727899
0.705321067269
1.63290384916
1.0642902397
1.28550334774
1.1730400024
1.19763152876
1.15585531928
1.12516221784
1.08113666642
1.03148908933
1.01223666674
0.934447957456
0.849544197088
0.833055005664
0.832368042107
0.833354593922
0.834727543974
0.836510129147
0.838647824277
0.841135195313
0.843960407995
0.847113395811
0.850586624251
0.854433002983
0.858759746485
0.86297080906
0.86570206494
0.866654474935
0.867138761165
0.868227283128
0.869946901376
0.873410608182
0.878502383655
0.887803102443
0.901903990603
0.924640125689
0.956346617812
0.996602858053
1.04450122584
1.09851242663
1.15670940977
1.21683305001
1.2763278411
1.33231045909
1.38125874295
1.41843933895
1.43724239674
1.4288363223
1.38270320184
1.28842521539
1.13861593694
0.932198857697
0.676790351555
0.388963410567
0.0918803956777
-0.189139883936
-0.43156976143
-0.618518355101
-0.737819757772
-0.787301456274
-0.78853101697
-0.764412518831
-0.729112171098
-0.69030779884
-0.652342598877
-0.61755433575
-0.584908301864
-0.552501427612
-0.518796995077
-0.481579818554
-0.438856417177
-0.390215048369
-0.332745876827
-0.248819512561
-0.111545700263
0.0436370112484
0.535409855583
7.52928621043
0.109427044634
2.94554673128
0.745497642967
1.60832569787
1.07922359219
1.27789972904
1.17591071685
1.19484106547
1.15414704555
1.12143127088
1.07539296254
1.02556849374
1.00037812411
0.921234476618
0.846076040733
0.831500480374
0.830326119029
0.831200421213
0.832491879068
0.834229263111
0.836335073149
0.838798758349
0.84160722374
0.844751337655
0.848224245612
0.852074939824
0.856427075483
0.860796582663
0.863720663607
0.864735437866
0.865130771424
0.866057748735
0.868016132591
0.872332134495
0.880199216152
0.89149350862
0.909465430847
0.936617984169
0.972616149689
1.01696831849
1.06842771328
1.12518588364
1.18503282651
1.24539483602
1.30336731581
1.3556053427
1.39792371831
1.42469551055
1.42832637885
1.39931188883
1.32737604568
1.20382910344
1.02467731639
0.793434773032
0.522404158917
0.231556154377
-0.0549817848592
-0.313808460689
-0.526486811348
-0.680226732828
-0.766141426528
-0.790754115751
-0.77855966668
-0.748139532421
-0.710642090489
-0.672687556279
-0.638355906467
-0.607444449414
-0.578129343732
-0.54945873698
-0.519924082582
-0.487063784774
-0.448523440436
-0.404552664645
-0.353916288744
-0.273325023167
-0.114974614901
0.087427592388
0.553950060306
7.50626577324
0.160631322544
2.89639286092
0.783261936098
1.58332233512
1.09197242838
1.26945613383
1.17723777984
1.19103148294
1.15143890406
1.11686356457
1.06916760702
1.01883011879
0.986822140142
0.907877970845
0.842254870298
0.829318574641
0.827860771041
0.828646272703
0.82988129394
0.831585129162
0.833669763334
0.836117336046
0.83891406311
0.842051851242
0.845524895906
0.849377256712
0.853745579807
0.858264913295
0.861397285547
0.862484696671
0.862775092478
0.863709045264
0.866814732303
0.872420437222
0.882698100097
0.896684267993
0.919007182613
0.950472279232
0.990633671957
1.03875637722
1.09323813024
1.15199159859
1.21249679738
1.27185404417
1.32679326716
1.37348028916
1.40704415263
1.42100002328
1.40696540376
1.35521046042
1.25639607804
1.10432458775
0.898914715067
0.648228716955
0.368514860623
0.0818456876718
-0.188176818845
-0.421290424843
-0.603440611269
-0.725126820902
-0.781337523824
-0.786953491019
-0.765115453601
-0.730708570552
-0.693159576794
-0.658624904802
-0.628562056883
-0.601258282171
-0.575974927696
-0.551855724043
-0.52756001125
-0.500704797674
-0.46827017353
-0.430703529939
-0.391344388365
-0.326248028493
-0.151209876947
0.133745553827
0.573537477546
7.47583228573
0.213427665037
2.8450097927
0.819225641931
1.55785422207
1.10257741467
1.26029966644
1.17708538778
1.18637100766
1.14788121173
1.11174060026
1.06274168764
1.01143625462
0.972275847149
0.895173734955
0.838043108218
0.826389076986
0.82491053942
0.825659755686
0.82688207508
0.828571398898
0.830647588242
0.833086545688
0.835874950939
0.839006127796
0.842475241523
0.846319549854
0.850684663909
0.855335593798
0.858673056682
0.859797806381
0.859910170115
0.861079778617
0.865786404426
0.874165317696
0.88605599587
0.903669549854
0.930418529104
0.966059044986
1.01015655159
1.0615878792
1.11842813285
1.17829555104
1.23834732352
1.29535987999
1.34569241335
1.38500804813
1.40775064109
1.40666531159
1.37285938141
1.29690707122
1.17110762285
0.992388130998
0.764821946465
0.500642413737
0.219051674786
-0.0571225152107
-0.306120003956
-0.511622051575
-0.663657371906
-0.755001262838
-0.786296833389
-0.777934167043
-0.749499264883
-0.713531965428
-0.678556540058
-0.648415665356
-0.62217994851
-0.599032189927
-0.57837564047
-0.559375483435
-0.541221812702
-0.522179437888
-0.498784976587
-0.470447661201
-0.446908231962
-0.419377213283
-0.268488017915
0.126062941175
0.594044567856
7.43787016789
0.268026351336
2.79144484307
0.85355737235
1.53193806391
1.11112641035
1.25044837108
1.17555398118
1.18097136173
1.14363455723
1.10630971692
1.05634991604
1.00366152698
0.957866843094
0.884140286295
0.833549585495
0.822679073223
0.821445271383
0.822225451294
0.823483742848
0.82518353269
0.827265034259
0.829703247081
0.832486101668
0.835608955878
0.839068075971
0.842893267059
0.847236634326
0.851999703215
0.855530621396
0.856681468789
0.856828144609
0.859230405505
0.86514411108
0.876413830513
0.890674628237
0.91255269296
0.943551618284
0.983187939879
1.03085620868
1.08500747525
1.14342229684
1.20340642824
1.26180037551
1.31507092466
1.3592119338
1.38938052487
1.39936111327
1.38127137995
1.3260671812
1.22520871193
1.07328958641
0.87080455734
0.625930117274
0.35440759135
0.0772600065162
-0.183201401197
-0.408097819819
-0.585366677515
-0.708418031699
-0.772098062172
-0.783854874213
-0.765388347437
-0.733114341313
-0.698232589666
-0.66743087303
-0.641361279458
-0.619155082553
-0.600506679007
-0.58465876486
-0.570967819404
-0.559234589085
-0.54895465843
-0.537496873054
-0.522317121375
-0.514011720479
-0.530370652197
-0.482194148704
-0.106052638667
0.615377475883
7.39210946047
0.32449639273
2.73581179135
0.886239097709
1.50563244145
1.11764758884
1.23989313233
1.17270163988
1.17488350998
1.13881494143
1.1007500244
1.05019334926
0.996015504397
0.944836603727
0.875394410083
0.828916556615
0.81828502652
0.817483511653
0.818354073188
0.819686657084
0.821421867941
0.823522074759
0.825966764657
0.828745996803
0.831857015662
0.835296583862
0.839085565688
0.843373742299
0.848184382792
0.851817819365
0.85288593714
0.853193681923
0.857689371246
0.866470927661
0.87928430716
0.896932079028
0.923189848805
0.958225480999
1.00159323114
1.05232457719
1.10849115419
1.16758541161
1.22659579963
1.28206966288
1.33018898223
1.36659339636
1.38593828171
1.38140058068
1.34467496976
1.26699512019
1.14130833936
0.965056767616
0.74251745263
0.485634965352
0.212785019922
-0.0543559139757
-0.295111125574
-0.494228830838
-0.643804406266
-0.739580754656
-0.779179426231
-0.776178999768
-0.750882259659
-0.717614541058
-0.686162606204
-0.659601244625
-0.637334014077
-0.619357391213
-0.605123947214
-0.593899157883
-0.585214453016
-0.579142450519
-0.576283141231
-0.576202506215
-0.575617721554
-0.574452853318
-0.595391476324
-0.701585591573
-0.967669959246
0.637548133239
7.33820849592
0.38284448548
2.67821404054
0.917185119474
1.47895883481
1.12213072595
1.22859023467
1.16853609181
1.16810239786
1.13347344603
1.09515845834
1.0444422978
0.989047908807
0.93404763686
0.869062072369
0.824298150466
0.813371107783
0.81307570908
0.814074870304
0.815502721549
0.817292198562
0.819422963631
0.821880812783
0.824658463313
0.827754652517
0.831166634124
0.834909142306
0.839122353628
0.843901277037
0.847578570886
0.848765991316
0.850199438549
0.856147917779
0.868383754749
0.883341290985
0.905017828859
0.935407521234
0.974226649864
1.02092156975
1.07408076215
1.13145316285
1.19023747417
1.24712104974
1.29839574945
1.33998977616
1.36720009651
1.37418846897
1.35361020546
1.29700595534
1.19637401045
1.04672531632
0.848755389328
0.61048976986
0.347061331829
0.0784834464721
-0.174020923858
-0.392310400631
-0.565140171107
-0.688258714533
-0.758869150488
-0.778681606
-0.765110608298
-0.736198308408
-0.704808543894
-0.677432390727
-0.65450383559
-0.636179802012
-0.6221873838
-0.611741490399
-0.604145847074
-0.598778876135
-0.595235956675
-0.593912344489
-0.595632054418
-0.59741773498
-0.587605973238
-0.566784866515
-0.627612204056
-0.939563648584
0.660512341307
7.27573335896
0.443008878595
2.61873938847
0.946251381189
1.45190634825
1.12452274355
1.2164530326
1.163010289
1.16055993463
1.12758019013
1.08954074124
1.03918521118
0.983143034541
0.925895486131
0.864825887109
0.819844275324
0.808106716876
0.808275098487
0.809420805222
0.810949918423
0.812805578132
0.814976413795
0.817453382425
0.820231573915
0.82331026136
0.826686828674
0.830375462351
0.8344972791
0.839073516943
0.842512810317
0.844020732661
0.847902417206
0.857154414831
0.871062413645
0.888952858899
0.914783450685
0.948994416469
0.991267892439
1.04073642179
1.09557929217
1.15325595058
1.21067194431
1.26425015637
1.31007377885
1.34384930625
1.36053494227
1.3538136515
1.3159462627
1.23865639628
1.11522604613
0.943237668605
0.726855698484
0.477575845261
0.212951603707
-0.0463957002614
-0.280662876721
-0.474884962662
-0.621845778432
-0.720217160634
-0.768493295393
-0.773023317
-0.752514990232
-0.723083548519
-0.695084850564
-0.671291190188
-0.652020223418
-0.63742908746
-0.626717331629
-0.618954875257
-0.613287884966
-0.608676587456
-0.603848921789
-0.598200516455
-0.592961302542
-0.587009054592
-0.56360196139
-0.500960414628
-0.479251824938
-0.728031344372
0.684287318005
7.20419965899
0.504863655347
2.55747028453
0.973248988833
1.4244278796
1.12473417389
1.20335046
1.15602498062
1.15212288868
1.12102397591
1.08379400507
1.03437305248
0.978415350808
0.920297101749
0.862086437892
0.815624667673
0.802611368601
0.803104103391
0.804414100486
0.806045654048
0.807975835827
0.810195020849
0.812697141554
0.815479267359
0.818541030073
0.821881381276
0.825521313651
0.829562168774
0.833897359155
0.837101155753
0.839722490635
0.845797278785
0.859163028869
0.874801797887
0.896297593738
0.926007922639
0.963691408036
1.00896152717
1.06052331741
1.11621636699
1.17322338605
1.22817670454
1.27728658381
1.31647927181
1.34126327843
1.34625062001
1.32467165546
1.26857384302
1.17026287591
1.02482540494
0.832808045441
0.601847949062
0.346413041035
0.085592992725
-0.160364466338
-0.373856985009
-0.543489231893
-0.665831176459
-0.741586722747
-0.770846361536
-0.764214499734
-0.740114603339
-0.712650594167
-0.68808426527
-0.667585179582
-0.651880632319
-0.64041997934
-0.632062069404
-0.625698687583
-0.620201992894
-0.614166010942
-0.605730939668
-0.593643737222
-0.579755633059
-0.566060921007
-0.537287191937
-0.463185227634
-0.412665699664
-0.618966416393
0.70883372096
7.12305034625
0.56820821313
2.49448381103
0.997950206698
1.39644151683
1.12264200482
1.18910941171
1.14743144839
1.14259974258
1.11361379752
1.07771159946
1.02980246618
0.974689709514
0.916760665081
0.860207855964
0.811831536332
0.796930101938
0.797564963636
0.79906723886
0.800805503413
0.802818775581
0.805094366146
0.807627908642
0.810418046261
0.813464902996
0.816770336765
0.82036222713
0.824291235039
0.82824546546
0.8312626016
0.836410460642
0.846216407639
0.861909111597
0.879865833768
0.905216313272
0.938402694411
0.979155024877
1.02682293662
1.07969911505
1.13533852386
1.19065758936
1.24205606117
1.28559388151
1.3170892689
1.33186021488
1.32415133585
1.28679086731
1.2118565418
1.09268622706
0.926653701081
0.717509044868
0.476149151456
0.21934161825
-0.0332129750534
-0.26250942973
-0.453716392799
-0.599132968889
-0.698621622415
-0.754077063725
-0.767987528701
-0.754124368837
-0.729625717046
-0.704920885627
-0.683259138348
-0.666121333465
-0.653554425799
-0.644439600449
-0.637448368598
-0.631250341931
-0.624502682775
-0.615709188504
-0.603008413614
-0.585275620108
-0.565421135291
-0.548624970467
-0.523679914748
-0.460553287868
-0.415109726622
-0.57215842152
0.734151805142
7.03168990919
0.632771835873
2.42985479564
1.02009773822
1.36783265941
1.11809637556
1.17352074899
1.13704070623
1.13174978994
1.105097211
1.07100197511
1.02515060878
0.971586779592
0.914580549023
0.858710330455
0.80855082164
0.791180521602
0.791670225527
0.793378471128
0.795245505322
0.797354455398
0.799694985352
0.802265869101
0.805068875295
0.808106826038
0.811387781901
0.814942610623
0.818739284448
0.822322205659
0.825702185548
0.833772071666
0.848600656154
0.8655579083
0.886496106562
0.915421378963
0.951622466496
0.994935015277
1.04428113012
1.09762134646
1.15225592412
1.2048584731
1.25165386226
1.28861795612
1.31149913808
1.31540683586
1.29418935827
1.24036164028
1.1463453975
1.00698768985
0.822352036123
0.599448831045
0.352020309572
0.098344275854
-0.142163534876
-0.352446283605
-0.520782678663
-0.643017176175
-0.721661509252
-0.75955929135
-0.762084682016
-0.744549022009
-0.721328903034
-0.699070908935
-0.680447383708
-0.666475108648
-0.656387082548
-0.648788445713
-0.64219151724
-0.63508924573
-0.626101420424
-0.613980953289
-0.597415555712
-0.575956997493
-0.553357881822
-0.53655748609
-0.518171269986
-0.472199440089
-0.436983800466
-0.525574462099
0.760197924405
6.92947230458
0.69820612661
2.36365335398
1.03941111471
1.33845576926
1.11092605766
1.15634636589
1.12463207628
1.11929843373
1.09517826356
1.06332482948
1.02003359337
0.968634292292
0.913073758306
0.857508965478
0.805940696323
0.785507440621
0.785462338629
0.787376990988
0.789399869477
0.791616138887
0.794027679732
0.79663946121
0.799458540744
0.802494325125
0.805766185174
0.809297093586
0.812957611325
0.816384671947
0.821184893258
0.832859304502
0.852129709096
0.870330538921
0.894610236972
0.926542174628
0.965248310887
1.01047773381
1.06069262382
1.11359939255
1.16625937583
1.21514554088
1.25637592755
1.28590695009
1.2994328892
1.29180780227
1.25645686544
1.18572772488
1.07276677112
0.914402808857
0.713669561914
0.480699620083
0.231497153617
-0.014992665049
-0.240444730105
-0.430267780603
-0.575968800618
-0.676594967461
-0.736669176457
-0.760123352703
-0.754992571574
-0.736348420975
-0.714696046146
-0.694901386427
-0.679350868367
-0.668029182189
-0.659674791673
-0.652743186053
-0.645610788831
-0.636714669279
-0.624815907006
-0.60911930377
-0.589033570031
-0.564548137913
-0.538642600375
-0.517253739717
-0.498506520869
-0.470432261162
-0.450000086902
-0.465300247044
0.786945562756
6.81572465381
0.76408409349
2.29594417936
1.05559417255
1.30813820716
1.10094536209
1.13732753886
1.1099637481
1.10494902572
1.08353825394
1.05431997268
1.01406047721
0.965392657739
0.911759510228
0.856818241538
0.804438638038
0.780156344348
0.779045638905
0.781112169802
0.783304946552
0.785633897442
0.788117400345
0.790769929048
0.793606636262
0.796648404354
0.799930634621
0.803461765058
0.807075679036
0.810957403496
0.81857460179
0.835352233794
0.856928402731
0.87637005678
0.903829223105
0.938102985491
0.978744600398
1.02513237301
1.07535379731
1.1269087315
1.17664077364
1.22088014089
1.25571189851
1.27712652718
1.2807480475
1.26109917986
1.21117615881
1.12337710005
0.99200961845
0.816311038597
0.602409927206
0.363232290699
0.116339727241
-0.119486273963
-0.327682430922
-0.496446083975
-0.620434982301
-0.701422735126
-0.745394229556
-0.757673616029
-0.748117965667
-0.729365099089
-0.709266508694
-0.692217178325
-0.679433506477
-0.670089388303
-0.662674721513
-0.655498563856
-0.646824730402
-0.635057129806
-0.618993022523
-0.597942263406
-0.571389110847
-0.538708605159
-0.500642301687
-0.462674050292
-0.436885512932
-0.434753761152
-0.436829412679
-0.396353910131
0.814334147763
6.68974260688
0.829893515105
2.22678242474
1.06834147112
1.27668404236
1.08796067817
1.11619303328
1.09278090898
1.08839305555
1.06984389565
1.04361797321
1.00685085155
0.961499219319
0.910393665944
0.856756795796
0.804346489556
0.775587929845
0.772563394339
0.774650131667
0.777003044741
0.77943694887
0.781985400594
0.784672968493
0.787526978521
0.79058611275
0.793903064587
0.797466573708
0.801210785444
0.80648689519
0.81923608206
0.841231069923
0.86254645817
0.883525459398
0.913598221078
0.94952504387
0.991449986775
1.03816419866
1.08751361032
1.1368091631
1.18271504091
1.22148810004
1.24925411076
1.26207069354
1.25543367387
1.22343848772
1.15868875234
1.0539340725
0.905110152468
0.714201146922
0.49037650043
0.248859592013
0.00800178055547
-0.21433895654
-0.403867594993
-0.551709954061
-0.655433695735
-0.718995351168
-0.749483687288
-0.753680086838
-0.741437909298
-0.722900840875
-0.704903388362
-0.690574191903
-0.679962161971
-0.671771976588
-0.664260946925
-0.655501026664
-0.643516214483
-0.626418793442
-0.602594393017
-0.570910751489
-0.530730648219
-0.481976205938
-0.427337029646
-0.379555989924
-0.365897229794
-0.397163129538
-0.414806274186
-0.333410403987
0.842281330059
6.55080024639
0.895030804394
2.15621171281
1.07734659631
1.24388096489
1.07177857512
1.09266883503
1.0728251344
1.06931793461
1.05375249597
1.03083379178
0.998002463419
0.956588561761
0.908764251576
0.857338191199
0.805827297916
0.772417789416
0.766225972076
0.768087933874
0.770556512803
0.773069639224
0.77566283146
0.778368455714
0.781229338854
0.784306966715
0.787666795488
0.791294515943
0.795489657349
0.803246275395
0.822937440363
0.84823160953
0.86792226356
0.891284123831
0.923169564043
0.960120490803
1.00259579953
1.04877826417
1.09639293653
1.14256715113
1.18384377965
1.2164810297
1.23671374879
1.24066627688
1.22360313336
1.17909106927
1.09944522409
0.978150402032
0.813232529396
0.609630703202
0.3793172172
0.139188433788
-0.0923840162453
-0.299103696234
-0.469269763642
-0.596908181921
-0.682141619702
-0.730576295862
-0.750115342265
-0.748379831167
-0.734430063861
-0.716929833156
-0.701341492199
-0.689273479011
-0.679977058069
-0.671779300342
-0.662571551094
-0.650014033737
-0.631676042181
-0.605197566501
-0.568665366836
-0.521408938453
-0.465112622803
-0.404957837784
-0.351527022232
-0.323443949727
-0.338600754742
-0.379954497069
-0.392366439426
-0.287862314759
0.870663486095
6.39815891148
0.95880099144
2.08426333815
1.08231194023
1.20950849998
1.05221511165
1.06648882522
1.04984492716
1.04741709602
1.03491800347
1.0155617052
0.987065395004
0.950217234827
0.90654273723
0.858419499869
0.808948407528
0.771423921234
0.760417314485
0.761521528873
0.764025263809
0.766577418766
0.769184180837
0.771884064574
0.77474350841
0.777855911838
0.781307401881
0.785205948716
0.790726924374
0.803075645395
0.828326384266
0.853700616043
0.872982474756
0.898911690622
0.931705931879
0.969102175669
1.01133458282
1.05614651185
1.10120879755
1.14348162504
1.1794586
1.20547606546
1.21793172161
1.21297174681
1.18548132274
1.12841591611
1.03399565761
0.896895240609
0.717643133272
0.504179641481
0.270870070626
0.0355812580609
-0.184008242477
-0.373644704542
-0.524363689165
-0.632920035011
-0.701577545321
-0.737110367073
-0.747902483734
-0.741864414652
-0.727308823432
-0.711454056073
-0.698011110466
-0.687351427504
-0.678124448833
-0.668172606302
-0.654867658797
-0.635359495233
-0.606849536137
-0.567070246372
-0.515232022828
-0.453609528112
-0.389253556403
-0.334214204723
-0.302532774169
-0.303090702686
-0.329292057354
-0.359593488591
-0.364070436733
-0.250056751286
0.899284687901
6.23107512401
1.02041599102
2.01095869244
1.08296058662
1.17334915343
1.02910634346
1.03740774937
1.02360908687
1.02240539777
1.01300672401
0.997387567945
0.973536036606
0.941817135135
0.903193898515
0.859555972038
0.813445673787
0.773412010098
0.755799741599
0.755068355587
0.757455479482
0.760004276059
0.762585183044
0.765247676038
0.768097246483
0.771271341431
0.774906973194
0.779503980826
0.787929637017
0.807882107813
0.835957226938
0.857996102229
0.877885761224
0.905512190253
0.938377092588
0.975611062343
1.0167793929
1.05943645809
1.10120214097
1.13891033033
1.16908398698
1.18821218406
1.19288490223
1.17916931984
1.14138848125
1.07185096411
0.962981354747
0.811141549008
0.619677968438
0.399398723097
0.16651044095
-0.060874632241
-0.266382835236
-0.438112563203
-0.569812829403
-0.660693820471
-0.714747243717
-0.739512250254
-0.743537889963
-0.734680545687
-0.720374474055
-0.706141193108
-0.69406958783
-0.683570762105
-0.672669162009
-0.65861900123
-0.638288868023
-0.608592233792
-0.567114584212
-0.513104662761
-0.448874074316
-0.381299434885
-0.322180295077
-0.285096610603
-0.2774863532
-0.292575687619
-0.313108425409
-0.327606851877
-0.327613336879
-0.215539722112
0.92791371003
6.04883979437
1.07900821026
1.93631360837
1.07904868263
1.13519975974
1.0023199692
1.00521518863
0.993923345901
0.994038871734
0.98772268315
0.975916613762
0.956882828166
0.930705483644
0.897925942806
0.859898962402
0.81842439653
0.778147702573
0.753375068122
0.749053112681
0.750911112628
0.753407902244
0.755918697762
0.758514583408
0.76137191619
0.764699465145
0.768806366981
0.775120886795
0.788946946472
0.81574992043
0.842564575469
0.861000110575
0.882081900364
0.910091039302
0.942357131334
0.978738348635
1.01804419008
1.0578412236
1.09566686305
1.12829562477
1.15235697982
1.16456236011
1.16168554439
1.13955197434
1.0917216653
1.00990071362
0.887127048403
0.721948375782
0.520703216612
0.296755062365
0.0675026439785
-0.149390590172
-0.33933584382
-0.492928827205
-0.606476188153
-0.68130854562
-0.722754288909
-0.738779587975
-0.737807764718
-0.727292485634
-0.713513210777
-0.70031578066
-0.688443377968
-0.67644312137
-0.661666065189
-0.640851973804
-0.61071242369
-0.568682209754
-0.513946146195
-0.448668062592
-0.37902626059
-0.315291374977
-0.269762125478
-0.251354046918
-0.257947629549
-0.27432711649
-0.286731469915
-0.292327405578
-0.284859594003
-0.182661772485
0.956228487154
5.85078634715
1.13362926691
1.86033935977
1.07037618483
1.09488356191
0.97176643929
0.9697499143
0.960646350546
0.962137167658
0.958839394859
0.950823265808
0.936618900024
0.916165965198
0.889758467371
0.858275910568
0.822743444323
0.784868582518
0.754559172134
0.744423325244
0.744652548236
0.746917580428
0.74930396878
0.751825899601
0.754772286639
0.75847456592
0.763731738919
0.773743760842
0.795200048413
0.823604983622
0.845381729091
0.862350848284
0.88429744491
0.911607014431
0.942755262096
0.977548550208
1.01427799855
1.05060875374
1.08397908428
1.11118746876
1.12904379313
1.1345402142
1.12457504713
1.09450526313
1.03693612642
0.943126112846
0.80723346035
0.630438624895
0.422071999382
0.197580886273
-0.0251376964831
-0.22948396747
-0.402987166667
-0.538739890041
-0.635352640004
-0.695903360578
-0.726683028003
-0.735781360202
-0.731214053793
-0.719695882237
-0.706203929307
-0.693084264088
-0.67991877598
-0.664433383727
-0.643408974509
-0.613426962396
-0.57174868659
-0.517363188046
-0.452097305391
-0.381398465179
-0.314156176329
-0.261006286078
-0.230927749162
-0.226321387485
-0.238631818611
-0.251552535597
-0.253689653569
-0.252216804996
-0.237155580664
-0.150952810687
0.983891822308
5.63634088961
1.18325951482
1.78304089763
1.05679612594
1.05226213215
0.93741100668
0.930913802001
0.92370620398
0.92660366779
0.926231252748
0.921901415041
0.912386049123
0.89758181244
0.877697260913
0.853329676124
0.82509932928
0.792926348763
0.761139146634
0.743344495273
0.739679179567
0.740994034147
0.743139047126
0.745643049372
0.748916244124
0.753594198848
0.761635192874
0.777964851049
0.803917379291
0.828163601154
0.844691376882
0.861399127779
0.883126655177
0.909074303107
0.938621152091
0.971132193323
1.0046971094
1.03707187575
1.06562364518
1.08726264622
1.09905060936
1.0983004454
1.08191108177
1.04448674398
0.977528598799
0.872138358051
0.72416906128
0.537772788808
0.325081250823
0.103031933725
-0.110661602444
-0.30096052215
-0.457693425654
-0.576328132641
-0.657458408274
-0.705518263326
-0.727402872378
-0.731053289276
-0.723839119131
-0.711508329766
-0.697713335984
-0.68345263846
-0.667268543166
-0.646197984307
-0.616773712663
-0.576035480986
-0.522667737079
-0.458063716414
-0.386952832479
-0.317132460029
-0.257984956117
-0.217874367787
-0.201010610804
-0.20445076539
-0.216792974177
-0.224938153541
-0.22065268714
-0.211209654931
-0.188472616685
-0.120852269552
1.01042476385
5.40500202109
1.22679098065
1.70440971932
1.03822353666
1.00724943576
0.899285841714
0.888684458152
0.8831114358
0.887438676967
0.88989174623
0.88909804852
0.884016612061
0.874552722973
0.860943483519
0.843677439037
0.823365137112
0.7996319206
0.772361490892
0.74889391663
0.738750987114
0.737260227987
0.738660357842
0.741186357539
0.745280115798
0.752271560307
0.765372880517
0.787128644484
0.810338148369
0.827223322814
0.840811571605
0.85700452671
0.877473171843
0.901625869049
0.929046562025
0.95868248634
0.988624193453
1.01668066074
1.04021746643
1.05633854726
1.06242913114
1.0561327243
1.03414966163
0.990003425244
0.914023947982
0.797595659185
0.63886013999
0.445119808915
0.230932352756
0.0140604445424
-0.188583364699
-0.363874791052
-0.503978534636
-0.606521624105
-0.673726850417
-0.711000412378
-0.725514423414
-0.724832842816
-0.715510167795
-0.702204460028
-0.687264416364
-0.670461291383
-0.649457151093
-0.620888785262
-0.581575098427
-0.529777150479
-0.46637394148
-0.395502503473
-0.3241889524
-0.260845513505
-0.213055242474
-0.185321065996
-0.177884462654
-0.186307491208
-0.196980158156
-0.196254825986
-0.185956515001
-0.170068602236
-0.142224053167
-0.0934247711686
1.03527703219
5.15640259388
1.26304235246
1.62442461244
1.01464806709
0.959828377711
0.857503444488
0.843126336394
0.838959609484
0.844745410362
0.849942434459
0.852530930023
0.851575402232
0.846980392883
0.839052395948
0.828267063231
0.815331629567
0.800516861322
0.782593611209
0.761772235999
0.746020954444
0.739490290606
0.738944164508
0.741420482413
0.74699950117
0.757600844921
0.774713595551
0.794129692684
0.809471447263
0.821103979912
0.832958440485
0.847892073437
0.866519776865
0.888501727417
0.913269957612
0.939556541248
0.965526480433
0.989032362023
1.00752639302
1.01838051247
1.0193742338
1.00844880916
0.981823003394
0.931590878739
0.846966853399
0.720202477299
0.552277583222
0.353625286792
0.140697124193
-0.0685988190616
-0.258661689132
-0.418483339766
-0.542474870467
-0.630143403625
-0.684983191992
-0.713021965747
-0.721426598803
-0.717202221239
-0.705975671164
-0.691257104564
-0.674138524498
-0.65330854933
-0.625800031793
-0.588294204185
-0.538557913738
-0.476775572797
-0.406393505634
-0.333931573971
-0.267392097997
-0.213695342401
-0.176812203909
-0.158341641555
-0.159326477941
-0.173455915088
-0.177965076037
-0.171647165678
-0.154100957541
-0.132492880566
-0.101826889066
-0.0701253031887
1.05769073113
4.89032745018
1.29076709286
1.54305620605
0.98614825062
0.910069109154
0.81227035966
0.794400494264
0.791440330432
0.798726445996
0.806623021115
0.812481940133
0.815381059489
0.815172243524
0.812186053533
0.806880496544
0.799934758714
0.792201589012
0.783713627011
0.77287004543
0.760269997277
0.751042668232
0.747619231512
0.749480759217
0.756134174473
0.767639254923
0.780948220564
0.792319097165
0.801327477594
0.809853698597
0.820031099436
0.833202214603
0.849672633221
0.869093906576
0.890740954907
0.91330332746
0.935042182397
0.953889588171
0.967472420885
0.973500723909
0.970214927619
0.955763587581
0.925514582723
0.869794156961
0.776918377638
0.640709184245
0.465419401809
0.264378543691
0.0552896628456
-0.144431788318
-0.320873344684
-0.465199674205
-0.573880773093
-0.647991191439
-0.691958978767
-0.712129351541
-0.715431684024
-0.708170463874
-0.69497329631
-0.67819277652
-0.657754282225
-0.631468104236
-0.596097020496
-0.548930493233
-0.489350885609
-0.419909486152
-0.346440593997
-0.276881452575
-0.218681204295
-0.175705379293
-0.148272326501
-0.13897771469
-0.150693907665
-0.157691709984
-0.156413676081
-0.146855620475
-0.124617510168
-0.100699547711
-0.069588756633
-0.0522653966035
1.07686502446
4.60684672862
1.30871169641
1.46028065937
0.952905077494
0.858147027982
0.763901512014
0.742774436057
0.74083689596
0.749673277209
0.76026390294
0.769342121179
0.775918516342
0.779745507691
0.781117831206
0.780424483714
0.77813213433
0.774923862957
0.771783662198
0.768932440341
0.765234306974
0.760845695491
0.758497709368
0.759452497707
0.763541224095
0.769569816457
0.775773663448
0.781344727992
0.786778743737
0.793122635662
0.801478613339
0.812604995101
0.826595900463
0.843035497767
0.86114536935
0.879668837492
0.896989448304
0.911182969667
0.920129240078
0.921947552206
0.915396538434
0.898671192398
0.865834424868
0.805154239284
0.704457738213
0.55991012154
0.379288584313
0.178379936356
-0.024554104873
-0.213138843249
-0.375380659504
-0.504549747715
-0.598921233458
-0.66081710929
-0.695293764704
-0.70876017148
-0.707724188877
-0.697686377424
-0.682241166632
-0.662619870062
-0.637717915519
-0.604738502251
-0.560626998664
-0.503885709198
-0.436028406708
-0.362011576665
-0.28934172971
-0.226075507929
-0.17798415521
-0.145848633818
-0.127410186082
-0.125410380427
-0.136380359802
-0.139696671809
-0.136375028256
-0.123598927869
-0.100136115347
-0.0768082856944
-0.0469168998619
-0.0402637487041
1.09180686209
4.3063396065
1.31562124537
1.37607708209
0.915209522256
0.804361939954
0.712839143969
0.68863705735
0.687532705687
0.697961280061
0.711264909275
0.723559469762
0.733715899827
0.741355244885
0.746711264844
0.750143431926
0.752007423139
0.752538386584
0.752203754196
0.751922328851
0.752247552965
0.752828600051
0.753504040107
0.754672112226
0.756343496253
0.758510118264
0.760942063348
0.763539928949
0.766715526598
0.771101362025
0.777435256575
0.786158633412
0.797227367764
0.810220116362
0.824387875971
0.838584610803
0.851358918778
0.860999256379
0.865707007486
0.864086483594
0.855457477345
0.837817866746
0.803395368209
0.738199608471
0.630187768206
0.478638580031
0.294867536839
0.0965123729424
-0.0982866023963
-0.274617218209
-0.422492631343
-0.537124898187
-0.61830608428
-0.669298077569
-0.695519534174
-0.70323788724
-0.698402578133
-0.68564682775
-0.667536905456
-0.644257720033
-0.613851498703
-0.573250385178
-0.520105756923
-0.454699261452
-0.380947267582
-0.305873663609
-0.237682880757
-0.183347800228
-0.146479961465
-0.125728185436
-0.115724476675
-0.115480785815
-0.121485162618
-0.124409882162
-0.11881146067
-0.104626071015
-0.0821660711021
-0.0611439707264
-0.0334070246141
-0.0327729651571
1.10134743465
3.9895183616
1.31024862495
1.29042508845
0.873475506045
0.749166296209
0.659680263775
0.632520880471
0.632022764329
0.644050516418
0.66008797472
0.675629241895
0.689335241447
0.700656858636
0.709710907515
0.716798844524
0.722332082516
0.726563967465
0.729518604103
0.731339882343
0.732642857035
0.73412155151
0.735963691465
0.737742417464
0.738951795204
0.739681315728
0.740252937541
0.740917078558
0.742119251654
0.744400773287
0.74830793438
0.754101007457
0.761700313014
0.770736942925
0.780547312706
0.790145422223
0.79829557235
0.803561964074
0.804530129501
0.80037369287
0.791000454155
0.773875382461
0.73879522807
0.669445757144
0.554742881832
0.397757050848
0.21309102198
0.0195194472237
-0.165546519956
-0.328933154239
-0.462621351935
-0.563536930488
-0.63269315545
-0.67401234382
-0.693051759701
-0.695778310913
-0.687489833555
-0.671928245876
-0.65067118483
-0.622960568592
-0.586194290363
-0.537430406608
-0.475583624075
-0.403161557671
-0.326438885348
-0.253829824669
-0.193191659328
-0.149439213285
-0.123389612399
-0.111677532742
-0.108904296816
-0.111026734397
-0.113106900397
-0.112371640519
-0.104717482969
-0.0907331249116
-0.0704904770965
-0.05243810812
-0.0272812622657
-0.0281764325334
1.10372380398
3.6573770359
1.29135702715
1.20332876775
0.828278993828
0.693214266288
0.605219459132
0.575134778122
0.574932122778
0.58848775029
0.607242287078
0.626060815251
0.643338014598
0.658341514996
0.671041426322
0.681586262007
0.690295921304
0.697529858306
0.70350727868
0.708198180192
0.711588053162
0.713987278968
0.715799647886
0.717035970523
0.717435810616
0.717005365898
0.716018117948
0.714805149727
0.713830769234
0.713581802564
0.714480520689
0.716719208121
0.720252422596
0.724801740591
0.729838821493
0.734587337433
0.738078726495
0.739209066596
0.737011077974
0.731326953621
0.722662923236
0.707516084402
0.672604120867
0.599401264181
0.478797045084
0.31814283141
0.134819855626
-0.0520074288765
-0.226145898964
-0.376287018251
-0.496239835342
-0.584381806156
-0.642666136889
-0.675433404599
-0.688199704817
-0.686514393866
-0.674969538594
-0.656425416122
-0.631537944504
-0.598726962551
-0.554983439431
-0.497942684446
-0.428330280445
-0.351138890972
-0.274635542132
-0.207703934873
-0.156874913129
-0.12435637481
-0.107718742604
-0.102960044033
-0.104605283244
-0.110455651133
-0.10855179097
-0.10304118987
-0.094039116316
-0.0812513102097
-0.0637061381233
-0.0484163811404
-0.0258069503239
-0.0263943428942
1.0967828284
3.31146486442
1.25789676657
1.11491709559
0.780430364283
0.637426584739
0.55049936635
0.51740347697
0.517041226652
0.531919716069
0.55328552713
0.575353771006
0.59618493684
0.614852829019
0.631200697728
0.645250722461
0.657149520407
0.667100220563
0.675347090253
0.682065629116
0.687293194997
0.691028144159
0.693330848007
0.694276482128
0.69382218136
0.692084138818
0.68934845075
0.685970489509
0.682391182377
0.679044601582
0.676292592169
0.674334141463
0.67319949649
0.672736760713
0.672602033245
0.672276533328
0.671107538865
0.668373892861
0.663623473461
0.657492859964
0.651088027642
0.639395987898
0.605362255693
0.528581271487
0.403069770245
0.240669005136
0.0608181518586
-0.117632521384
-0.280047967681
-0.416975849726
-0.523844293902
-0.60021400683
-0.648725348279
-0.673937033961
-0.681185789493
-0.675523912898
-0.660815680245
-0.639076461839
-0.610125427263
-0.571689599006
-0.520616823294
-0.455618796232
-0.379718532445
-0.300410234317
-0.227294558356
-0.168644282877
-0.128700959101
-0.10680924465
-0.0981399910927
-0.096972609026
-0.0991952382102
-0.105054728615
-0.102030754068
-0.0952667191439
-0.0865822809928
-0.0752275694651
-0.0602091996733
-0.0472280665172
-0.0270421636801
-0.0264897442859
1.07841250929
2.95445717516
1.2094095592
1.02562071466
0.731054669145
0.583050846263
0.496858382971
0.460508666845
0.459316152563
0.475114332959
0.498852788566
0.52406603783
0.548395790735
0.570683192729
0.590629095626
0.608165131802
0.623349809239
0.636249531978
0.646941255836
0.65553127713
0.66212829068
0.66676956655
0.669414263842
0.670091230423
0.668753624453
0.665559566949
0.660814683081
0.654887353222
0.648197150539
0.641154577181
0.634117059337
0.627337594744
0.620955537912
0.614983295514
0.609306570466
0.603707468691
0.597892181086
0.591567315807
0.584875073969
0.579414668449
0.57689761866
0.570143414632
0.537584427455
0.457524943437
0.328326785565
0.166181892846
-0.00826489514075
-0.177070652042
-0.327340211354
-0.451357463679
-0.545924155676
-0.611530225307
-0.651287062609
-0.669812688015
-0.672164498663
-0.662850008299
-0.645010362633
-0.619872605078
-0.586514118595
-0.542096537508
-0.483616350267
-0.411401219145
-0.331145952345
-0.252580216235
-0.185752780403
-0.137288073469
-0.108445806597
-0.0955174413927
-0.0920916505416
-0.0919814636537
-0.0928824696725
-0.0951033674241
-0.0935675881068
-0.0884455572313
-0.0807820082013
-0.0707969683155
-0.0583397529978
-0.0474588901194
-0.0295326934988
-0.0275494394968
1.04775196744
2.59104359538
1.1465174708
0.936352451537
0.68163872537
0.531691802638
0.445961958249
0.405928341404
0.402941934465
0.418975289466
0.444643532574
0.472762340298
0.500454141113
0.52627678322
0.549748888544
0.570676523319
0.589030339591
0.604814472503
0.618022204134
0.628639343416
0.636672099738
0.642115401834
0.64493154768
0.645182881274
0.642796177914
0.637924398218
0.630857512423
0.621960884551
0.61164679654
0.600333754721
0.588415880553
0.576233866163
0.564067020669
0.552127318812
0.540568675519
0.52951122539
0.519054437108
0.509369217332
0.50128401425
0.497598297992
0.500673316203
0.50036473134
0.469777822472
0.386818519447
0.255377342076
0.0954801480791
-0.0719029012241
-0.230171047559
-0.368200999359
-0.479815005741
-0.562935393365
-0.618756065711
-0.650681687226
-0.663269538082
-0.661230860394
-0.648508033954
-0.627544758365
-0.598850593331
-0.560857375646
-0.510278167087
-0.44458153758
-0.366286703518
-0.283982175519
-0.209084392799
-0.151068610283
-0.11401436253
-0.0954097803761
-0.0892287600016
-0.0877564388651
-0.0873703018521
-0.0872600704212
-0.088075539868
-0.0872893256693
-0.0830994200836
-0.0762990038518
-0.0677615105238
-0.0576567202146
-0.0483745370618
-0.0323217895458
-0.028984207071
1.00587109578
2.22831475388
1.07136308695
0.848661237342
0.634011471352
0.485280565262
0.399798490845
0.355472114011
0.349377265024
0.364598342206
0.391482668162
0.422087588728
0.452888528152
0.482089459204
0.508993829104
0.533259543059
0.554734616695
0.573332733526
0.588983831855
0.601605076642
0.611101142213
0.617363561132
0.62030264954
0.620002487677
0.616374978786
0.609570088354
0.599854500329
0.587585310422
0.573178790901
0.557083620825
0.539758928716
0.521658910727
0.503229459911
0.484911499193
0.467158458008
0.450458109039
0.435325018866
0.422416358129
0.413354741749
0.412474225531
0.422933315864
0.430654918497
0.402460080532
0.317111976694
0.185058841864
0.0292901787489
-0.129697555086
-0.276899737622
-0.402871460175
-0.50273199535
-0.575286859288
-0.622243895693
-0.647160601678
-0.654447817878
-0.648432954759
-0.632495620326
-0.608424717411
-0.576091820995
-0.533374388884
-0.476636492119
-0.404185448036
-0.321337618513
-0.239606566042
-0.171263830276
-0.123971898914
-0.0983862419988
-0.0883783273186
-0.0854463610961
-0.0842633059127
-0.0830780157299
-0.0824112974448
-0.0826269053802
-0.0817555997705
-0.078273557315
-0.0726736359225
-0.0656567101064
-0.0574993746002
-0.0493131612322
-0.0348010621683
-0.0304627137615
0.955592691831
1.87590423053
0.987998665959
0.764868777532
0.590233699391
0.445959775605
0.360630449536
0.311310563018
0.300424253299
0.313336746445
0.340367247542
0.372799472012
0.406300538666
0.438603621865
0.468734923028
0.496184174572
0.520676875853
0.542029659789
0.560088343847
0.57468952428
0.58564427622
0.59273591382
0.59579807794
0.594878390983
0.589868805169
0.580916138722
0.568268019777
0.552280131185
0.533385016701
0.512078312213
0.48890389273
0.464448171237
0.439343124401
0.414279982222
0.390035257088
0.367485570597
0.347566817951
0.331420290134
0.321574337592
0.324373895608
0.344134298405
0.361648014241
0.336204749048
0.249152834445
0.118235149594
-0.0317350902708
-0.181357608466
-0.317300676418
-0.431612912694
-0.520457808345
-0.583317040055
-0.622258822609
-0.640886577351
-0.643409756698
-0.633759319027
-0.614774288316
-0.587644475316
-0.551687331135
-0.504307075081
-0.44159646822
-0.363123065376
-0.277604180413
-0.199247352635
-0.14007345847
-0.104616017553
-0.0891263328942
-0.084474060293
-0.0826772526712
-0.0810473706107
-0.0790121300418
-0.0776633116858
-0.0770261981491
-0.0765862448809
-0.0742785201159
-0.0699238223106
-0.0641817717127
-0.0575067428772
-0.0499994765912
-0.0368071581404
-0.0318205475597
0.901196225159
1.545593177
0.902230807807
0.687852036707
0.552265566737
0.415857865238
0.330903927986
0.276010854992
0.258342770202
0.26692429757
0.292569131233
0.325849792945
0.361442210285
0.396441822313
0.429496375102
0.459878332013
0.487182391657
0.511144733385
0.531530469356
0.54806827629
0.560446949779
0.568341705854
0.571516755633
0.569962457988
0.563512251908
0.552285239201
0.536516882419
0.516568682041
0.492901747252
0.466071115104
0.436717754716
0.405570415705
0.373456908477
0.341330338373
0.310306053269
0.28166322636
0.256747316608
0.237142834587
0.226385738083
0.233472830546
0.264625270936
0.294037238603
0.271643815466
0.18376574677
0.0557464380741
-0.0870543027784
-0.226711321284
-0.351495128177
-0.454707789655
-0.53331932557
-0.587316973532
-0.619009551328
-0.631968888874
-0.630175311688
-0.617173326541
-0.595301745765
-0.565217998926
-0.525770965179
-0.473956782685
-0.405650496596
-0.322168239657
-0.236187255305
-0.164034552656
-0.116112121195
-0.0922344717804
-0.0843926566894
-0.0819872805396
-0.0803659010204
-0.0781663010164
-0.075323378549
-0.0728188701852
-0.0703094356209
-0.0713126241236
-0.0707758098698
-0.0676697699445
-0.0630165663459
-0.0574726530423
-0.0503678672223
-0.0384491707864
-0.0330314182139
0.84624365401
1.24748758536
0.819575259758
0.620269942404
0.521549618439
0.396832106303
0.313104085087
0.252541044736
0.225992790426
0.227652515427
0.249777470236
0.28247051641
0.319244508105
0.356336730529
0.391878485271
0.424851322409
0.454692923402
0.481080128309
0.503735134226
0.522279183845
0.536227505259
0.545065263012
0.548419038767
0.546221326393
0.538280278608
0.524685879081
0.505661145648
0.481577986395
0.452933518315
0.420348810116
0.38456573087
0.346455319355
0.307038925053
0.267532074069
0.229398306235
0.19433039156
0.164056133989
0.140507155126
0.128275454524
0.139854709143
0.184721414278
0.228748560096
0.209606790364
0.121960609883
-0.00151795279891
-0.136148918395
-0.265606955179
-0.379580174995
-0.472370333743
-0.541543818414
-0.587462865567
-0.612583361271
-0.620394355617
-0.614642852462
-0.598518374978
-0.573918044556
-0.541047668125
-0.498370468652
-0.442522954892
-0.369180797818
-0.28198843549
-0.197988255368
-0.134559854515
-0.0989081337921
-0.0851700708777
-0.0816526175472
-0.080237515439
-0.0784465644501
-0.075949284617
-0.072661783692
-0.0690586983382
-0.0647167899536
-0.0669739558259
-0.0679241456549
-0.0659280052955
-0.0622144433712
-0.0574929689561
-0.0505934024092
-0.0399930394622
-0.0342229497865
0.788275223427
0.97856229355
0.739765539493
0.564427683188
0.499139550252
0.390070076532
0.309258617253
0.243978352535
0.20685571273
0.198561283287
0.214309036113
0.244343972023
0.280956978068
0.319274968993
0.356717997283
0.391844021321
0.423836863122
0.452279878428
0.476870482353
0.497132629544
0.512422633444
0.522103868441
0.525726449104
0.52307899209
0.513827227916
0.498000836803
0.475812651235
0.44764957692
0.414048899039
0.375697930053
0.333434453517
0.288259650838
0.241371133113
0.194232879097
0.148659973332
0.106773890314
0.0706481062343
0.0423958395747
0.0276270982528
0.0433511663586
0.104479562525
0.166794518324
0.15092770258
0.0646857678971
-0.0528501508021
-0.178725676171
-0.298077771048
-0.401790480479
-0.484907450393
-0.545431692985
-0.583993729699
-0.603130576603
-0.606215795765
-0.596782563777
-0.577715053042
-0.550553579111
-0.515149580533
-0.469676005533
-0.410415044896
-0.332820453403
-0.243494160501
-0.164099565419
-0.111476938985
-0.0875796394348
-0.0812006209182
-0.0798581137125
-0.0789487617928
-0.0772056468944
-0.0747888573595
-0.0716884900418
-0.0679957926419
-0.0643055487863
-0.0652690169695
-0.0661098710584
-0.0649289676238
-0.0619943783482
-0.0577719734666
-0.0509329914081
-0.0417039169514
-0.0355554393046
0.715923708761
0.72534403268
0.658719751178
0.523688309462
0.48561244344
0.394885895942
0.319599711203
0.252461817547
0.204527754455
0.183361254229
0.189230993185
0.213777420216
0.248332651987
0.286698086178
0.325317262366
0.362108281456
0.395864026827
0.426145780939
0.45287290373
0.475565553493
0.493165943173
0.504470487358
0.508637914871
0.505465720015
0.4947554771
0.476540971043
0.45103259274
0.418633954252
0.379919289657
0.335632443871
0.286689123198
0.234192186441
0.179477431324
0.124223236721
0.0705943506357
0.0211764935118
-0.0216295669955
-0.0557611183576
-0.0747689082547
-0.0559530996034
0.0242134018063
0.11004468359
0.0971274014641
0.0134881965639
-0.0971609093723
-0.214146485067
-0.323838851315
-0.418017961988
-0.492289156021
-0.544936347336
-0.576805966817
-0.590448290333
-0.589115909793
-0.576156994551
-0.554226482472
-0.524610815062
-0.486962374271
-0.43925703506
-0.377414818488
-0.296474176986
-0.206861605534
-0.134579528804
-0.0936969652056
-0.0802700786066
-0.078133275279
-0.078108705784
-0.0776184490389
-0.0764091564426
-0.0745875714697
-0.0720689131748
-0.0687819686262
-0.0654172760886
-0.0621495442315
-0.0634353277041
-0.0640849422854
-0.0622445861363
-0.058403529367
-0.0516405993279
-0.0438231149732
-0.0372277865895
0.622306961761
0.562319775787
0.579068552704
0.497026526038
0.479158618576
0.407701709688
0.341406244543
0.27792728881
0.221807493089
0.186008833233
0.178251564452
0.193744217184
0.223742310928
0.260642338361
0.299513403304
0.337165605924
0.37152525712
0.401919709922
0.428744406411
0.451869924023
0.470093630754
0.48219002324
0.487339830186
0.484788963288
0.473779165198
0.454210246241
0.426311276027
0.390521065855
0.347456347145
0.297908762717
0.242850759379
0.183449175016
0.121119356978
0.0576895078675
-0.00434704210405
-0.0618831505287
-0.112175992201
-0.153487496097
-0.178827808451
-0.158631368091
-0.0568667925783
0.0596323066338
0.0488375523818
-0.0312043860888
-0.134410839099
-0.242822099779
-0.34348467495
-0.428990144533
-0.495230253823
-0.540758303114
-0.566520678726
-0.575072884891
-0.569522807812
-0.553098170569
-0.528291120819
-0.496309061751
-0.456781108562
-0.407756676821
-0.344609991486
-0.261643338438
-0.173520221286
-0.110790740298
-0.0822787619165
-0.0759837939909
-0.0758755393262
-0.0766658928417
-0.0768474769029
-0.0765588328471
-0.0756906849305
-0.0738751422989
-0.070791868348
-0.0665206069124
-0.0613174351245
-0.0619287216959
-0.0638288676071
-0.0630314902529
-0.0596268195378
-0.0531091555158
-0.0466593857383
-0.0395222822497
0.556691379361
0.46898802443
0.502804324019
0.476650696944
0.477972190032
0.424930477968
0.370882674128
0.319326561679
0.261893767292
0.212097325577
0.187017564901
0.188796645344
0.210624909863
0.243851775631
0.281862793868
0.320179912073
0.35592591868
0.388572303059
0.419725943075
0.449447268457
0.47436411461
0.490783253809
0.496934097464
0.493065464756
0.479593842457
0.45668578137
0.42461210886
0.383838860495
0.33499565162
0.278876788844
0.216450777716
0.148868167604
0.0775104992933
0.00422043027977
-0.0682557881494
-0.136198474931
-0.196357783488
-0.247458621341
-0.282233773548
-0.263176276106
-0.137218654492
0.0207069992602
0.00999734502504
-0.0656622368047
-0.161993536536
-0.262610368136
-0.355446019943
-0.433295698977
-0.492532383685
-0.531676370097
-0.551916399597
-0.555654875713
-0.54592728055
-0.525823119109
-0.497828336778
-0.463143416048
-0.421858805729
-0.372324670381
-0.309680225246
-0.225742286582
-0.141133402671
-0.0903975077486
-0.073882286145
-0.0712708517409
-0.0709667275296
-0.0722921620253
-0.0745097172877
-0.0766310885045
-0.0778128037056
-0.0773698461081
-0.0749886634053
-0.0707955410916
-0.0656988675465
-0.0622271699793
-0.0635216271706
-0.0641693504929
-0.0618547030074
-0.0558667380738
-0.050599748257
-0.0428034568139
0.528025015127
0.413943677758
0.428813691151
0.461225722547
0.48462997064
0.446406123554
0.405547468556
0.377128167407
0.332429095788
0.274954878662
0.230320146587
0.211944073588
0.219157725069
0.243990761435
0.27775737844
0.31325203104
0.344449031859
0.368353377109
0.387924291515
0.407586047603
0.426453145601
0.44213281911
0.452896814915
0.455281993683
0.446788767389
0.42711204462
0.396744046173
0.356301102117
0.306484935006
0.248101528873
0.182105448669
0.109599994428
0.0318539453513
-0.0494248920771
-0.131380515079
-0.209619874912
-0.280120803041
-0.342005785689
-0.387768542178
-0.37151236657
-0.221574060185
-0.009594980694
-0.0226646084307
-0.0944079831212
-0.183881090616
-0.278046115046
-0.363671551578
-0.434998587099
-0.487814933002
-0.52135817789
-0.536457472751
-0.535642247501
-0.521657692936
-0.497665085458
-0.466001480192
-0.428362748089
-0.385251358336
-0.337021393058
-0.278034536087
-0.197227834957
-0.115801420336
-0.0758105940691
-0.073955962629
-0.0750809369289
-0.0719117579087
-0.0704611382751
-0.072365508412
-0.0765501969761
-0.0807065534011
-0.0827034867883
-0.0816262188349
-0.0777667349652
-0.072130499814
-0.0665425208645
-0.0648947881746
-0.0664387797017
-0.0654303027169
-0.0601545227033
-0.0559269584921
-0.0473373417647
0.50488259834
0.387684879433
0.400219559255
0.453451222124
0.500788115235
0.46868797379
0.432654022772
0.437273432169
0.430582278898
0.387658699368
0.332857219481
0.29185243844
0.276322577202
0.285247408978
0.31242587289
0.35136550604
0.394583918217
0.434599302948
0.473254200209
0.520320524737
0.568433528313
0.599382726069
0.607838978699
0.598455998838
0.576086194215
0.542533976145
0.498577088219
0.444823729175
0.38182481821
0.310176225772
0.230594454282
0.143906456304
0.0509826358492
-0.0470458632401
-0.147795588216
-0.246569181053
-0.338094436964
-0.42053517175
-0.484580888622
-0.474502210992
-0.298118891074
-0.00948505895979
-0.0326978606224
-0.100774600691
-0.187605935845
-0.276939056792
-0.358304676274
-0.424411052266
-0.472660647899
-0.501310001042
-0.51206333427
-0.506720476344
-0.488226519222
-0.45927282812
-0.422625498379
-0.379694250115
-0.333102525531
-0.284985812856
-0.234783519799
-0.159373845718
-0.0799348051058
-0.0525887585343
-0.0638360248502
-0.0746047689132
-0.0819332406891
-0.0863824123344
-0.087269772995
-0.0895393665358
-0.093691942676
-0.0965898932618
-0.0959392121292
-0.0913571463478
-0.0852691148761
-0.0791323606811
-0.0741642199936
-0.071929042506
-0.070486924888
-0.06596622373
-0.062685133503
-0.0529833321192
0.491972181991
0.401348634753
0.405011692406
0.440736261696
0.511539391768
0.476043268637
0.412549649652
0.434152537246
0.485455868685
0.496624982869
0.468272948606
0.425916616449
0.392081528794
0.375065328217
0.369705116761
0.363469828328
0.340659031674
0.288737167871
0.223445897689
0.203860255469
0.238187416421
0.281158085684
0.321862675662
0.351394344683
0.365027449138
0.362860809902
0.346425226985
0.316624404249
0.274067451221
0.219247965104
0.152759030141
0.0753054673639
-0.012467397218
-0.109954453223
-0.215480704535
-0.324272132814
-0.428826835852
-0.523257460477
-0.596594119299
-0.585160004964
-0.39382080828
-0.0177997874183
-0.0514763489408
-0.123542634865
-0.202002877566
-0.290437603372
-0.364120460575
-0.427015571286
-0.468729734201
-0.493830349628
-0.499686487976
-0.490437804413
-0.466922841727
-0.433367343403
-0.390186924269
-0.342490671378
-0.289009979383
-0.244825739328
-0.206262031813
-0.165340124238
-0.0751236033181
-0.0329339006175
-0.0344548926928
-0.0529499805219
-0.0759154614689
-0.0973856006007
-0.114218941095
-0.123959694234
-0.128627095556
-0.129141997465
-0.124510452864
-0.113091033361
-0.101910309578
-0.0921475406687
-0.0834473515758
-0.0776348367491
-0.0763834330133
-0.0726426254278
-0.0698820467596
-0.059349389665
0.49015158602
0.438128270834
0.419146927154
0.419136460803
0.486885744472
0.459527011569
0.341342810544
0.331374985651
0.414545294802
0.488882273225
0.515037975765
0.500333866685
0.476227188581
0.478587968225
0.532226686494
0.642161415698
0.791622856333
0.945833794258
1.07729106356
1.22376247518
1.36998674446
1.41734891178
1.3845373968
1.3167256023
1.23417792003
1.1434385507
1.04545387628
0.940190843895
0.827412245718
0.706972524534
0.57890098717
0.443410291042
0.300518668665
0.149468384786
-0.0109438210432
-0.180133917032
-0.35393749456
-0.523377586373
-0.653467747857
-0.658886056884
-0.422029601558
0.10088670459
0.00856028884074
-0.0572753276351
-0.152539244502
-0.237497303586
-0.317747016928
-0.376975917466
-0.420616823741
-0.441782756764
-0.445929250417
-0.432319289726
-0.404004802637
-0.362076975372
-0.309655185551
-0.246458001402
-0.179032557145
-0.117156472884
-0.101486421786
-0.117927576877
-0.107431492421
-0.0464827762448
-0.0324450317152
-0.0430974416093
-0.0614562763751
-0.0897938605664
-0.12194093869
-0.147311375422
-0.162455240325
-0.168898287272
-0.168322606104
-0.158914337506
-0.144146743889
-0.127942296139
-0.112745855108
-0.100736970424
-0.0888741600489
-0.0777793981737
-0.0755664253309
-0.0675661741228
0.492111803039
0.462059679293
0.456180094241
0.41370202865
0.406918252034
0.424477611462
0.335707333383
0.35646785096
0.511263723257
0.692244331875
0.813296153806
0.821753076953
0.699497207956
0.46099452147
0.147274916559
-0.18634606741
-0.480850360149
-0.690909980886
-0.824597636608
-0.956227100096
-0.943598314306
-0.849298758301
-0.696187568174
-0.550739915431
-0.417901534785
-0.301733386446
-0.203583314157
-0.124756188357
-0.0664802061254
-0.0302079528414
-0.0173616737753
-0.029183930454
-0.0670605315077
-0.133964806702
-0.236083202315
-0.380687321356
-0.565791791333
-0.759343382104
-0.871097712546
-0.782038375491
-0.579833894025
0.0829008489743
-0.0918868147516
-0.13736614832
-0.233332417857
-0.304336087165
-0.376793925082
-0.425686036472
-0.462029431082
-0.477322813021
-0.476650955055
-0.460894648397
-0.427794306141
-0.383352515452
-0.322358349741
-0.254461902024
-0.169004193189
-0.105006889809
-0.0969952794911
-0.288943776647
-0.249326982258
-0.177438856309
-0.148602480099
-0.102878758485
-0.0829158598
-0.0902411308488
-0.109976274613
-0.131690610527
-0.148452875464
-0.158454558981
-0.162220364252
-0.161255598707
-0.151458453358
-0.135553733143
-0.116746034893
-0.09591121795
-0.0783781947196
-0.0752253697264
-0.082924156242
-0.0789076328848
0.493157857407
0.47119853753
0.457973309141
0.422354337609
0.368269580599
0.347470230724
0.331655049404
0.514202606186
0.955630243535
1.581963113
2.34286911589
3.17990091128
4.0265510149
4.81209641486
5.47736206907
5.98535805234
6.3300425557
6.53246756345
6.60930669405
6.51857033413
6.2023853447
5.90232072681
5.66805986867
5.47789965866
5.27521934039
5.0446584307
4.78293263996
4.48999184711
4.16611012133
3.81189731078
3.4285655697
3.0184751868
2.58510694781
2.13074580136
1.65158783112
1.13805507418
0.596766551611
0.086090109306
-0.309553170217
-0.566076480183
-0.227195310702
1.01685168057
0.102630562312
0.446152817248
0.00175489223936
0.11895464881
-0.131390903353
-0.0845318129328
-0.22085168404
-0.184710943148
-0.222225402015
-0.185871452048
-0.172741618821
-0.0882663869917
-0.0549099515778
0.115194024883
0.146096177593
0.470528592518
0.304683273108
0.667699845249
0.239724419959
-0.274878976219
-0.310924029325
-0.226013994815
-0.197486485876
-0.204835349538
-0.219905742425
-0.232869708714
-0.242211738535
-0.246939045222
-0.246172042432
-0.23970237665
-0.225367334625
-0.203720352005
-0.177031604458
-0.149060307311
-0.12888899947
-0.115234961962
-0.100655251739
-0.0800828123197
0.498096155796
0.48515906889
0.472321543227
0.446116030112
0.397707528437
0.294086017498
0.0876419792834
-0.160989945402
-0.353326540193
-0.558187651115
-0.739776432314
-0.873149791768
-0.927931904119
-0.890872102692
-0.762294890147
-0.555806734419
-0.291696862955
0.00938300847805
0.3307867541
0.656944529301
0.925204507693
1.11342132094
1.19913471475
1.23158434079
1.25045241572
1.26617825542
1.27903626488
1.2869938571
1.28733714075
1.27697628271
1.25271758914
1.21187573817
1.15231119249
1.06930226777
0.946800306128
0.75046339591
0.448694731276
0.0705944109698
-0.292084433971
-0.654999582338
-0.688594952729
0.790308837726
-0.713867212686
0.275047091005
-0.496617759898
-0.0207793345327
-0.417974814268
-0.167467988611
-0.394218984995
-0.248484607741
-0.332217281358
-0.26296638874
-0.317617977999
-0.198749794573
-0.297804665385
-0.034837397561
-0.281688793869
0.344094004742
-0.230687780676
1.36334848788
1.07356085916
-0.0228766851756
-0.0442889583545
0.0478987311189
0.0186638745338
-0.0462927732369
-0.0939064736588
-0.124776102391
-0.146196723965
-0.160078046693
-0.166703552425
-0.166874620082
-0.161061912416
-0.150067153014
-0.135281148697
-0.117445479814
-0.0962735234383
-0.0756682963814
-0.0581598221189
-0.0534836268688
)
;

boundaryField
{
    frontAndBack
    {
        type            empty;
    }
    upperWall
    {
        type            zeroGradient;
    }
    lowerWall
    {
        type            zeroGradient;
    }
    inlet
    {
        type            zeroGradient;
    }
    outlet
    {
        type            adjointOutletPressure;
        value           nonuniform List<scalar> 
20
(
-0.402530407375
-0.199842001485
-0.165854062239
-0.169991106131
-0.168290247302
-0.15934441178
-0.15675028435
-0.156754244692
-0.145912305888
-0.128117641391
-0.106534282026
-0.0824069877953
-0.055851804506
-0.0265112396394
0.00637021761275
0.0442516108911
0.0880846057803
0.1344834563
0.127063928311
-0.104310941413
)
;
    }
}


// ************************************************************************* //
