/*--------------------------------*- C++ -*----------------------------------*\
| =========                 |                                                 |
| \\      /  F ield         | OpenFOAM: The Open Source CFD Toolbox           |
|  \\    /   O peration     | Version:  v1806                                 |
|   \\  /    A nd           | Web:      www.OpenFOAM.com                      |
|    \\/     M anipulation  |                                                 |
\*---------------------------------------------------------------------------*/
FoamFile
{
    version     2.0;
    format      ascii;
    class       volScalarField;
    location    "800";
    object      p;
}
// * * * * * * * * * * * * * * * * * * * * * * * * * * * * * * * * * * * * * //

dimensions      [0 2 -2 0 0 0 0];


internalField   nonuniform List<scalar> 
6400
(
0.189282825936
0.189040185792
0.188658822441
0.188274309578
0.188125071974
0.187743807047
0.186873238134
0.185404395026
0.183381791766
0.180867830809
0.177945946044
0.174709171851
0.17125146836
0.167661481569
0.164018657125
0.1603912953
0.156836060559
0.153398474913
0.150113996101
0.14700937484
0.144104077477
0.141411638949
0.138940871735
0.136696899072
0.134682008582
0.13289633855
0.131338417414
0.1300055803
0.128894287704
0.128000369461
0.127319209122
0.126845874645
0.126575229169
0.126502130112
0.126621828056
0.126930421341
0.127424570237
0.128098588408
0.128944532074
0.129955898804
0.131127046096
0.132451783714
0.133923860143
0.135537089271
0.137285404896
0.139162875252
0.141163691632
0.143282134242
0.145512514945
0.147849096256
0.150285986803
0.152817015667
0.155435590347
0.15813454625
0.160905998187
0.163741207075
0.16663047626
0.16956309262
0.17252732605
0.175510498293
0.178499126861
0.181479143688
0.184436179894
0.187355899891
0.19022435887
0.19302834883
0.195755686396
0.198395385041
0.200937648381
0.20337360879
0.205694693587
0.207891397375
0.20995113671
0.211855336644
0.21357708933
0.215079002859
0.216302188962
0.217143985101
0.217498191033
0.217475006175
0.189324943743
0.189047820778
0.188784080115
0.188439549392
0.188027325042
0.187693733824
0.186808252016
0.185302501651
0.183231983822
0.180666578092
0.177695989127
0.174417016428
0.170925621325
0.1673110933
0.163652556934
0.160017377473
0.156460961175
0.153027469244
0.149751046828
0.146657270882
0.143764616234
0.14108581893
0.13862907449
0.13639904906
0.134397706109
0.132624965036
0.131079214445
0.129757704402
0.128656842753
0.127772419416
0.127099774846
0.126633899075
0.126369432747
0.126300698114
0.126422254802
0.126730227283
0.127222984832
0.127896971453
0.128745331842
0.129760557708
0.13093510725
0.132262283892
0.133735689226
0.135349117008
0.137096523709
0.138972016871
0.140969837963
0.143084328608
0.145309876208
0.147640834993
0.150071422965
0.152595595188
0.155206899081
0.15789831812
0.160662115767
0.163489691774
0.166371467017
0.16929681132
0.172254029923
0.175230419159
0.178212399106
0.181185722518
0.184135753216
0.187047796922
0.18990746027
0.192701004186
0.195415648894
0.198039774321
0.200562962986
0.202975823576
0.205269473676
0.207434530191
0.209459458933
0.21132829515
0.213018120294
0.214496025436
0.215713302248
0.216598390925
0.217070069881
0.217131813618
0.18980886057
0.189399752107
0.18893514607
0.188549542728
0.187966292152
0.187215113698
0.186026035106
0.184312546905
0.182088351254
0.17941336198
0.176372257895
0.173057399218
0.169559832446
0.165963506165
0.162342133162
0.15875795188
0.155261790923
0.151893933995
0.148685399281
0.145659361818
0.142832545908
0.140216490237
0.137818641431
0.135643265487
0.133692186382
0.131965370758
0.130461380891
0.129177719131
0.128111088234
0.127257593073
0.126612889452
0.126172228218
0.125930301872
0.125881222327
0.126020148843
0.12634668928
0.126858004569
0.1275464426
0.128405328429
0.129428327239
0.130608856331
0.131940453907
0.13341679718
0.135031714036
0.136779190436
0.138653372865
0.14064855923
0.142759172429
0.144979711516
0.147304677128
0.149728469347
0.152245258964
0.15484883583
0.157532441811
0.160288599038
0.163108947637
0.165984108832
0.1689035905
0.171855751342
0.174827837229
0.177806097861
0.180775985667
0.183722429823
0.186630170372
0.189484127215
0.192269772171
0.194973466654
0.197582706099
0.200086219528
0.202473906354
0.204736456338
0.20686454488
0.208847658703
0.210672420472
0.212320049334
0.213762974006
0.21496255296
0.215868964251
0.216411337899
0.216525487176
0.190504959968
0.189986924622
0.189305307489
0.188562993864
0.187616325117
0.186406811492
0.184824380916
0.182816716109
0.180386949136
0.177581997924
0.17447351409
0.171142250503
0.167668529011
0.164126427942
0.160580830529
0.157086381308
0.153687654558
0.150420010863
0.1473107753
0.144380499753
0.141644169523
0.13911228258
0.136791773496
0.134686779907
0.132799263217
0.131129500716
0.129676467375
0.128438127492
0.12741166172
0.126593650416
0.125980188845
0.125566833471
0.12534838746
0.125319263554
0.125476013357
0.125820335264
0.126348333094
0.127050561555
0.127920970758
0.128953135196
0.130140609036
0.131477018033
0.132956095753
0.134571710639
0.136317888592
0.138188828495
0.140178905388
0.142282655211
0.144494735662
0.146809858327
0.149222689309
0.15172771773
0.154319095218
0.156990453157
0.159734709048
0.162543876949
0.165408899909
0.168319523068
0.171264226712
0.174230235623
0.177203615256
0.180169459446
0.183112163172
0.186015767481
0.188864351712
0.19164243753
0.194335382327
0.196929700278
0.199413214845
0.201775155389
0.204005971568
0.206096684141
0.208038084379
0.209819580461
0.211426959423
0.212839257746
0.21402741033
0.214954178917
0.21554940481
0.215714878525
0.191165504486
0.190414762063
0.189438579298
0.188273576586
0.186880611127
0.185225174235
0.183248477197
0.180928254642
0.178276245481
0.175333925767
0.172160923495
0.168824304128
0.165390891445
0.161922427149
0.158473107844
0.155088743113
0.151806919668
0.14865771173
0.145664630805
0.142845627399
0.140214041164
0.137779449797
0.135548398659
0.133525011048
0.131711487772
0.130108507352
0.128715538424
0.127531080796
0.126552863937
0.125778012865
0.125203103764
0.124823957888
0.124635491037
0.124633102568
0.124815991277
0.125184025779
0.125731549137
0.126450410495
0.127334620376
0.128377914135
0.129573983766
0.130916536466
0.132399348481
0.134016311291
0.135761472171
0.137629066658
0.139613537913
0.141709536825
0.143911896177
0.146215572796
0.148615552971
0.151106719018
0.153683678559
0.156340562963
0.159070806346
0.161866921849
0.164720295507
0.167621018473
0.170557780361
0.173517845603
0.176487123752
0.179450345579
0.182391335529
0.185293371327
0.188139610602
0.190913529398
0.193599372957
0.196182604652
0.198650042685
0.200990140926
0.203193076903
0.205250118705
0.207153062556
0.208893579238
0.210461365097
0.21184130089
0.213011827052
0.213945312986
0.214572263597
0.21478614024
0.191402730885
0.190307040964
0.189031272767
0.187480368593
0.18567810913
0.183622923194
0.181296918393
0.178701180366
0.175856373006
0.172801126742
0.169585124269
0.166262484845
0.162886619703
0.159506888572
0.156166860377
0.152903710729
0.149748331347
0.146725826235
0.143856180136
0.141154970964
0.138634055934
0.136302196493
0.134165607012
0.132228423726
0.130493096383
0.128960707064
0.127631221539
0.126503686121
0.125576399023
0.124847059693
0.124312766152
0.123969682938
0.123813029295
0.123839494059
0.124050881236
0.12444455468
0.125012891919
0.125749719879
0.126648940382
0.127704386034
0.128909831115
0.130259034134
0.131745793093
0.133364003918
0.135107717455
0.13697119029
0.138948923431
0.141035681551
0.143226484684
0.14551656423
0.147901276398
0.150375968601
0.15293579852
0.155575511457
0.158289187698
0.161069978069
0.163909852715
0.166799385084
0.169727596458
0.172681896031
0.17564811902
0.17861069343
0.181552915106
0.184457321112
0.18730616801
0.190081910151
0.192767660921
0.19534790966
0.19780847978
0.2001369824
0.202323351212
0.204358980614
0.206236231549
0.207948284697
0.209487555867
0.210842967813
0.211997372104
0.212931577559
0.213576940015
0.213835880634
0.190649941018
0.189388965348
0.187923791623
0.186080159485
0.183961761666
0.181594835636
0.178997456706
0.176191042232
0.173204334566
0.170074301426
0.166842846185
0.163553358858
0.160247843397
0.156965006618
0.153739240492
0.15060025941
0.147573159528
0.144678718912
0.141933818015
0.139351906187
0.136943469873
0.134716476063
0.132676775354
0.130828456211
0.129174146958
0.127715264642
0.126452212611
0.125384537514
0.124511070306
0.123830046238
0.123339063294
0.12303473318
0.122912816729
0.122971006052
0.12321216716
0.123632673346
0.124223643097
0.124979688761
0.125894966343
0.126963467022
0.128179048102
0.129535497995
0.13102660724
0.132646243451
0.134388426724
0.136247401035
0.138217695302
0.140294165778
0.142472009871
0.144746740789
0.147114113322
0.149569993451
0.152110168384
0.154730101791
0.157424646601
0.160187733151
0.163012067188
0.165888861585
0.168807617555
0.171756032332
0.174719992249
0.177683734686
0.180630132358
0.183541065229
0.186397969742
0.189182406627
0.191876344746
0.194463495282
0.196928777632
0.199258854366
0.2014434823
0.203474031143
0.205342975548
0.207044305006
0.208571949546
0.209917210054
0.211064475489
0.21200202978
0.212660519669
0.212961850603
0.188937099242
0.187640805418
0.186091961926
0.184066610319
0.181742659319
0.179167612138
0.176389391057
0.173446486618
0.170375362548
0.167212707901
0.163995029026
0.160757697904
0.157533934501
0.154354081962
0.151245207628
0.148230966503
0.145331650953
0.142564363679
0.139943268726
0.137479887201
0.135183411646
0.133061018034
0.131118159131
0.129358827957
0.127785784405
0.126400741661
0.125204514224
0.124197138429
0.123377980167
0.122745806998
0.12229871115
0.122033856227
0.121947820214
0.122039180378
0.122310841988
0.122758589534
0.123372874517
0.124148837477
0.125080869647
0.126163098214
0.12738943954
0.12875368457
0.130249585512
0.131870947009
0.133611720225
0.135466096172
0.137428591798
0.139494119511
0.141658028217
0.143916102249
0.14626450499
0.148699656795
0.151218038815
0.153815925451
0.156489062466
0.159232300039
0.162039232914
0.16490188864
0.167810412849
0.170752968859
0.1737156578
0.176682681192
0.17963665734
0.182558959233
0.185430328679
0.188231744064
0.190943994548
0.193550370454
0.196035074007
0.198383602861
0.200585676598
0.202632353305
0.204515778013
0.206230220877
0.207769945447
0.209127175154
0.210285412005
0.21123856938
0.2119133937
0.212257023846
0.18647442697
0.185194490315
0.183624543506
0.181510195946
0.17908060475
0.176393915535
0.173520983638
0.170513118966
0.167413432921
0.164259259844
0.161083800684
0.157916956809
0.154785698394
0.151714241004
0.148724138283
0.145834352872
0.143061342301
0.140419179946
0.137919716992
0.135572779385
0.133386386095
0.131366972238
0.129519602048
0.127848160492
0.126355515958
0.125043650252
0.123913760404
0.122966347286
0.12220129215
0.121617860214
0.121214544856
0.120988991135
0.120938899659
0.121064215006
0.121366699595
0.121841427461
0.122479007853
0.123275021714
0.124224059787
0.125320345056
0.126557818129
0.127930239244
0.129431287507
0.131054665905
0.132794212907
0.134644018016
0.136598534915
0.138652681847
0.140801915315
0.1430422599
0.145370275951
0.147782952867
0.150277512141
0.152851114006
0.155500506284
0.158221594894
0.161009004142
0.163855771809
0.166752851285
0.169689077911
0.172650959125
0.17562284114
0.178587320726
0.181525518352
0.184417620287
0.187244634224
0.189986032335
0.192625208505
0.195145925634
0.197532088473
0.199773995942
0.201862055522
0.203787631414
0.205545140927
0.207128033362
0.208527604696
0.209724212875
0.210714025241
0.211416303086
0.211806669115
0.183437263656
0.18220189606
0.180651447218
0.178517644544
0.176061482787
0.173342595247
0.170447901251
0.167436934814
0.164357801085
0.161248759099
0.158141208343
0.155061617356
0.152032810964
0.149074766058
0.146205068708
0.14343916991
0.140790545036
0.138270825718
0.1358899392
0.133656264817
0.131576802058
0.129657338192
0.127902603724
0.126316407046
0.124901742375
0.123660868482
0.12259536654
0.121706200136
0.120993763263
0.120457802907
0.1200971293
0.119909745631
0.119894900544
0.120055428473
0.120388927381
0.120888959173
0.12154934631
0.122365309945
0.123331472796
0.124442073679
0.125691036
0.127072059196
0.128578719761
0.130204584665
0.131943337653
0.133788916184
0.135735652873
0.137778410119
0.139912691793
0.142134711983
0.144441392897
0.146830281694
0.149299365714
0.151846740689
0.1544702445
0.157166971596
0.159932668899
0.162761606195
0.165645671985
0.168574593603
0.171535498832
0.174513079755
0.177490216028
0.18044820097
0.183366700209
0.186227678804
0.189008868333
0.191694489344
0.194268389384
0.196712181544
0.199019026416
0.201178394793
0.203179396793
0.205016743275
0.206682138339
0.208163145578
0.209434777069
0.210490308462
0.211239176117
0.211687522189
0.179972611956
0.178803018636
0.177302494003
0.175200843425
0.172777301568
0.170087288047
0.167228171247
0.164263667995
0.161245168927
0.158211702968
0.155193787762
0.152215889966
0.149298242758
0.146458020103
0.143710046667
0.141067212588
0.138540728642
0.136140310911
0.133874341967
0.131750025456
0.129773533922
0.127950142727
0.126284343095
0.124779930059
0.123440062942
0.122267298733
0.121263610238
0.120430415959
0.119768602366
0.119278380444
0.118958897993
0.118808550782
0.11882781082
0.119021239914
0.119384332954
0.119909369866
0.120592114805
0.121427707494
0.122410822787
0.123535710025
0.124796263102
0.12618610627
0.127698694982
0.129327434358
0.131065817256
0.1329075808
0.134846876456
0.136878441741
0.138997753723
0.14120114717
0.143485848465
0.145849919337
0.148292119216
0.150811498378
0.153407032142
0.156077155629
0.158818719548
0.161627493861
0.164496352437
0.167416142408
0.17037486787
0.17335778984
0.176348377838
0.17932863802
0.182277384697
0.185178606451
0.188007653585
0.190751188613
0.193394388898
0.195915095088
0.198314369587
0.200579732651
0.202694001689
0.204652411336
0.2064440504
0.208050870399
0.209443328229
0.210605907873
0.211436225425
0.211964947446
0.176217595108
0.17512673865
0.173696879733
0.171664063664
0.169315374475
0.166698712302
0.16391766627
0.161036981599
0.158109855559
0.15517570892
0.152264639496
0.149400001743
0.14660047453
0.143881431936
0.141255816769
0.138734686209
0.136327568668
0.134042721735
0.131887338682
0.129867722222
0.127989428988
0.126257382695
0.124675954579
0.123249012072
0.121979937921
0.120871624168
0.11992645552
0.119146307744
0.118532538395
0.118085808187
0.11780568917
0.117691098448
0.117743261821
0.11796705327
0.118357874407
0.118907406366
0.1196118974
0.120466608944
0.121466286795
0.12260519972
0.123877215645
0.125275884922
0.126794538597
0.128426407992
0.130164770891
0.132003124678
0.133935383494
0.135956090753
0.138060612922
0.140245322383
0.14250767659
0.144846165956
0.147260314089
0.149750116916
0.152315645049
0.154956907793
0.157671629912
0.16045743908
0.163308150453
0.166215954818
0.169170018996
0.172156288359
0.175158881208
0.178160870183
0.181139669589
0.18408280521
0.186963184909
0.189773322178
0.192502082482
0.195119888663
0.197638344241
0.200040685379
0.202302408747
0.204420521189
0.206382114957
0.208166178007
0.209739600734
0.21106822389
0.212037050511
0.212683194824
0.172293905673
0.171287032516
0.169939613183
0.167999569865
0.16575377451
0.163240851518
0.160567458524
0.15779702738
0.154983368784
0.152165821396
0.149374207257
0.14663124404
0.143954683008
0.141358750173
0.138855117185
0.136453549701
0.134162359635
0.131988740014
0.129939023652
0.128018883025
0.126233477438
0.124587550602
0.123085483107
0.121731306246
0.120528684307
0.119480874827
0.118590683838
0.117860434281
0.117291918353
0.116886206519
0.116643337877
0.116562839755
0.116646444737
0.11689880169
0.117315759539
0.11788861503
0.118613828498
0.119486755438
0.120502202144
0.121654460603
0.12293738331
0.124344460023
0.125868908472
0.127503789374
0.129242156141
0.131077240788
0.133002672042
0.135012738538
0.137102608948
0.139268598362
0.141508327065
0.143820566802
0.146205584738
0.148664313287
0.151197686831
0.15380772334
0.156492484403
0.159251940613
0.162080730095
0.164972445513
0.167917568665
0.170902358785
0.173911501944
0.176929494488
0.17993276516
0.182916018698
0.185851934141
0.188737039581
0.191566979262
0.194305697045
0.196956198069
0.199506665502
0.201945200173
0.204264089952
0.206448838163
0.208474089091
0.210298848118
0.211864147014
0.213042463329
0.213850522901
0.168301573224
0.167378795781
0.166118999799
0.164285652581
0.162159501088
0.159769316088
0.157222519009
0.154579563079
0.151893948902
0.149204440448
0.146540529398
0.143924486243
0.141373467196
0.13890094379
0.136517724506
0.134232679336
0.1320532731
0.129985969099
0.128036534988
0.126210265683
0.124512131716
0.122946861315
0.121518966786
0.12023272689
0.119092136659
0.118100839535
0.117262063224
0.116578565212
0.116052535493
0.115685372888
0.115477525418
0.115429241738
0.115542804796
0.115822122281
0.116263685447
0.116858451177
0.117603054843
0.118492929963
0.119522937854
0.120687402105
0.12198017847
0.123394721151
0.124924160157
0.126561404659
0.12829929014
0.130130777247
0.132049170005
0.134048461639
0.136123542677
0.138270557272
0.140487267407
0.142772491568
0.145127193153
0.147553314176
0.150052089791
0.152628325196
0.155279567434
0.158008596623
0.160810691583
0.163680234703
0.166609099558
0.169583134579
0.172588477707
0.175614319239
0.178637366638
0.181660634176
0.184667070567
0.187628155081
0.190542880477
0.193395136622
0.196181938963
0.198897751473
0.201536397272
0.204091439156
0.206549290714
0.208882061969
0.211039352906
0.212932440002
0.214414231658
0.215430219649
0.164319419999
0.163477815969
0.162306433352
0.160586359558
0.158588117895
0.156330893752
0.15392124451
0.151415539675
0.148866290289
0.146311227602
0.143779354689
0.141292508007
0.138867389979
0.136516937047
0.134251360669
0.132078923958
0.130006537369
0.128040215839
0.126185419489
0.124447290188
0.122830794866
0.121340789166
0.119982017895
0.118759068824
0.117676294349
0.116737720518
0.115946973601
0.115307215522
0.114820983035
0.114489853658
0.114314488171
0.114296223249
0.114438934383
0.114744165641
0.115208527279
0.11582348517
0.116585790561
0.117490943293
0.118533847327
0.119708864579
0.121009875922
0.122430332534
0.123963313397
0.125601608929
0.127337853617
0.129164757916
0.131075263244
0.133063056411
0.135122694162
0.137249984546
0.139442922599
0.141700039078
0.144022875374
0.146414690251
0.148876021044
0.151415542011
0.15402927519
0.156722638687
0.159491501611
0.162329504479
0.16523079124
0.168183464192
0.171175019899
0.174206477037
0.177257134911
0.180306085762
0.183347805933
0.186366230455
0.189355481077
0.192308488363
0.19522429036
0.198103681107
0.200947918126
0.203756601682
0.206521590228
0.209217941429
0.211791433796
0.214131658172
0.216062975659
0.217346904345
0.160408292298
0.159643164184
0.158558075123
0.156952627319
0.155084435709
0.152963887049
0.150695558536
0.148331076745
0.145921494739
0.143503120951
0.141104277692
0.138746288111
0.136445431416
0.134214220563
0.132062442425
0.129997964917
0.128027374557
0.126156468159
0.12439061226
0.122734980979
0.121194686317
0.119774819761
0.118480427263
0.117316438271
0.116287565444
0.115398197335
0.114652321537
0.114053463262
0.113604458867
0.113306951213
0.113161649955
0.113171445646
0.113343641467
0.113674269046
0.114158111902
0.114791068929
0.115569051088
0.116487457255
0.117541179676
0.118724616743
0.120031696384
0.121455903872
0.12299031035
0.124627635199
0.126360324323
0.128180902807
0.130081895453
0.132056700491
0.134099546797
0.136205622299
0.138373436262
0.140600837518
0.142889683235
0.145245200135
0.147665852496
0.150165036833
0.152736424562
0.155386542294
0.158112744368
0.160908704272
0.163770646262
0.166699704384
0.169679870597
0.172693783964
0.175735281561
0.178788490224
0.181843953897
0.184891807613
0.187927719698
0.190950795806
0.193965373296
0.196979653377
0.200004145585
0.203048186495
0.20611400123
0.209186475214
0.212216997378
0.21508681704
0.217587337898
0.219308237313
0.156614306122
0.155919966323
0.154917152798
0.153424052949
0.151683762598
0.149698926016
0.147571394529
0.145347730024
0.143077231454
0.14079447766
0.138526929613
0.136295284009
0.134115374294
0.131999341868
0.129956663158
0.127994968256
0.126120700143
0.12433962135
0.122657175284
0.121078712736
0.119609601322
0.11825524189
0.117021018879
0.11591220863
0.114933863961
0.114090698239
0.113387007949
0.112826612609
0.112412591014
0.112146710324
0.112029891004
0.112065948273
0.112262982648
0.112616440613
0.113119389927
0.113768697548
0.11456034102
0.115489763901
0.116551900708
0.117741215305
0.119051711336
0.120476949912
0.122010035268
0.123643690145
0.125370145965
0.127181881155
0.129070907204
0.131030358914
0.133054273571
0.135136742487
0.137277302624
0.139472789442
0.141724858738
0.14404148623
0.146417557821
0.148871087027
0.151393521158
0.153991049674
0.156664256629
0.159415061389
0.162239298461
0.165120504549
0.168057502704
0.171035269083
0.174042899009
0.177068056267
0.180101592476
0.183137044819
0.18617288932
0.189212927486
0.192267095366
0.195350882381
0.198484203425
0.201686810617
0.204972754544
0.208338039425
0.211732012451
0.214986658928
0.217834202935
0.220042212387
0.152971580515
0.152341905849
0.151416200391
0.150030746933
0.148413319539
0.146559982235
0.144569381186
0.142482938709
0.1403480385
0.138197308873
0.136057205844
0.133947688994
0.131884107137
0.129878253282
0.127939371646
0.126074970984
0.124291486573
0.122594783011
0.120990501468
0.119484263263
0.118081752002
0.11678870349
0.115610834485
0.114553736814
0.113622756679
0.1128228824
0.112158671715
0.111634185106
0.111252718237
0.111016310814
0.110926394609
0.110987402582
0.111206928388
0.111580764597
0.112100869932
0.112764437384
0.113567475677
0.114505449851
0.115573331113
0.116765660404
0.118076530801
0.119499625224
0.121028096224
0.12265480615
0.124371643416
0.126171292681
0.12804509635
0.12998591075
0.131987949893
0.134043537601
0.136153867015
0.138314596972
0.140526269932
0.142800138244
0.145126297868
0.147526206026
0.149993074096
0.152532549907
0.1551556614
0.157842062568
0.160601716596
0.16342199652
0.166294391894
0.169206459611
0.17214631699
0.175102624971
0.178066632621
0.181033276892
0.184002709381
0.186981277073
0.189982277279
0.193025548674
0.196136803065
0.199340857392
0.202656769011
0.206075670972
0.209490269331
0.212619061796
0.215898257411
0.219950028524
0.149504654622
0.148933453941
0.148079081863
0.146795053742
0.145293613831
0.143565409241
0.141705594197
0.139750552591
0.13774569477
0.135721558164
0.133703497974
0.131710647755
0.129757837075
0.127856522477
0.126015771052
0.124243053609
0.1225448928
0.120927345683
0.119396323807
0.117957765557
0.116617688066
0.115382152657
0.114257177688
0.113248625934
0.112362087139
0.111602779514
0.110975486094
0.110484463165
0.110133163494
0.109923948093
0.109859016364
0.109943366014
0.110183241062
0.110575305353
0.111110448862
0.111786044305
0.112598078929
0.113541996861
0.114612775778
0.115805042284
0.11711296419
0.118530417282
0.120050537639
0.121666595414
0.123369812705
0.125153480307
0.127008094128
0.128926124519
0.130902603054
0.132927324586
0.135003510945
0.137125636358
0.139291741278
0.141516684046
0.143788755752
0.146125773532
0.148542231686
0.151012226853
0.153559955507
0.156174944647
0.158854882018
0.161590447097
0.164370933889
0.167183616
0.170015467382
0.172854367922
0.175690644707
0.178518412554
0.181336854714
0.184151146151
0.186972947175
0.189819508406
0.192713014826
0.195668952871
0.19869420992
0.201731373149
0.2045138849
0.207100491112
0.210413261032
0.216257123705
0.146230543352
0.145711797983
0.14492275798
0.143733075939
0.142339686694
0.140728920074
0.138992291184
0.137161367952
0.135279605929
0.133375382229
0.131472904212
0.129590419702
0.127742217902
0.12593942798
0.124190978469
0.12250435747
0.120886233377
0.119342904457
0.117880582685
0.116505530552
0.115224083226
0.114042593819
0.112967336752
0.112004394617
0.111159548804
0.110438201642
0.109845329991
0.109385347128
0.109061747326
0.108877121191
0.108834891909
0.108941331226
0.109199607837
0.109607605526
0.110155509659
0.110840783264
0.111659330955
0.112606511156
0.113677240074
0.114866259692
0.116167734033
0.117575876473
0.119083561745
0.120684961305
0.122370056964
0.124133281524
0.125964225475
0.127854697317
0.129801221069
0.131790286506
0.133826946149
0.135904981487
0.138020027627
0.140186636847
0.142411148021
0.144681059601
0.147019399268
0.149417805717
0.151882034547
0.154407429648
0.156988000632
0.159613761018
0.16227200195
0.164948134059
0.167626944136
0.170293883724
0.172936375247
0.175544958385
0.17811418129
0.18064299617
0.18313435275
0.18559268159
0.188021125857
0.190398497829
0.192699840897
0.194797465509
0.196271848936
0.196268067367
0.194562544171
0.195990591487
0.143160472232
0.142688468724
0.141958784124
0.140855980274
0.139562201743
0.138060459654
0.136438584119
0.134723628674
0.132957167617
0.131165407349
0.12937140441
0.127592490432
0.125842408811
0.124131970534
0.122469991015
0.120864006589
0.119320857945
0.117847097964
0.116449234345
0.115133830092
0.113907498758
0.112776834593
0.111748312083
0.110828176922
0.110022346964
0.109336358851
0.108775346589
0.108343843912
0.108045264223
0.10788227681
0.107860246153
0.107988756327
0.108264455131
0.108684718313
0.109242796796
0.109935298794
0.11075783635
0.111705591469
0.112773278024
0.113955860369
0.115247282984
0.116642399175
0.118133286322
0.11971580377
0.121378001937
0.123115959058
0.124918545375
0.126776257153
0.1286874627
0.130634724534
0.13262449943
0.134651689551
0.136717128791
0.138825111491
0.140977673742
0.143178867244
0.145436302155
0.147748770909
0.150116484841
0.15253462291
0.154994646448
0.157484260618
0.159988051759
0.162488423731
0.164966691778
0.167404176732
0.169783164614
0.172087573801
0.174303165066
0.176417034959
0.178415971243
0.180282224163
0.181986791209
0.183447307569
0.184594448353
0.184927770524
0.182742107293
0.175144291625
0.155926758001
0.0997591555929
0.140301245412
0.139870653195
0.139194537749
0.138171082663
0.136968363923
0.135566954279
0.134051026929
0.132443469551
0.130784086306
0.129096949013
0.12740399675
0.125721639759
0.124063084334
0.122438832909
0.120857602354
0.119326988218
0.117854004832
0.116445446756
0.11510808916
0.113848754299
0.112674284446
0.111591462147
0.110606910291
0.109726990118
0.108957713689
0.108304710247
0.107773222308
0.107367850534
0.107091916615
0.106948235558
0.106943926242
0.107090715941
0.107381736098
0.107812094877
0.108378153508
0.109075591177
0.109899638594
0.110845348949
0.111906970945
0.113079974182
0.114357640519
0.11573601851
0.117205609337
0.118764922651
0.120399625314
0.122107407367
0.123876713343
0.125695437889
0.127563903913
0.129463685497
0.13139988169
0.133378462346
0.135380056988
0.137420594911
0.139500466588
0.141622565441
0.143790839828
0.146004927448
0.148262017676
0.150555061627
0.152872663157
0.15519935873
0.157516205862
0.159801617219
0.162032248035
0.164183750886
0.166231211757
0.168149058987
0.169910194218
0.171484008847
0.172832879525
0.173906634399
0.174637213097
0.174923405142
0.17481428595
0.17255972939
0.166071193429
0.152643325899
0.125740536387
0.0747775397921
0.137656353129
0.137262250529
0.136634207515
0.13568272988
0.13456267586
0.13325293695
0.131834111695
0.13032529328
0.12876465075
0.127174192113
0.125574800097
0.123981978028
0.122408414929
0.120864314172
0.119358299892
0.117898022482
0.116490653034
0.115143197189
0.113862655104
0.112656057716
0.111530421821
0.110492663858
0.109549501643
0.108707359008
0.107972290711
0.107349965315
0.106845657248
0.106463948228
0.106208170429
0.106081672628
0.106092826709
0.106252788477
0.106555821639
0.106995012246
0.107567136047
0.108267341009
0.109090403803
0.110031520291
0.111083957425
0.112244251249
0.113504373899
0.11486235918
0.11630647497
0.117838428805
0.119441443895
0.121113546627
0.122843095839
0.124615713338
0.126430910487
0.128286197623
0.130164100638
0.132076492798
0.134014267939
0.13598183321
0.137981452937
0.140015355424
0.142085047044
0.144188666688
0.146320622141
0.148470812906
0.150624415994
0.15276217623
0.154860972802
0.156894512089
0.158833945404
0.160648191355
0.162303723622
0.163763530941
0.164984837929
0.165914929936
0.166483930906
0.166592241812
0.166088129752
0.164720095229
0.162054989334
0.157065660309
0.147814131119
0.132258797047
0.105801787557
0.0634670976402
0.135226813665
0.13486469481
0.134279574765
0.133393003241
0.132347548309
0.131121057533
0.129790677077
0.12837208207
0.126901955047
0.125400335027
0.123887129165
0.122376962267
0.120882033832
0.119412256868
0.117976161867
0.116581438759
0.115235386473
0.113945180382
0.112717995206
0.11156101489
0.110481372832
0.109486060371
0.108581828812
0.107775098042
0.107071896751
0.106477869799
0.105998249819
0.105637494534
0.105398993352
0.105287070185
0.105311390198
0.10548123392
0.105793442559
0.1062393125
0.106815416034
0.107516177641
0.108335558102
0.10926950148
0.110309481501
0.111453947772
0.112693009077
0.114027231791
0.115442437852
0.116942754601
0.118508982377
0.120137397608
0.121817617977
0.123541583266
0.125303415714
0.12709709601
0.128916404771
0.130760433812
0.132625631801
0.134513306105
0.13642514512
0.138362114027
0.140323408792
0.142304718431
0.144297335542
0.146287614467
0.148256864569
0.150181658036
0.152034353795
0.153783632284
0.155394818526
0.15682975057
0.15804591687
0.158994507808
0.159616862843
0.159838474835
0.159559099703
0.158636305805
0.156857490782
0.153889627136
0.149192496821
0.141817070884
0.130247506748
0.112575209813
0.0856508431924
0.048534213164
0.133011845773
0.132677602853
0.132130627171
0.131302273846
0.130323785963
0.129172492246
0.127922238444
0.126585650406
0.125198078867
0.123777703827
0.122343550376
0.120909402035
0.119487001673
0.118085979403
0.116714766504
0.115381070218
0.114092281751
0.112855700078
0.111678621936
0.110568328923
0.109532015048
0.108576690489
0.107709083311
0.106935550115
0.106262035256
0.105694123504
0.10523697862
0.104894778828
0.104670698742
0.104570346404
0.104605431094
0.104781811867
0.10510065143
0.105550914111
0.106128701
0.106827673566
0.107640318456
0.108564425879
0.109588851085
0.110714667512
0.111929963555
0.113237191744
0.114619600521
0.1160808242
0.117603000933
0.119178025136
0.120809683166
0.122476049076
0.12418024976
0.125911956788
0.127664405322
0.129434563263
0.131220114589
0.133020987995
0.134837591735
0.136669180298
0.138512454939
0.140360132756
0.142200036302
0.14401468471
0.145781319011
0.147472254661
0.149055360179
0.150494434934
0.15174925266
0.15277502397
0.153520996192
0.153927827797
0.153923214292
0.153414951912
0.152280121529
0.150348223319
0.147374732743
0.142999427577
0.136682870257
0.12761043704
0.114606598294
0.0962102311368
0.0700669181826
0.0372231555285
0.131009363179
0.130699266666
0.130186032744
0.129409635617
0.128490969764
0.127407268483
0.12622925154
0.1249668479
0.123654232233
0.122307843476
0.120945925464
0.119581462337
0.118225776297
0.116888220619
0.115577119034
0.114300170385
0.113064820524
0.111878446239
0.110748417162
0.109682063829
0.108686594672
0.107768995882
0.106935933761
0.106193664483
0.10554800621
0.105004444
0.104568019917
0.104242368402
0.104029816977
0.103937614613
0.10398199222
0.104162113826
0.1044842849
0.104936068686
0.105512675783
0.106207338475
0.107010153051
0.107921960972
0.108928484739
0.110032986111
0.111221490282
0.112495554134
0.113839420854
0.115246860271
0.116725019518
0.118245210558
0.11981951127
0.121430690418
0.123072145419
0.124735653656
0.126414606147
0.128105010788
0.129804441699
0.13151181158
0.1332260143
0.134944233967
0.136660413038
0.138363979328
0.14003907421
0.141664307746
0.143212928744
0.144653238863
0.145949032821
0.147059834504
0.147940703575
0.148541385046
0.148804549258
0.148662805905
0.148034054417
0.146814532492
0.14486862056
0.14201404728
0.138000672604
0.132480858475
0.124970315512
0.114804104155
0.101098582625
0.0828460482854
0.0584460967827
0.0299675301149
0.129216362728
0.128927035121
0.128443505953
0.12771324142
0.126847755887
0.125824520801
0.12471132189
0.123515721703
0.122270872472
0.120991592514
0.119695448534
0.118394668726
0.117100192172
0.115821099872
0.114565598373
0.113341351451
0.112155823193
0.111016426573
0.109930562863
0.108905575259
0.107948658432
0.107066755916
0.106266465138
0.105553943371
0.104934869441
0.104414598839
0.103998044884
0.103688278046
0.103486341237
0.103400090628
0.103450416433
0.103631396333
0.103951317257
0.104401076448
0.10497343295
0.105661507549
0.106451999819
0.107349072632
0.108334989371
0.109412240539
0.110568069456
0.111794083156
0.113097178706
0.114452953659
0.115875850656
0.117347165026
0.118862607837
0.120411242829
0.121984421329
0.123574082699
0.125173597762
0.126778462601
0.128385771923
0.129993391277
0.131598524134
0.13319601267
0.134776821209
0.136326932421
0.137826789958
0.139251261031
0.140569964148
0.141747750656
0.142745111904
0.143518293449
0.144018917214
0.144192923497
0.143978635492
0.143303711811
0.142080682884
0.140200665418
0.137524728522
0.133872298066
0.129006045618
0.122613330182
0.114285524097
0.103502970392
0.0896251777077
0.0720021692465
0.0495583355318
0.0246609181543
0.127629195836
0.127357601082
0.126900088144
0.126210563356
0.125392109081
0.124422692351
0.123367371201
0.122231647251
0.121047800194
0.119829146536
0.118592680729
0.117349917668
0.116111451538
0.114886093858
0.113681923795
0.112506543712
0.111367402366
0.110271913304
0.10922747877
0.108241435716
0.107320965454
0.106472993826
0.105704108565
0.105020476717
0.104427782499
0.103931451741
0.103536466007
0.10324513896
0.103056519543
0.10297534765
0.103017026455
0.10319119095
0.103508198513
0.103954083673
0.104519498535
0.105198404691
0.105973247804
0.106849102438
0.107808624052
0.108843475188
0.109961715342
0.111141669389
0.112394308678
0.113706570708
0.115075352341
0.116489933866
0.117942394089
0.119423068993
0.120922767426
0.122433284397
0.123947935149
0.125461877109
0.126971595974
0.128473793133
0.129963814809
0.131433965218
0.132872107469
0.134260789121
0.135576953073
0.136792137186
0.13787296242
0.138781674499
0.139476514519
0.139911725545
0.140037036344
0.139796486737
0.139126465313
0.137952819377
0.136186873502
0.133720170085
0.130417749642
0.126109884566
0.120582463633
0.113567021631
0.104732414303
0.0936855012799
0.0799751801986
0.0632050253369
0.0426478632298
0.0206220057479
0.126243764251
0.125987230377
0.125552366127
0.124898596527
0.124121485716
0.123199694131
0.122195770504
0.121113434968
0.119984240017
0.118820114644
0.117637585288
0.116447493904
0.115260128199
0.114084030653
0.112927141962
0.111796976782
0.110700936873
0.109646404655
0.108640759384
0.107691323966
0.106805285947
0.10598960637
0.105250951014
0.104595661858
0.104029619024
0.103558407529
0.103186846451
0.102915409859
0.102742936788
0.102672710659
0.102695577731
0.102858345973
0.103169628112
0.103607595965
0.104159568488
0.104821857109
0.105574100416
0.106411220578
0.107338574354
0.108332753449
0.109406084058
0.110546971073
0.111752193708
0.113013730049
0.114325364781
0.115678263871
0.117063469124
0.1184714046
0.119892753286
0.121319238412
0.12274412618
0.124162291816
0.125569538847
0.126961275174
0.128330838185
0.12966787428
0.130957146391
0.132177955667
0.133304158555
0.134304611754
0.135143805517
0.135782442204
0.136177754172
0.136283405365
0.136048866395
0.135418184677
0.134328088926
0.132705375906
0.130463536473
0.127498604334
0.123684281618
0.118866564504
0.112858418295
0.105435760938
0.0963366280773
0.0852696144822
0.0719232893976
0.056070188458
0.0372130804954
0.0174626029274
0.12505561718
0.124811965829
0.124396647055
0.123774022149
0.12303297877
0.12215303201
0.121194447887
0.12015941906
0.119078910547
0.117963571733
0.116829564483
0.115687095123
0.114546183776
0.113415100942
0.112301635318
0.111213186204
0.110157075603
0.109140621286
0.108171152974
0.107255967712
0.106402279112
0.105617147228
0.104907395578
0.10427978691
0.103740771191
0.10329631603
0.102952789022
0.102713714384
0.10257938021
0.102521632234
0.102530619819
0.102662946212
0.102947642177
0.103364966575
0.103889419648
0.104517723178
0.105241587089
0.106041388218
0.106929395582
0.107890292881
0.108922005908
0.110017768373
0.111172271137
0.112378637637
0.113629625905
0.114916638225
0.116230383185
0.117561197932
0.118899747028
0.120237777171
0.121568543831
0.122886652499
0.124187150996
0.125464024061
0.126708479104
0.127907473632
0.129042814591
0.130090931779
0.131023217336
0.131806699421
0.132404784489
0.132777833467
0.132883398179
0.132676007942
0.132106447148
0.131120499616
0.129657158534
0.127646320479
0.125006008759
0.121639221626
0.117430594456
0.112243243329
0.105916443242
0.0982653448561
0.089084239586
0.0781581412638
0.0652735534872
0.0503098378025
0.032924540856
0.0149595931234
0.124059936076
0.123827879942
0.1234291018
0.122833341905
0.122123433163
0.121279908975
0.120360976641
0.119367533316
0.118330086994
0.117258108466
0.116167498739
0.115067862949
0.113968994765
0.11287888511
0.111805151387
0.110755047766
0.109735779273
0.108754556935
0.107818619925
0.106935203544
0.106111534269
0.105354825174
0.104671994057
0.104070392098
0.103557638384
0.10314066149
0.102832548104
0.102651279879
0.1025474061
0.1024988165
0.102485935781
0.102578095832
0.102817212925
0.103202136191
0.10369650163
0.104290078637
0.104980482825
0.105752136614
0.106602511943
0.107523598766
0.108510412031
0.109557090677
0.11065760874
0.111805079079
0.112991820455
0.114209105472
0.11544745565
0.116697136057
0.117948863237
0.119194494905
0.120427318521
0.121641653171
0.122831699373
0.123989893066
0.125105238093
0.12616207827
0.127139565147
0.128011816684
0.128748567895
0.129316030652
0.12967768933
0.129794822602
0.129626621074
0.129129839954
0.128257975877
0.126959989261
0.125178616206
0.122848336439
0.119893096291
0.116223941168
0.111736802849
0.10631084595
0.0998080002544
0.0920747175
0.0829471354924
0.0722632824386
0.0598738790527
0.0457205831992
0.0295673257735
0.0129757387226
0.12325106949
0.123031806442
0.122645887928
0.122072990846
0.121389534781
0.120577306583
0.119692646504
0.118735377613
0.117735659043
0.116701879806
0.115649787135
0.114588417627
0.113527387679
0.112474394545
0.111436851338
0.110421838685
0.109436401906
0.108487590319
0.107582487266
0.106728186344
0.105931818197
0.105200816697
0.104541684947
0.103961808325
0.103469808757
0.103072562436
0.102785603186
0.102658640513
0.102557616313
0.102512115461
0.102494270862
0.102542866564
0.102759620503
0.103117858355
0.1035859536
0.104152764525
0.104809736975
0.105546406325
0.106356822927
0.107234448312
0.10817342824
0.109167772436
0.1102111013
0.111296300242
0.112415375544
0.113559386864
0.114718711925
0.115883601837
0.117044903343
0.118194662981
0.11932622768
0.120433581947
0.121509965091
0.122546151265
0.123528934157
0.124440243289
0.125257038007
0.125951855008
0.126493728695
0.126849170987
0.126982950416
0.126858501332
0.126437883521
0.125681280069
0.124546063809
0.12298548748
0.120947069884
0.118370769559
0.115187066289
0.111315119674
0.106661248146
0.101118105743
0.0945650962986
0.0868709044995
0.0778991364239
0.0675198055656
0.055620292704
0.0421713233954
0.0270091543444
0.0114280881765
0.122624560349
0.122420024093
0.122042879104
0.121489368266
0.120827873563
0.120042059146
0.119186529099
0.118260283916
0.117293188312
0.116292653868
0.115274388619
0.114246890608
0.113219668734
0.112200104816
0.111195343988
0.110212279958
0.109257753055
0.108338587507
0.107461624743
0.10663371811
0.105861715995
0.105154086397
0.104515363235
0.103951834578
0.103472435228
0.103085069499
0.102796814512
0.102656974823
0.102565167761
0.102514853626
0.102512644719
0.102557134339
0.102775307061
0.103118042344
0.10356277141
0.10410132601
0.10472471278
0.105424109489
0.106192776097
0.10702440057
0.10791289994
0.108852077172
0.109835286555
0.110855148711
0.111903391547
0.112970862174
0.114047838082
0.115124630664
0.116192302424
0.11724315367
0.118270589764
0.119268174938
0.120228053672
0.121139253081
0.121986438842
0.122749464432
0.123403719596
0.123921035615
0.124270805248
0.124420998676
0.124338849833
0.123991096924
0.123343751047
0.122361424583
0.121006281068
0.119236681942
0.117005613954
0.114258991861
0.110933949271
0.106957263857
0.102244112479
0.0966974624197
0.0902085136942
0.0826589690304
0.0739260480425
0.0638923822118
0.0524579436833
0.0395945237749
0.0251827403178
0.010272710735
0.122178036884
0.121987122653
0.121616452294
0.121078943647
0.12043491259
0.119670775147
0.118839381298
0.11793933296
0.116999952146
0.116027849043
0.115038851242
0.114040945501
0.113043721049
0.112054190777
0.111078993451
0.110124929552
0.109198595169
0.1083065276
0.107455209782
0.106651096006
0.10590001803
0.105209531255
0.104585088709
0.104032248828
0.103557919362
0.103169878779
0.102875196076
0.102677854404
0.102581910927
0.102512319732
0.102524908385
0.10263007341
0.102859129641
0.103193028189
0.103620265175
0.10413325155
0.104724058055
0.105385382769
0.106110904378
0.10689458502
0.107730361469
0.10861190926
0.109532370435
0.110484116104
0.111458623672
0.112446559016
0.113438158407
0.114423878929
0.115395084662
0.116344373153
0.117265166679
0.118150481586
0.11899122355
0.119774636695
0.120483451573
0.121095930663
0.121586661393
0.121927752974
0.12209006248
0.122044154012
0.121760819078
0.121211103248
0.120365864862
0.119194933315
0.117665948649
0.115742964992
0.113384897528
0.110543891192
0.107163690249
0.103178097733
0.0985096303244
0.0930685610959
0.086752589264
0.0794478557642
0.0710320602873
0.0613816634484
0.0503852360904
0.0379854402771
0.0240791989149
0.00949705387432
0.121907271779
0.121726648701
0.121361942084
0.120838460258
0.120208470797
0.119461825738
0.118649530779
0.117770099868
0.116853198258
0.115904739897
0.114940516415
0.113967900878
0.112996215558
0.112032271137
0.111082727898
0.110154030371
0.109252435793
0.108384144273
0.107555210606
0.106771661188
0.106038498636
0.105361247904
0.1047476965
0.10420293238
0.103731058766
0.103336696268
0.103037493802
0.102785907805
0.102637782836
0.102560600282
0.102585395855
0.102757049893
0.103014025488
0.103348425872
0.103761905778
0.104250519035
0.104808752658
0.105431107134
0.106112111833
0.106846121889
0.107627188654
0.108448915253
0.109304262065
0.110185368586
0.111083488879
0.111989152312
0.112892626128
0.113784604633
0.11465682955
0.115502205003
0.116314076924
0.117084744753
0.11780373851
0.118456559174
0.119024324868
0.119484336821
0.119811264924
0.119978538991
0.119959572956
0.119728575366
0.11926084318
0.118532547868
0.117520085592
0.116199084658
0.114543160852
0.112522498777
0.110102321817
0.107241295088
0.10388988248
0.0999886554344
0.0954665258773
0.0902389322842
0.0842059781822
0.0772512030368
0.0692411798221
0.0600284889873
0.049464298391
0.0374206494671
0.0237721163168
0.00913272872085
0.121805944844
0.121632436984
0.121272244723
0.120760880173
0.12014191943
0.1194089598
0.118611227948
0.117747433596
0.116848050633
0.115918427334
0.114974266009
0.114022438043
0.113071871388
0.112129278661
0.111201608257
0.110294784183
0.109414742974
0.108567378097
0.107758390678
0.106993509684
0.106277691466
0.105615767313
0.105014630276
0.104478234393
0.104009442153
0.103607246751
0.103287363789
0.102994602945
0.102814849194
0.102760485353
0.10283929718
0.103024985571
0.103280645124
0.10360437017
0.103997755371
0.104458089297
0.104981273929
0.10556274158
0.106197489902
0.106880078135
0.107604583657
0.108364500111
0.109152591624
0.109960766881
0.110780079255
0.111600972675
0.112413825725
0.11320966029
0.11398064949
0.114719964329
0.115420720551
0.116074298696
0.11666874961
0.117187975463
0.117611946403
0.117917762486
0.11808113922
0.118077873416
0.117884953597
0.117481141288
0.116846998044
0.115964428174
0.114815845412
0.113383071734
0.111646058246
0.109581493579
0.107161335909
0.104351265364
0.10110899722
0.0973823262004
0.0931066874859
0.0882020214051
0.0825686075457
0.0760824859343
0.0685896607649
0.0599040815857
0.0498140541546
0.0380727366167
0.024481996981
0.00932113148894
0.121868387587
0.121699603028
0.121341146027
0.120838153023
0.120226517497
0.119503715228
0.118716922837
0.117865518041
0.116979774965
0.116064830644
0.115136530584
0.114201577023
0.113268870011
0.112344842408
0.111436189624
0.110548570213
0.109687716136
0.108859270864
0.108068673296
0.107321379193
0.106622346629
0.105976062616
0.105388304827
0.104862221967
0.104400355414
0.103999533632
0.103664261923
0.103378369247
0.103231622347
0.103201206759
0.103277933891
0.103436503179
0.103666784843
0.103965721481
0.104330544567
0.104757565698
0.105242584497
0.105780977608
0.106367689015
0.106997203576
0.10766347214
0.108359798878
0.109078712714
0.109811881927
0.110550180761
0.111284024228
0.112003986635
0.11270149756
0.113369178042
0.114000361718
0.114587716404
0.115121487975
0.115588212081
0.115970467405
0.116247683375
0.116397621797
0.116398036448
0.116228082073
0.115869206563
0.115305442848
0.114523154882
0.113510359952
0.112255760405
0.110747598061
0.108972414163
0.106913763784
0.104550890761
0.101857305639
0.0987991129846
0.0953328032961
0.091402050767
0.0869329294487
0.0818266341293
0.0759497957728
0.0691198721105
0.0610958354665
0.0515683281537
0.0401320236931
0.0265028540794
0.0102910789219
0.122090127223
0.121924374983
0.121565084867
0.12106663537
0.120458504324
0.119742148902
0.118962480775
0.118119848598
0.117244011137
0.116340132032
0.115424132897
0.114502665825
0.113584638232
0.112676247603
0.111783907685
0.11091308182
0.11006931478
0.109258022367
0.108484426712
0.107753702532
0.107070686184
0.106439672141
0.105865950448
0.105352789662
0.104903489558
0.104518568666
0.104202773065
0.103955009069
0.103811595806
0.103772050611
0.10382221553
0.103951024617
0.10415301105
0.104422849605
0.104755627463
0.105146797315
0.105591723881
0.106085476162
0.106622762428
0.107197854698
0.107804477449
0.108435680536
0.109083721953
0.10974002231
0.110395303373
0.111040014211
0.111665008745
0.112262182709
0.112824567033
0.113345475296
0.113816851927
0.11422761067
0.114562842453
0.114804227827
0.114931393008
0.114923687797
0.114761871237
0.114429333165
0.11391268179
0.113201713044
0.112288889157
0.111168487723
0.10983556657
0.108284854796
0.106509642965
0.104500706031
0.102245238352
0.0997256946973
0.0969182995287
0.0937908005901
0.0902987750283
0.0863794712639
0.081941433508
0.0768483901817
0.0708908742363
0.0637568298303
0.0549665932925
0.0438520746289
0.0299160514131
0.0117726457047
0.122467467672
0.122303512857
0.121941239791
0.121443944436
0.120835697778
0.120121958606
0.119345354431
0.118507510237
0.117637617525
0.116741092022
0.11583380381
0.114922399352
0.114015739086
0.113119877349
0.112241037416
0.111384513915
0.110555649278
0.109759631156
0.10900147765
0.108286105467
0.107618193823
0.107001931016
0.106442327045
0.105942979774
0.105507454726
0.105137976277
0.104837736999
0.104607190221
0.104459951271
0.104410142606
0.104444436494
0.104552034356
0.104728397677
0.104969029409
0.10526897564
0.105623368603
0.106027269046
0.10647547115
0.106962417655
0.107482109971
0.108027987194
0.108592798701
0.109168505023
0.10974627917
0.110316725204
0.110870395068
0.111398498909
0.111893420754
0.112348489453
0.11275672852
0.113109046186
0.113392889769
0.113592120696
0.113688103277
0.113661501433
0.11349419369
0.113170828545
0.112679741281
0.112013177541
0.111166937566
0.110139627539
0.108931701795
0.10754444115
0.105978969031
0.104235368646
0.102311923273
0.100204439836
0.0979055165598
0.0954034692093
0.0926804327212
0.0897088715819
0.0864453270539
0.0828192420178
0.078713924633
0.0739287380615
0.0681241990668
0.0606534119461
0.0504495874985
0.0358766398383
0.0133468518895
0.122997125161
0.122833957987
0.122466672354
0.121967333403
0.121355448267
0.120640449795
0.119862787888
0.119025635154
0.118157579235
0.11726449858
0.116362140459
0.115457224817
0.114558538254
0.113672051636
0.112803834276
0.111959029857
0.111142773795
0.110360024123
0.109615589265
0.108914141613
0.108260166138
0.107657701467
0.107111343492
0.10662467808
0.10620093514
0.105842481817
0.105551595395
0.105332494668
0.105187095233
0.105130625945
0.105150249113
0.105237355722
0.105388709558
0.105600415691
0.105867554311
0.106185043439
0.10654768624
0.106950011207
0.107386177944
0.107849882449
0.108334238814
0.108831662765
0.109333800212
0.109831585618
0.110315549173
0.110776417434
0.111205816116
0.111596584617
0.111942143858
0.112234871369
0.112464327752
0.112616477058
0.112674341277
0.112619697308
0.11243515138
0.112106011653
0.11162156275
0.110975585323
0.110166189387
0.109195161669
0.108067052051
0.10678818726
0.105365745996
0.103806984747
0.102118668523
0.100306719477
0.0983760280798
0.0963302666046
0.094171409684
0.0918985153918
0.0895051399238
0.0869745255272
0.0842710624638
0.0813260808498
0.0780094253675
0.0740889979502
0.0690648801771
0.0620655290515
0.0501717187807
0.0241010117656
0.123676049646
0.123512777646
0.123138406096
0.122633826785
0.122014746791
0.121294545383
0.120511665004
0.119671041436
0.118800635561
0.117906974064
0.117005651557
0.116103557083
0.115209397082
0.114329097724
0.11346858111
0.112632849657
0.111826830386
0.111055247676
0.110322680163
0.109633542294
0.108992066802
0.108402065687
0.107867627387
0.107392093026
0.106978269681
0.106628255432
0.10634275878
0.106131468463
0.105991877681
0.1059283258
0.105933117613
0.106001103027
0.106129155223
0.106313239106
0.106548467566
0.106829675275
0.107151470529
0.107508133864
0.107893535702
0.108301044803
0.108723421878
0.109152724718
0.109580275367
0.109996787659
0.11039276955
0.110759191071
0.111088121314
0.111372744005
0.111606255194
0.111779963391
0.111881830504
0.111896494003
0.111806715698
0.111595534182
0.111248416874
0.110754907045
0.110109486534
0.109311639876
0.108365307282
0.107277991288
0.106059756171
0.10472229523
0.103278180126
0.101740366809
0.100122002654
0.0984365349847
0.0966980428008
0.0949216059331
0.0931234173059
0.0913202692954
0.0895280144729
0.0877586258076
0.0860153957586
0.0842863408923
0.0825332770197
0.0806893939755
0.0786073424922
0.0762824905292
0.0731113546808
0.0718746795201
0.124501411123
0.1243372089
0.123953595461
0.123440524325
0.122810600747
0.122081143837
0.121288799981
0.120440441292
0.119563415102
0.118665056467
0.117760798295
0.116857783851
0.115964640041
0.115087279641
0.114231481554
0.113402111255
0.112603882863
0.111841278358
0.111118621316
0.11044004547
0.109809486118
0.109230481449
0.108706623663
0.108240933238
0.107835869721
0.107493329026
0.107213731072
0.107004127728
0.10686659226
0.10679700366
0.106789259644
0.106840221692
0.106946824399
0.107104888269
0.107309548208
0.10755557833
0.107837407363
0.108149063154
0.108484107759
0.108835555205
0.109195783805
0.109556471214
0.109908610994
0.110242721323
0.110549344028
0.110819749272
0.111046426432
0.111222687394
0.111341067117
0.111391359119
0.111359812064
0.111230113681
0.110985527219
0.110611280524
0.110096580186
0.109435861754
0.108629141866
0.107681609853
0.106602745906
0.10540526551
0.10410411771
0.102715684077
0.101257266774
0.0997469245444
0.0982036882372
0.0966481316238
0.0951031765745
0.0935948996363
0.0921530296624
0.0908108252957
0.0896041038231
0.0885693583362
0.0877410423227
0.087148769436
0.0868138479405
0.0867555694934
0.0869672538204
0.0875985385398
0.0882874663788
0.0910968696227
0.125470543854
0.12530464267
0.124909544141
0.124384653022
0.12374011642
0.122997218437
0.122191052158
0.121330567772
0.120442549388
0.119535275866
0.118624027032
0.117716270242
0.116820559175
0.115942818652
0.115088689337
0.114262900422
0.113469947027
0.11271405827
0.111999280097
0.111329444882
0.110708161637
0.110138661053
0.109624064577
0.109167013947
0.10876960183
0.108433373994
0.108158716922
0.107949933438
0.10781177974
0.10773630564
0.107717514435
0.10775305461
0.107839865347
0.107973591334
0.108149272608
0.108361555843
0.108604656374
0.10887231418
0.109157742333
0.109453559158
0.109751724512
0.110043511497
0.110319582735
0.11057029076
0.110786266466
0.110959111429
0.111081635743
0.111146929588
0.111146322311
0.111067699185
0.110895700596
0.11061368651
0.110206336177
0.109662019581
0.108974462475
0.108143454977
0.107174637494
0.106078647087
0.104869977796
0.103565856317
0.102185325037
0.100748640453
0.0992770475874
0.0977929741895
0.0963206566267
0.0948871298374
0.0935233894485
0.0922654189527
0.091154733521
0.0902381542974
0.0895666689026
0.0891934139865
0.0891709238342
0.0895481589215
0.0903665270731
0.0916602492761
0.0934317803109
0.0957446972566
0.0981649924051
0.101804984626
0.126580918674
0.126412585932
0.126003659157
0.125463516894
0.12480045378
0.124039782288
0.123215309071
0.122338177122
0.121434688631
0.120514177231
0.119591796353
0.118675393865
0.1177734631
0.116891959896
0.116036391556
0.115211348851
0.11442110224
0.113669618003
0.112960646284
0.112297699688
0.111684039221
0.111122555441
0.11061591158
0.110166327019
0.109775516067
0.109444677103
0.109174898739
0.108966512341
0.108826451774
0.108745183615
0.108716625972
0.108738346655
0.108807059282
0.108918213288
0.109066680573
0.109246896974
0.109452795026
0.109677761877
0.109914599015
0.110155472768
0.110391879105
0.110614657917
0.1108141394
0.110980543112
0.111104635673
0.111178337877
0.111194571653
0.11114569761
0.111021230654
0.110806913747
0.110486175851
0.110042910536
0.109464231576
0.108742569213
0.10787679482
0.106872283366
0.105740128981
0.10449591648
0.103158425005
0.101748534779
0.100288473508
0.0988014670443
0.0973118301446
0.0958455283844
0.0944311933671
0.093101455571
0.0918943027945
0.0908540649527
0.0900316353991
0.089483658814
0.0892705797418
0.0894535751325
0.090090391831
0.0912301652163
0.0929058975292
0.0951269371179
0.0978506007759
0.101009535431
0.104124977312
0.1077154715
0.127830043321
0.127658588586
0.127233390537
0.126674443216
0.125988779666
0.125205847106
0.124358453605
0.12346002587
0.122536491165
0.121598324917
0.120660596944
0.119731579158
0.11881972323
0.117931028879
0.117070874976
0.116243709831
0.11545357458
0.114704163859
0.113998917923
0.113341013914
0.112733348466
0.112178444941
0.111678511869
0.111235299343
0.11085005215
0.110523111492
0.110258537028
0.110052750575
0.109910575562
0.109823516469
0.109786099503
0.109795391315
0.109847656437
0.10993808295
0.110061276397
0.110211344294
0.110381831974
0.110565683129
0.110755207185
0.110942049479
0.111117188145
0.111270997214
0.111393473798
0.111474736687
0.111505715661
0.111478570484
0.111385975969
0.111218889548
0.11096442978
0.110606247177
0.110127288868
0.10951304422
0.108754121257
0.10784783047
0.10679861093
0.105617395982
0.104320309556
0.102927170617
0.101460155635
0.0999428338745
0.0983996417422
0.0968558209128
0.0953378397158
0.093874320059
0.0924974076711
0.0912443537222
0.0901588922995
0.0892919256546
0.0887011126675
0.0884491316465
0.0886005511965
0.0892173052382
0.0903526874031
0.0920436719304
0.0943002236064
0.0970934139883
0.100325998484
0.103830931686
0.107167713252
0.110470743625
0.12921540646
0.129040176578
0.128596167348
0.128014727814
0.127302223395
0.12649238633
0.125617335146
0.124692850383
0.123744612541
0.122784302808
0.121826962728
0.120881318927
0.119955804097
0.119056469313
0.118188570144
0.117356407271
0.116563788878
0.11581413083
0.115110553698
0.11445588819
0.113852657825
0.11330300516
0.112808697836
0.112371012783
0.111990709192
0.111667179525
0.111406184726
0.111204977025
0.111061655769
0.110969640744
0.110924617923
0.110923155508
0.110960945182
0.11103280368
0.11113296095
0.111255084818
0.111392228505
0.111536795689
0.111680515692
0.111814436255
0.111928957561
0.112013952273
0.11205908465
0.112054399332
0.111990982837
0.111861051404
0.11165647744
0.111366005316
0.110973948135
0.110462313545
0.109814622084
0.109019156402
0.108071049063
0.106973148804
0.105735637547
0.104374713901
0.102910874571
0.101367286812
0.0997685284061
0.0981398381555
0.0965068631384
0.0948959012012
0.0933346559873
0.091853522088
0.0904872724685
0.0892767889682
0.0882702862878
0.0875234842145
0.0870983657932
0.0870603793783
0.0874740803411
0.0883971975785
0.0898729869664
0.0919205882426
0.094522637452
0.0976124291492
0.10104588565
0.10460573779
0.107906029615
0.110680994078
0.130734338813
0.130554741045
0.130089306364
0.129481558599
0.128737813523
0.127896282802
0.126988728558
0.126033336906
0.125055686268
0.124068705509
0.123087471712
0.122121184419
0.121178281874
0.120264869125
0.119386083382
0.118546071915
0.117748407246
0.116996221404
0.116292309624
0.115639150449
0.115038892728
0.114493298277
0.114003723912
0.113571030718
0.113195588753
0.112876499235
0.112617759723
0.112419998738
0.112276769655
0.112181670748
0.112131009142
0.112120973243
0.112146682074
0.112202488695
0.11228215535
0.112378819671
0.11248494632
0.112592300257
0.112691936054
0.112774219918
0.112828907873
0.112845333373
0.112812827613
0.112721373957
0.112562155177
0.11232711089
0.112006517533
0.111586055201
0.111047184731
0.110371190351
0.109543487874
0.108556404343
0.107410522842
0.106114665163
0.10468465407
0.103141400795
0.101508920145
0.0998127206249
0.0980787318328
0.0963328390152
0.0946009238994
0.0929094117365
0.0912863582601
0.0897630912234
0.0883761799906
0.0871692147343
0.0861937198741
0.0855086638494
0.0851783232904
0.0852684940523
0.0858411245441
0.0869473496525
0.0886187361456
0.0908564339118
0.0936182017203
0.0968048835328
0.100235859804
0.10368660416
0.106786760786
0.108972082853
0.132383906995
0.132199418229
0.131709896063
0.131071911749
0.130292388151
0.129414252636
0.128469272088
0.127478073375
0.126466288885
0.125448116014
0.124438735094
0.123447824893
0.122483853197
0.121552977175
0.120660219717
0.119809568596
0.119004358687
0.118247435136
0.117541265488
0.116887974018
0.116289335836
0.1157467336
0.115261130705
0.114833002866
0.114462332963
0.11414808441
0.113892398182
0.113697820589
0.113555747675
0.113459476543
0.113405346977
0.113389128622
0.113405368764
0.113447875269
0.113509844296
0.113583784062
0.113661464436
0.113733901572
0.113791369571
0.11382345969
0.113819210876
0.113767377358
0.113656953259
0.113477847985
0.113221197507
0.112878113177
0.112436230797
0.111877460565
0.111180920977
0.110328553724
0.109309159496
0.108120326402
0.106768832566
0.105269630273
0.10364379064
0.101916150377
0.100113238732
0.0982618351557
0.0963881740503
0.094517809104
0.0926759406329
0.0908882549321
0.0891823460328
0.0875897252498
0.0861480416386
0.0849028051655
0.0839078473328
0.083224086598
0.0829165628339
0.0830498972137
0.0836823303837
0.0848582806385
0.0865991624467
0.0888922881274
0.0916782973417
0.0948359943828
0.0981627499134
0.101421250453
0.104122984012
0.10626639934
0.134160703718
0.133970908791
0.133454639672
0.132782414696
0.131962476397
0.131042743916
0.130055383017
0.129023481672
0.127972888059
0.126919068664
0.12587737364
0.124857955805
0.123869333428
0.122917709701
0.122007995649
0.121144013419
0.120328858903
0.119565089333
0.118854845036
0.118199896691
0.117601647243
0.117061099807
0.116578829954
0.116154952297
0.115789114392
0.115480754715
0.115228993226
0.115038090996
0.114898481511
0.114803161818
0.114748034981
0.114728305557
0.11473794427
0.114770161107
0.114817492527
0.114871708641
0.114923766349
0.114963811168
0.11498122012
0.114964706748
0.11490251374
0.114782773989
0.114594129954
0.114326363751
0.113970295086
0.113515348369
0.112945284747
0.11223796841
0.111371376465
0.110329852961
0.109107124154
0.107707131454
0.10614333379
0.104436653524
0.102612734492
0.100699360188
0.0987244809086
0.0967150755865
0.0946966932786
0.0926936676627
0.0907296933007
0.0888289413728
0.0870178358164
0.0853274631693
0.0837960079321
0.0824702955258
0.0814056615959
0.0806639508916
0.0803098926013
0.080406169742
0.0810073807009
0.0821527027027
0.0838568668563
0.0860994550173
0.0888127591837
0.0918680560753
0.0950856186565
0.0982615507786
0.100643932003
0.102532760013
0.136060660494
0.135865276216
0.135319663232
0.134609174406
0.133744149045
0.132777809
0.131743150558
0.130665730274
0.129571773711
0.128477997228
0.127399980825
0.126348334848
0.12533164344
0.124356145623
0.123426640916
0.122546780052
0.121719419576
0.120946830299
0.120230829216
0.119572837869
0.118973890582
0.118434607178
0.117955153655
0.117535221104
0.117173709743
0.116872477907
0.11662762385
0.116441709118
0.116305973127
0.116213681488
0.116160075979
0.116139658015
0.116145781902
0.116170984247
0.116207025171
0.116244805051
0.116274331831
0.116284745204
0.116264397476
0.116201012072
0.116081950539
0.11589467823
0.115627449395
0.115269806445
0.114811784096
0.114239860145
0.113532697065
0.112664604007
0.111614313641
0.110370517092
0.10893334362
0.107313962744
0.105532669583
0.103615858869
0.101592818898
0.0994931687748
0.0973451636257
0.0951749722376
0.0930065753533
0.0908623269047
0.0887637090063
0.0867327194232
0.0847940543401
0.0829779740458
0.081322891274
0.0798765640402
0.0786952217116
0.0778408216729
0.0773770176943
0.077364278403
0.0778543489362
0.0788835868121
0.0804645982529
0.0825758152995
0.0851468598459
0.0880448838567
0.0910974226261
0.0939848667785
0.0963626448999
0.0978874333235
0.138078739381
0.137877669703
0.137300270309
0.136547562912
0.135632833927
0.134614947834
0.133528204682
0.132400626727
0.131258972023
0.130121168048
0.129003072684
0.127915725731
0.12686778479
0.125865510523
0.124913589033
0.124015494739
0.123173846231
0.122390632903
0.12166735727
0.12100510307
0.120404548981
0.119865943507
0.119389049926
0.118973130607
0.11861625238
0.118321822837
0.118086653589
0.117907957029
0.117778224404
0.117691434714
0.117642235104
0.117624360103
0.117630466656
0.117652317921
0.117680775717
0.117705735833
0.11771611642
0.117699909712
0.117644307123
0.117535920241
0.117361139559
0.117106706291
0.116760412411
0.116311365073
0.115748022468
0.115052207402
0.114196661047
0.113153680579
0.111905187773
0.110446181798
0.108784503485
0.106939111053
0.10493690466
0.102808924962
0.100586977342
0.0983013450361
0.0959795192174
0.0936459712873
0.0913223811831
0.0890285255728
0.0867831057286
0.0846054389213
0.0825181513154
0.0805505718965
0.0787413459704
0.0771390276079
0.0758002779441
0.0747864390247
0.074159408253
0.0739772944199
0.0742899994777
0.0751338363197
0.0765244154215
0.0784458418516
0.080833551325
0.0835797683483
0.0865478581183
0.0891378888321
0.0909633249047
0.092228975714
0.140208636781
0.140002013391
0.139390648892
0.13859195731
0.137623092721
0.136548920065
0.135405559798
0.134223489683
0.133030142536
0.131844598714
0.130683024835
0.129556850114
0.12847480354
0.127443149414
0.126466456465
0.125548019576
0.124690223573
0.123894786021
0.123162909952
0.12249536114
0.121892488484
0.121354204918
0.120879931976
0.120468600852
0.120117980261
0.1198303367
0.11960515912
0.119435988428
0.119315161241
0.119236975073
0.119195590943
0.119183978455
0.119194010177
0.11921657397
0.119241520525
0.119257611213
0.119252530943
0.119212974759
0.119124824846
0.118973446989
0.118744164419
0.118422912311
0.117996893277
0.117454458135
0.116781180003
0.115952175241
0.114934417565
0.113700873071
0.11223933196
0.110552921247
0.108658228324
0.106582151383
0.104357549895
0.102018995341
0.0995995576573
0.0971290327893
0.0946331952866
0.0921341081195
0.0896506016764
0.087199467518
0.0847962120916
0.0824571625405
0.0802028434551
0.0780619640923
0.0760738016867
0.0742878261288
0.0727607381062
0.0715524484825
0.0707222180451
0.0703253651959
0.0704106695556
0.0710170280523
0.0721679671876
0.0738582387839
0.0760359633687
0.0786200828442
0.0813282427559
0.0837166235881
0.0851748501006
0.0862233418926
0.142442352554
0.142230606703
0.141583512476
0.140735426658
0.139708355352
0.13857352434
0.137369433233
0.136129001355
0.134880459637
0.133643963635
0.132435997916
0.131268328666
0.130149743391
0.129086488641
0.128083010539
0.127142423964
0.126266888262
0.125457864274
0.124716276747
0.12404259973
0.123436883444
0.122898741142
0.12242729799
0.122021182352
0.121677965271
0.121398788389
0.121184658754
0.121027169593
0.120918184818
0.120851922484
0.120822029571
0.12082069302
0.120838910665
0.120866582231
0.120892424746
0.120903925144
0.120887378425
0.120828016751
0.120710245401
0.120518035087
0.120235535299
0.119847741866
0.119341081944
0.11870260771
0.117912928404
0.116938474598
0.115742205806
0.114301348821
0.112612162877
0.110687465806
0.10855323777
0.106243980545
0.103797463493
0.101250456514
0.0986360052541
0.0959823693832
0.0933128309426
0.0906465523193
0.0879991689671
0.0853842908726
0.082813981104
0.0803015321913
0.0778657811472
0.0755356953555
0.0733520603302
0.071365629354
0.0696327180485
0.0682107136101
0.0671548541284
0.0665164735791
0.0663431572556
0.0666785412119
0.0675581019683
0.0689926369617
0.0709715675716
0.0734654340719
0.0758751692864
0.0776921987509
0.0790166718187
0.0800337835537
0.144769766886
0.144553683578
0.143869684414
0.142969365414
0.141880610776
0.14068134482
0.139413039938
0.1381110427
0.136804481068
0.135514489065
0.134257853596
0.133046612921
0.131889589247
0.130792987568
0.129761126368
0.128796944456
0.1279023899
0.127078688915
0.126326516218
0.125646086478
0.125037186094
0.124499164964
0.124030895569
0.123630751762
0.123296241408
0.123027227579
0.122825938215
0.12268259451
0.122588646051
0.122537973924
0.122523597323
0.122536882083
0.122567879881
0.122605398447
0.122636896348
0.122648436434
0.122624752727
0.122549429921
0.122405204223
0.122174487263
0.12184012743
0.121385959637
0.120797404268
0.120059231952
0.119144028539
0.118008490327
0.116615305389
0.114949937917
0.11301939116
0.110847383022
0.108469419133
0.105926739786
0.103260626694
0.100508595928
0.0977024398574
0.0948680117485
0.0920255478914
0.0891910637538
0.0863768606574
0.0835933982249
0.0808492170098
0.0781548936086
0.075528613751
0.0730012085595
0.0706163787865
0.0684267351819
0.0664876410997
0.0648524565687
0.0635702847121
0.0626860930443
0.0622449624512
0.0622961434623
0.0628889632753
0.0640599790137
0.0658560367452
0.0680727921646
0.0701872842183
0.0717778739745
0.0730298097422
0.0739864725692
0.147178083666
0.146958881745
0.146237613386
0.145283070527
0.144130054137
0.142863466814
0.141528366807
0.140162515504
0.138796007788
0.13745084155
0.136144064455
0.134887910439
0.133691202927
0.132560081034
0.131498733191
0.130509932887
0.129595439681
0.128756276815
0.127992906752
0.127305325681
0.126693097532
0.126155349264
0.125690755135
0.125297520333
0.124973792221
0.124716971604
0.124530482241
0.124403886956
0.124328355814
0.12429716781
0.124302571301
0.124335078497
0.124383742113
0.124436178273
0.124478452536
0.124495036291
0.124468912195
0.124381808659
0.124214570013
0.123947874107
0.123563092004
0.123042551295
0.122370416144
0.121527310428
0.120473849255
0.119158138245
0.117548156292
0.115641323351
0.113457218288
0.111031197017
0.108407796544
0.105633617092
0.102751805358
0.0997991664484
0.0968051637689
0.0937926148045
0.0907784033895
0.0877754054458
0.0847926383095
0.0818376822716
0.0789156377533
0.076035185896
0.0732157295333
0.0704924343022
0.0679138350404
0.0655350745733
0.0634097155674
0.0615850979021
0.0601012507086
0.0589932469203
0.0583016379003
0.0580788153031
0.0583840657717
0.059315237893
0.0610308562101
0.0629294283189
0.0645496776231
0.066119212633
0.0674271702623
0.0683504955563
0.149651299886
0.149430684238
0.148672840278
0.147663270422
0.146444695736
0.145109167061
0.143705932821
0.142275157901
0.140847941445
0.139447015328
0.138089622229
0.136788106638
0.135551253306
0.134385113829
0.13329375036
0.132279791978
0.131344844479
0.130489772709
0.129714877497
0.129019988427
0.12840449189
0.12786730774
0.127406857589
0.127020622411
0.126709606917
0.126469495679
0.126300474849
0.126193260348
0.126139430841
0.126131591987
0.12616113323
0.126217668898
0.126289175558
0.126361954114
0.126420520246
0.126447563998
0.126424108198
0.126329788353
0.126143300782
0.125843412467
0.125409732209
0.124822605349
0.124064651886
0.123108872868
0.121899901939
0.120381862873
0.118534524619
0.116370233713
0.113922498573
0.111238421862
0.108370385055
0.105368536457
0.102276122843
0.0991278966391
0.0959501495914
0.0927623132581
0.089577855561
0.0864067612398
0.0832549649706
0.0801276872934
0.0770268039611
0.0739606124202
0.0709526515518
0.0680458216257
0.0652957968852
0.0627608569953
0.0604914733001
0.0585263549399
0.0568923459172
0.0556101864249
0.0547144509687
0.0542537343104
0.0542915725399
0.0550038482505
0.0564264184281
0.0580942053977
0.059638455561
0.0612206018129
0.0625212551545
0.0633843321664
0.152169579911
0.15194980371
0.151157421705
0.150093617271
0.148809942999
0.147405589292
0.145934545296
0.144439362961
0.142952148005
0.14149622588
0.140088950099
0.138742687498
0.137466143682
0.136265268787
0.135144013507
0.134104897831
0.133149424617
0.132278362054
0.131491918434
0.130789830876
0.130171387824
0.129635394122
0.129180151264
0.128802834128
0.128504974421
0.12828368581
0.128135179875
0.128050749458
0.128022417957
0.12804222198
0.128100690157
0.128186486633
0.12828643339
0.128385403888
0.128466216654
0.128509588678
0.128494371604
0.128397840644
0.128196259124
0.127866309217
0.127385336801
0.126731189491
0.125884373527
0.124804293905
0.123417507279
0.121672757641
0.119567680395
0.117131623707
0.114412841224
0.111469489213
0.108359929498
0.105135754987
0.101838581668
0.0984999948269
0.0951425590415
0.0917822576613
0.0884292896856
0.0850912065412
0.0817711522671
0.0784727611667
0.0751949681899
0.0719481364145
0.0687640804174
0.065697684732
0.0628142016274
0.060175433225
0.0578270464328
0.0557960418236
0.0540907457139
0.0527122349968
0.0516819585332
0.0510204216795
0.0508359827975
0.0515093120716
0.0526342354422
0.0539436525356
0.0555821347482
0.0572320720842
0.0584935996048
0.0592468455456
0.154708725796
0.15449260198
0.153669357043
0.15255417327
0.151208178784
0.149737424167
0.14820106833
0.146644013804
0.145099338541
0.143590818295
0.142135825554
0.140746667794
0.139431939483
0.138197490293
0.137047191608
0.135983509127
0.135007913868
0.134121159515
0.133323451238
0.132614528281
0.131993680967
0.131459709359
0.131010903265
0.130644463837
0.130361301184
0.130160166981
0.130035043658
0.129976992811
0.129978151345
0.130030081134
0.130122489709
0.130243043832
0.130377333379
0.130508698479
0.130618119554
0.130684143523
0.130683239824
0.130590006996
0.130377977398
0.130021558881
0.12949496598
0.128773239234
0.127833116409
0.126611463783
0.12501968783
0.123022746454
0.120640566432
0.117920825429
0.114926626054
0.111725559389
0.108379541186
0.104939400897
0.101443579896
0.0979196971332
0.0943863409754
0.0908562483653
0.0873366475058
0.0838332788496
0.0803467971341
0.0768802799611
0.0734299530616
0.0700119342058
0.0666716884131
0.0634808340054
0.0605162926679
0.0578433828294
0.055501084559
0.0535022691181
0.0518330379426
0.0504722614125
0.0494073527966
0.0485848260989
0.0482062905759
0.0486822963819
0.0498627616983
0.051208619287
0.0528306853713
0.054366460352
0.0554475668452
0.0559393289142
0.157239663019
0.157030554929
0.156182061436
0.155020935692
0.153618374901
0.152086625067
0.150490227979
0.148876353772
0.147278980758
0.145722200167
0.144223320557
0.14279452932
0.141444299102
0.140178404827
0.139000695876
0.137913663816
0.136918843535
0.136017079471
0.135208683836
0.13449350963
0.133870959118
0.133339935171
0.132898805125
0.132544909455
0.132278492724
0.132099431559
0.1320004505
0.131972286291
0.132006972236
0.132095601375
0.132227086246
0.132388065486
0.132562831597
0.132733096132
0.132877872267
0.132973339379
0.132993387118
0.132909548055
0.132692362566
0.132313677322
0.131743198306
0.130953461722
0.129912884476
0.128525025227
0.126697290659
0.12442275737
0.12174595155
0.118733646879
0.115462909861
0.112008217621
0.10843225859
0.104782995005
0.101094470687
0.0973899046145
0.0936839455579
0.0899864977679
0.0863021900205
0.0826356890774
0.0789853734135
0.0753550534152
0.0717382368254
0.0681620967998
0.064692092288
0.0614210729457
0.0584384464443
0.0558119693039
0.0535714859058
0.0517153266232
0.0502094236168
0.0490132217393
0.0480589367996
0.0472826845521
0.0471730715413
0.0475781831395
0.0483365481422
0.049770584309
0.0512655350945
0.0525354279693
0.0532756792864
0.053145836262
0.159728182615
0.159529906077
0.158663981009
0.157465478531
0.156015805106
0.154432209776
0.152784490493
0.151121916429
0.149479257213
0.147880808827
0.146343764718
0.144880172184
0.143498409303
0.142204239026
0.141001580517
0.139893063521
0.138880412046
0.137964693188
0.13714645975
0.136425809992
0.135802384817
0.135275310909
0.134843143799
0.134503467947
0.134255845064
0.134101078958
0.134030987215
0.134036114418
0.134108324861
0.134238224349
0.134413945776
0.134621088552
0.134842604848
0.135058504099
0.135245727256
0.135377899496
0.135426167911
0.135358503945
0.135142336646
0.134746347645
0.134133877115
0.133276199446
0.132122887836
0.130535930586
0.1284392361
0.125862849929
0.122876564712
0.119566387725
0.11602120991
0.112319071443
0.108520569877
0.10466900297
0.10079320926
0.0969119421462
0.0930361747277
0.0891735336724
0.0853264086668
0.0814992013947
0.0776880334055
0.0738990136094
0.0701224362853
0.0664039415262
0.0628357043455
0.0595349767189
0.0566018102143
0.0541026785222
0.0520533410054
0.0504386548539
0.0492087328971
0.048303839102
0.0476224965854
0.0472229748322
0.0471971481478
0.0476727874207
0.0484085079506
0.0495120989236
0.0506262484643
0.0515173597395
0.0519092354964
0.0515022958538
0.162134917661
0.161951578075
0.161078453708
0.15985481898
0.158371954664
0.156750223814
0.155064065982
0.153364547926
0.151687088326
0.150056121589
0.14848873458
0.146996879255
0.145588923818
0.144270733247
0.143046433104
0.14191894311
0.140890336482
0.139962065365
0.139135083039
0.138409886893
0.137786502069
0.137264415951
0.136842500472
0.136518705377
0.136291898094
0.136163666341
0.136125130336
0.136166803152
0.136280391683
0.136456009383
0.136681026688
0.136940012208
0.137214565504
0.137482957347
0.137719993627
0.137896588481
0.13798104787
0.137937143224
0.137729395508
0.137321941886
0.136669934349
0.135745068476
0.134457926617
0.132631472513
0.130232736775
0.127332302979
0.124025195521
0.120415742337
0.116601165396
0.112659280011
0.108645943704
0.104598464587
0.100540120344
0.0964854542358
0.0924421696188
0.0884162379233
0.0844080815152
0.080422689288
0.076453648276
0.0725112465798
0.0685812968011
0.0647381290146
0.0611068610622
0.0578299518009
0.0550123703604
0.0527118199307
0.0509212403452
0.0496110953065
0.0487041517717
0.048112766557
0.0477490604076
0.0475742181453
0.0477782508786
0.0482441779205
0.0488793696769
0.0496943621554
0.0504835758877
0.0510416677267
0.0510310309639
0.0510902372294
0.16441585089
0.164251546139
0.16338398063
0.162151668231
0.160654769694
0.159013974501
0.157307109032
0.155586562404
0.153888239236
0.152236714744
0.150649067565
0.149137289019
0.147709899317
0.146373044845
0.145131249115
0.143987920253
0.142945680586
0.142006563601
0.141172111336
0.140443397189
0.139820994059
0.139304900794
0.138894445596
0.138588113417
0.138384033268
0.138284411479
0.138279904588
0.138361151955
0.138519719825
0.138745234748
0.139024337721
0.139340604269
0.139674313011
0.140002015542
0.140296384662
0.14052552485
0.140654903143
0.140643278888
0.140453055608
0.140040874821
0.139353395526
0.138361969867
0.136906893406
0.13479568503
0.132063375722
0.128819694414
0.125184729565
0.121278569162
0.117202095603
0.113029059585
0.108808418931
0.104570738764
0.100333803131
0.0961084340527
0.0918995180845
0.0877119978536
0.0835444522048
0.0794033486993
0.0752790771897
0.0711883701044
0.0671102188763
0.0631616080534
0.0595050823444
0.0563058323734
0.0536637534812
0.0516187111987
0.0501312393137
0.0491477962215
0.0485172310536
0.0481355079826
0.0479893039522
0.0479939470843
0.0482966859189
0.0487356965429
0.0492966786886
0.049948675709
0.0505448112842
0.0509279559
0.0506545730683
0.0510599977382
0.166523382994
0.166381794508
0.165535082512
0.164315279536
0.16282944592
0.16119468259
0.159490206814
0.157769077413
0.156067528318
0.15441037203
0.152814892803
0.151293365831
0.149854717361
0.148505630671
0.147251281582
0.146095817399
0.145042653393
0.144094637407
0.143254118554
0.142522946567
0.141902422248
0.141393219948
0.140995277111
0.140707988579
0.140528417592
0.140459074914
0.14049066709
0.140614140187
0.140820867986
0.141099983787
0.141437458198
0.141815954113
0.142214518504
0.14260807765
0.142967262542
0.143257367692
0.143441166201
0.143471427534
0.143310137937
0.142900765233
0.142185662471
0.141124877771
0.139452095371
0.137009785398
0.133915040575
0.130312989533
0.126348076831
0.122151524202
0.117822492894
0.113427220589
0.109006301785
0.104583389398
0.100171172851
0.0957773663161
0.0914044537515
0.0870569380049
0.0827314949584
0.078437020725
0.074159597715
0.0699251649522
0.065702249579
0.0616693947921
0.0580275049959
0.0549576399079
0.0525406611922
0.0507917783538
0.0496266087911
0.0489459772662
0.0485086198338
0.0483808868494
0.0482549876023
0.0483534956478
0.0487067828383
0.0491327993974
0.0496438868731
0.0501967400282
0.0506829406251
0.0510361694445
0.0508829092046
0.0512335881328
0.168408273454
0.168292073003
0.167483968925
0.166303188601
0.16486001975
0.163262725446
0.161589251267
0.159892573059
0.158209148219
0.156564235502
0.1549756637
0.153456349979
0.152015975174
0.150662093398
0.149400852645
0.148237445282
0.147176369795
0.146221560067
0.145376421618
0.144643802448
0.144025915286
0.143524237565
0.143139185589
0.142872283738
0.142719612259
0.142681928939
0.142751114271
0.142918777237
0.143176082531
0.143511696583
0.143911006071
0.144355874317
0.144824257948
0.14528963378
0.145720795503
0.146080380128
0.146328802525
0.146411788408
0.146293820537
0.145895456161
0.145168140452
0.144024038259
0.142069752729
0.139252335019
0.135769814477
0.131799613793
0.127507957269
0.123030581961
0.118459508489
0.113850797622
0.109236009983
0.104632220141
0.100047622493
0.0954874549696
0.0909521136218
0.0864461975833
0.0819642274957
0.0775185694446
0.0730893993687
0.0687152624908
0.0643491838848
0.0602565925213
0.0566720576937
0.0537811876871
0.0516290713773
0.0501964887822
0.0493178128832
0.0488643531849
0.0487159474701
0.0486186766579
0.0485113462842
0.0486486702708
0.0490252511003
0.0494466997323
0.0499229479601
0.0504119923251
0.0508346793309
0.0512006146015
0.0513612880068
0.0514988369208
0.170022471964
0.169932539022
0.169183312803
0.168074306467
0.166712102335
0.16518964769
0.163580772781
0.161937698713
0.160297094857
0.158684981537
0.157120170718
0.155616665657
0.154185324728
0.152834973248
0.151573110908
0.150406334163
0.149340561569
0.148381124942
0.147532770711
0.146799601827
0.146184975957
0.145691395713
0.145320089359
0.145073775829
0.144948656163
0.144943554354
0.145051459714
0.145264660704
0.145574187015
0.145968313669
0.146431935536
0.146946254792
0.147488342397
0.148030510014
0.148540072636
0.148977391683
0.14930110687
0.149448997242
0.149392338647
0.149014004283
0.148303104157
0.147037376261
0.144731125456
0.141499016123
0.137607962675
0.133266455585
0.128656532718
0.1239104975
0.119108506194
0.114294832041
0.109492087401
0.104711449347
0.0999572786742
0.0952329042896
0.0905368216204
0.0858742185208
0.081237032665
0.0766422708428
0.0720621005456
0.0675518392237
0.0630424793225
0.0589192971797
0.0554384161695
0.0527779641267
0.0509291512063
0.0498081202284
0.0491268865755
0.0488978062508
0.0489308634987
0.0488077716513
0.0487315708282
0.0488885015645
0.049272992885
0.0496854615325
0.0501334466751
0.0505815686293
0.0509731855497
0.0513595083161
0.0518817789898
0.0517375550308
0.171322982915
0.171256968909
0.170590334787
0.169593889328
0.168356978273
0.166950962688
0.165443705041
0.163886283927
0.162315664032
0.16075899025
0.159236509837
0.157763766778
0.1563532426
0.155015469182
0.153759719901
0.152594399111
0.151527225057
0.150565277142
0.149714958448
0.14898190797
0.148370879991
0.147885626042
0.14752855158
0.147302570665
0.14720443382
0.147232156226
0.147379268818
0.147638526828
0.148000906256
0.148454377811
0.148983435589
0.149568781065
0.150186866491
0.150809237848
0.151402265646
0.151924711726
0.152334316497
0.152560548427
0.152587045774
0.152239463082
0.151593818977
0.150127587157
0.147403089095
0.143722133969
0.139408086572
0.134699746443
0.129784915711
0.124784293712
0.119762768539
0.114752354099
0.109767393654
0.104814004704
0.0998933251847
0.0950072289402
0.0901523739561
0.0853350108381
0.0805439297882
0.0758021143697
0.0710712138432
0.066428451823
0.0617744986633
0.0576553546134
0.0543275708402
0.0519512208598
0.050433648549
0.0495827565202
0.0490255050391
0.0490991051693
0.049054420226
0.0489735161005
0.048920076763
0.0490822783402
0.0494635478348
0.0498629263574
0.050287357961
0.0507093707737
0.0510877982563
0.0514624691464
0.0521255708394
0.0518427516798
0.172276881404
0.172228164783
0.171675677555
0.170842354823
0.169777360213
0.168529615433
0.167161415688
0.165722416212
0.164249928916
0.162772463977
0.161311986959
0.159885912256
0.158508726122
0.157193085407
0.155950472903
0.154791534721
0.153726203566
0.152763688543
0.151912389873
0.151179776548
0.150572245842
0.150094988986
0.149751750254
0.149545577096
0.149473598653
0.149533525409
0.149719303897
0.150024014106
0.150438582435
0.150950718188
0.151544590815
0.152200567411
0.152894788204
0.153598526915
0.154277910037
0.154891096288
0.155396106071
0.155714766269
0.155849362163
0.155546478149
0.155040898001
0.153243413548
0.150047430009
0.145890041045
0.141147362192
0.136084792186
0.130882636544
0.125642884429
0.120413435031
0.115214589627
0.110053454889
0.104931912486
0.0998483743796
0.0948035832657
0.0897923256869
0.0848223952754
0.0798787618791
0.0749918828765
0.070110244189
0.065339354688
0.060539359953
0.0564676176653
0.0533517243609
0.0513065966738
0.0500745361115
0.0494111534908
0.0493004841356
0.0492433622708
0.0491966544202
0.0491266223604
0.0490835280097
0.049237032184
0.049605754689
0.0499927308173
0.0503998247477
0.0508052857189
0.0511766746033
0.0515080564519
0.0520459882918
0.0518333045846
0.172856346621
0.17280325854
0.172434693289
0.171826427606
0.170973010982
0.169919106129
0.168723423512
0.167433266168
0.166086060963
0.164711456844
0.163332965368
0.161969894471
0.160638941898
0.159355225706
0.15813285171
0.156985153018
0.15592471673
0.154963290051
0.154111631026
0.153379343424
0.152774714336
0.152304563596
0.151974111749
0.151786578292
0.151739318062
0.151829910635
0.152052726878
0.152401061753
0.152865718707
0.153434126313
0.154090169705
0.154814026257
0.1555818319
0.15636512515
0.157130601656
0.157837082538
0.158444281971
0.158868492145
0.15913644028
0.158896313767
0.158630479721
0.15632411338
0.152619211391
0.147966726803
0.14280167465
0.137405582979
0.131937211132
0.126474963214
0.121049734218
0.115671391588
0.110340950601
0.105056757337
0.0998148730662
0.0946151085078
0.0894502956519
0.0843302703397
0.0792353902937
0.0742051846408
0.0691725483496
0.0642783470754
0.0593296203436
0.0553627766037
0.052543367356
0.0508647795103
0.0498239647293
0.0494419044105
0.0495214541078
0.0493980302291
0.0493304680859
0.0492641880643
0.0492275490327
0.0493572946086
0.0497031492321
0.0500855241687
0.0504837104224
0.0508806412418
0.0512497666612
0.0515537579499
0.0519583603288
0.0518436873936
0.173128010617
0.173010953092
0.17294005122
0.172592307477
0.171964297597
0.171125019254
0.170125779291
0.169009106903
0.167811283062
0.166561771803
0.165284687384
0.164000780191
0.162728890666
0.161486794289
0.160291580024
0.159159707211
0.158106871579
0.157147784777
0.1562959361
0.155563372486
0.154960510661
0.154495972704
0.15417656339
0.15400574507
0.153980993579
0.154099817608
0.15435697768
0.154745853816
0.155256998487
0.155877475063
0.156590862253
0.157377229917
0.158212958657
0.159070344995
0.159917466175
0.160715173866
0.161426341449
0.161965324295
0.162386729591
0.162229824697
0.162313614535
0.159301805015
0.155065153664
0.149911975374
0.144345629323
0.138644459582
0.132934034474
0.127267297463
0.121659545371
0.116111877433
0.110620307753
0.10518019321
0.0997855321699
0.0944352895399
0.0891202794653
0.0838528901657
0.0786079421489
0.0734358303051
0.0682520781666
0.0632384071172
0.0581332036078
0.0543443723424
0.0519195822885
0.0505917021752
0.0496787893385
0.0497222231969
0.0496210261863
0.0495355098663
0.0494795013082
0.0494367488207
0.0494073670549
0.0494628274132
0.0497292347647
0.0501473417444
0.0505486545314
0.0509447688482
0.0513156572821
0.0516134566554
0.0519390990655
0.0519282201607
0.173242268972
0.173335713765
0.173408217997
0.173215966744
0.172788828444
0.172163055255
0.171369416905
0.17044251333
0.169413597773
0.168308884868
0.167151223499
0.165961801536
0.164761208491
0.163569907862
0.162408263882
0.161296284412
0.160253231547
0.15929721412
0.158444826747
0.157710859404
0.157108079646
0.156647057987
0.156336251807
0.156179455358
0.15617421126
0.156317972512
0.156605786552
0.15703094201
0.157583556799
0.15825017033
0.159013943425
0.159854813611
0.160749526779
0.1616714773
0.162590776233
0.163471498129
0.164280913554
0.164936064453
0.165518560417
0.165462993581
0.165986722711
0.162098083596
0.157323324932
0.151682846214
0.14575291995
0.139782268062
0.133856890648
0.128005539305
0.122230286216
0.11652523482
0.110882372057
0.105294492068
0.0997537784851
0.0942583211355
0.0887969421662
0.0833850128317
0.0779907830666
0.0726779869635
0.0673440239507
0.062213118359
0.0569449207125
0.0534374691187
0.0514461914606
0.0502939916196
0.0499919988947
0.049893743005
0.0497552411489
0.0496617958871
0.0496112820792
0.0495890907571
0.0495750251918
0.0495996655991
0.0498076990394
0.0502127864841
0.0506090285952
0.0510053817731
0.051379179234
0.0516794764049
0.0519601749141
0.0520981504859
0.173555352857
0.173782545209
0.173811160639
0.173713285543
0.173467572388
0.173041911727
0.172453493835
0.171726290991
0.170881362328
0.169938100926
0.168915765664
0.167834588443
0.166716270109
0.165583866252
0.164461254524
0.16337239538
0.162340567236
0.161387698316
0.160533844569
0.159796812023
0.159191904545
0.158731743916
0.158426452256
0.158280256984
0.158290799221
0.158455484021
0.15876947184
0.159225716687
0.159813654518
0.160519062364
0.161324465691
0.162209502797
0.163151216812
0.164124190406
0.165100919542
0.166049424032
0.166942122859
0.16770342599
0.168435833326
0.168492029119
0.169491427057
0.164620806705
0.159326537531
0.153237421958
0.146997851854
0.1407995074
0.134689265208
0.128675541126
0.122750051651
0.116901630095
0.111119117957
0.105393118446
0.0997142428736
0.0940795382088
0.0884759806451
0.0829219799891
0.0773780714734
0.0719249133057
0.0664409405301
0.0611902540906
0.0557708159103
0.0527132688745
0.0511884538474
0.0500960418735
0.0502684403193
0.0500228899842
0.0498676312423
0.0497661902047
0.0497150642575
0.0497002401857
0.0496992579726
0.0497256404447
0.0498920228106
0.0502643382589
0.0506622974232
0.0510644111206
0.0514452322513
0.0517564990691
0.0520282004003
0.0524129193448
0.173935257987
0.174038141082
0.174018213326
0.174085939869
0.174004761123
0.173762028955
0.173375876789
0.172854145282
0.172204160494
0.171435539002
0.170561535339
0.169599899191
0.168572721429
0.167505507906
0.166425868406
0.165362106962
0.164341945802
0.163391520151
0.162534659797
0.161792410348
0.161182743526
0.160720377461
0.16041704108
0.160277490066
0.160299587609
0.160480710701
0.160815901307
0.161297480258
0.161913906499
0.162649889336
0.163486993013
0.164404222289
0.165378606087
0.166385675689
0.167400286454
0.168394542967
0.169346456955
0.170191412353
0.171042174215
0.171210603709
0.172644488387
0.166772950852
0.161011520971
0.154540519385
0.148058040396
0.141678451637
0.135416280939
0.129264965702
0.123208847465
0.117233123668
0.111324344214
0.10547130649
0.0996632956455
0.0938959966399
0.0881547989424
0.0824603332373
0.0767641277966
0.0711676277563
0.0655254525457
0.0601399985661
0.0546040177925
0.0521221205274
0.0508915181942
0.0505245662838
0.0503211405754
0.0501041969194
0.0499518899814
0.0498611178355
0.0498240997539
0.0498275455848
0.0498537934716
0.0498935921587
0.0499895166748
0.0502664294288
0.0507032041716
0.0511265101039
0.0515287117338
0.051879345989
0.0522315686465
0.0530761124182
0.174200121317
0.174178728325
0.174348542263
0.174410329366
0.174417201853
0.174337672264
0.174143407613
0.173825557949
0.173375869375
0.172790328302
0.172073428096
0.171238886129
0.170308469365
0.169309998791
0.168275041727
0.167236618657
0.166227270317
0.165277651918
0.164415597084
0.163665530704
0.163048141504
0.162580210683
0.162274941225
0.162137719787
0.162166898497
0.162359895408
0.162711341485
0.163212559073
0.163850685423
0.164608999538
0.16546768411
0.166404611048
0.167396199707
0.168418235211
0.169447304763
0.170458948223
0.171437805309
0.172332413201
0.173253047989
0.173525483906
0.175279361133
0.168472675159
0.162330126861
0.155568288384
0.148916949916
0.142405596028
0.136026836144
0.129764919068
0.123599750974
0.117514484635
0.111494280773
0.105526585929
0.0995995996442
0.093707216337
0.0878335893386
0.0819994851016
0.0761464755599
0.0703985586172
0.0645716262985
0.0590130013066
0.0533957681465
0.0515092399011
0.0503651254862
0.0506228383291
0.0503103877819
0.0501019644293
0.049975589013
0.0499193206707
0.0499167240462
0.0499517792647
0.0500131872354
0.0500880038783
0.0501787711382
0.0503650723313
0.0507475297028
0.0512095435786
0.0516544705222
0.0520805894927
0.0525512037174
0.0536611254533
0.174464824781
0.174473861004
0.174569729295
0.174583354067
0.174714277552
0.174783904072
0.174765597961
0.174645449145
0.174395962705
0.173996146275
0.173439494102
0.17273444807
0.171901903334
0.17097196015
0.169980427069
0.168965392334
0.16796449698
0.167013108545
0.166143174104
0.165382526817
0.164754524414
0.164277893804
0.163967092723
0.163828148026
0.163860188608
0.164060774431
0.164423846617
0.16493939468
0.165592935837
0.166365983231
0.167236896292
0.168181819988
0.169175745846
0.170193525829
0.1712117232
0.172206307862
0.173168828922
0.174059718101
0.17498148365
0.175337804419
0.177249272831
0.169660456375
0.163253829302
0.15630989419
0.149566267509
0.142974443493
0.136515867281
0.130171487376
0.123919869563
0.117743778538
0.111627982916
0.105559128718
0.0995245576573
0.0935159536455
0.0875165705676
0.0815439034113
0.0755305065006
0.069621417324
0.0635712649627
0.0577841063278
0.0519740366157
0.050243532235
0.04971555269
0.0502084652457
0.0501124683647
0.0499608891589
0.0498917886456
0.0499033302385
0.049970501819
0.0500628123481
0.0501633754432
0.0502767881566
0.0503883429774
0.0505329494945
0.0508370666491
0.0513324002904
0.0518422633768
0.0523693604611
0.052931702961
0.0538704350637
0.174712185645
0.174718294048
0.174709403681
0.17485105918
0.174965862743
0.175121091252
0.175261195201
0.175327588068
0.17527101032
0.175052251934
0.174651884077
0.174072238448
0.173332995258
0.172466649422
0.171513634815
0.170517398854
0.169520798233
0.168563921979
0.167682771844
0.166908468307
0.166266864027
0.165778421429
0.165458602266
0.165314131112
0.165345373062
0.165550205379
0.165921536446
0.16644763218
0.167112071822
0.167894264226
0.168770303053
0.169714026318
0.170698273681
0.171696053805
0.172682157857
0.173627711246
0.174524120201
0.175315377651
0.176125567941
0.176514008937
0.178383102392
0.170286135758
0.163777283453
0.156774134545
0.150011988691
0.143389593347
0.136886716148
0.130486964075
0.124170898288
0.117922564659
0.111727342085
0.10557167845
0.0994423014573
0.0933285068627
0.0872128477818
0.081105296074
0.0749332811624
0.0688552683047
0.0625464343865
0.0565123708708
0.0504289145287
0.048803183407
0.0492397506044
0.0495312517771
0.0496973997481
0.0497070458068
0.0496867876773
0.0498052199189
0.0500012669317
0.050186431028
0.0503245135769
0.0504878244214
0.0506497462934
0.0508080839981
0.0510310718153
0.0514644094384
0.0520996280077
0.0527533983412
0.0534235773289
0.054179589496
0.174948272896
0.174955704221
0.174969546401
0.175041122693
0.175153570585
0.175384337483
0.175658920341
0.175892962791
0.176014950703
0.175963902522
0.17570710296
0.175241078783
0.174584043906
0.17377127464
0.172848383262
0.17186428646
0.170866866837
0.169900677203
0.169005496561
0.168215432526
0.167558521912
0.167056652755
0.166725938825
0.16657359118
0.166601459115
0.16680789331
0.167184626177
0.167718066976
0.168389776012
0.169176881582
0.170052825362
0.170988520213
0.171953974182
0.172920304008
0.173862320272
0.174751827875
0.175583229427
0.176187381573
0.176736199017
0.177050931361
0.17857103524
0.17035545683
0.163946985587
0.157006925471
0.15028340158
0.143670094371
0.137152133354
0.13072000831
0.124358959617
0.118055589157
0.111796646962
0.105568907354
0.0993587690959
0.0931534633802
0.0869351452231
0.0807033836472
0.0743877430246
0.0681385021163
0.0615364344855
0.0552396120006
0.048760867222
0.0475828795176
0.0487424475167
0.0489505404464
0.0491916854143
0.0493966724247
0.0495959524488
0.0498444466869
0.0501545004793
0.0503439593621
0.0504833743861
0.0507404921977
0.0509973651397
0.0512063615832
0.0514446266467
0.0518090398
0.0524390837019
0.0532385388496
0.0540394380694
0.0547165409855
0.175167010986
0.175175992656
0.17519233033
0.175214665756
0.175390996622
0.175625217723
0.1759903945
0.176365521467
0.176645635453
0.176739297108
0.176604470139
0.176232571768
0.175639297787
0.174863841117
0.173957996761
0.172976059317
0.171970455645
0.170989727619
0.170076964846
0.169268791264
0.168594985081
0.168078484954
0.16773577718
0.167574545073
0.167598473079
0.167806443309
0.168188636714
0.168729325804
0.169407894347
0.17019898743
0.1710729879
0.171997098289
0.172937161885
0.173860699242
0.174742577293
0.175572529175
0.176408009448
0.177011318608
0.177271417875
0.177402838888
0.178197925908
0.170103351655
0.163891719678
0.157090141022
0.150429671783
0.143846133118
0.137331756882
0.130883934066
0.124493437345
0.118149920067
0.111841826572
0.105556547636
0.0992803636806
0.0929990707626
0.0866949503363
0.0803587828728
0.0739338042143
0.0675310255541
0.0606516408505
0.0541744630142
0.0474378805644
0.0473515855227
0.048149985804
0.048590035436
0.0489548164467
0.0492542476578
0.0495304930361
0.0498124212925
0.0501046646507
0.0503721966813
0.0506815070711
0.051066455432
0.0513496135401
0.0515556379999
0.0518483433502
0.0522846227515
0.0529320248928
0.0537942010909
0.0547364073386
0.0553850438034
0.175359400368
0.175374177027
0.175407648806
0.175459943365
0.175606936809
0.175909361177
0.176323246992
0.176779660729
0.177183458336
0.17738238434
0.177339533515
0.177038221543
0.17648829905
0.175734379937
0.174834570489
0.1738474097
0.172828915555
0.171830939727
0.170899277754
0.170072527006
0.169381756099
0.168850596326
0.168495605064
0.168324685694
0.168343307043
0.168550858671
0.168936236159
0.16948190945
0.170165315157
0.170958727342
0.171829445278
0.172740605425
0.173652610532
0.174525510212
0.175323175869
0.176020351404
0.176618324083
0.177164969758
0.177480029677
0.177640318959
0.178254597604
0.169961647143
0.163754424018
0.157096541925
0.150499324413
0.143949321841
0.137446452201
0.130992952114
0.124584370193
0.118213156227
0.11186933267
0.105540904233
0.0992140169277
0.092873302115
0.0865007867074
0.0800819288651
0.073581318242
0.0670620004132
0.060102517805
0.0538399121556
0.0466841085203
0.0474032284019
0.0478793814692
0.0483575194084
0.048780715461
0.0491466363712
0.0494840150623
0.0498114898848
0.0501322329551
0.0504448034366
0.0507770759166
0.0511405324733
0.0514987282278
0.0518934819535
0.0523953088943
0.0530328658751
0.0536843971367
0.0544551276175
0.0554466890291
0.0561006531961
0.175500702235
0.175521323999
0.175572262008
0.175654681273
0.175816083802
0.176167009119
0.176622225834
0.177147647426
0.177645450265
0.177899415312
0.17790962558
0.177636047426
0.177091188175
0.176332309333
0.175422054664
0.174420224219
0.173384693297
0.172369347138
0.17142147027
0.170580550078
0.16987808164
0.169338000869
0.168976889278
0.168803692436
0.168824382218
0.169036690312
0.169427862437
0.169979062345
0.170666322813
0.171460145493
0.172325578831
0.173222894873
0.17410876348
0.174938097626
0.175666943959
0.176256900295
0.1766839005
0.17696034159
0.177216248612
0.177431357625
0.177679311095
0.169885002694
0.163619742041
0.157076972133
0.150528913847
0.144004184203
0.13751187103
0.131057126141
0.124638585685
0.11825063813
0.111884413172
0.105528331581
0.0991683238738
0.0927878889746
0.0863674706949
0.0798863159665
0.0733149792385
0.0666723547226
0.0598595108263
0.054243242677
0.0456117759421
0.047010687062
0.0475545812329
0.0481390877686
0.048628006729
0.0490486311961
0.0494293386934
0.0497909610723
0.0501439023619
0.0504962887036
0.0508617510979
0.0512443495194
0.0516437743113
0.0520944127091
0.0526540381894
0.0533666709865
0.0542176317112
0.0552090718426
0.0562329737257
0.0567929368392
0.175566719653
0.175591636868
0.175655665631
0.175763647193
0.175951233784
0.176292579772
0.176819980528
0.177450230108
0.177922914368
0.178227958261
0.178333207302
0.178085928592
0.177530891766
0.176752873274
0.175819586864
0.174791741636
0.173729359528
0.172688512187
0.17171794254
0.170857881359
0.170139718649
0.169585541041
0.169207609424
0.169019563375
0.169031769563
0.169237555337
0.169621744537
0.170164575394
0.170841445289
0.171622295813
0.172471748126
0.173349824711
0.174213174699
0.175016989717
0.175717919525
0.176278332362
0.176672686991
0.176895556534
0.177023944051
0.177026693381
0.177042002253
0.170035086978
0.163584715791
0.157068710367
0.150539440041
0.144024592486
0.137536754685
0.131081827485
0.124659563533
0.118265120611
0.111890075866
0.105523013504
0.0991497446285
0.0927531894666
0.0863126391931
0.0798027656163
0.0731872451985
0.0664201508474
0.0593426417965
0.0518663930287
0.0409868141288
0.0457563231132
0.0471206328866
0.0479438349646
0.0485192680372
0.0489852072089
0.0493955077397
0.0497773831098
0.0501463160962
0.0505151876651
0.0508959809355
0.0512959958529
0.0517256475416
0.0522129514657
0.0527973484996
0.0535191616258
0.0544388360626
0.0556414854606
0.0569517996751
0.0575056359106
)
;

boundaryField
{
    frontAndBack
    {
        type            empty;
    }
    upperWall
    {
        type            zeroGradient;
    }
    lowerWall
    {
        type            zeroGradient;
    }
    inlet
    {
        type            zeroGradient;
    }
    outlet
    {
        type            fixedValue;
        value           uniform 0;
    }
}


// ************************************************************************* //
