/*--------------------------------*- C++ -*----------------------------------*\
| =========                 |                                                 |
| \\      /  F ield         | OpenFOAM: The Open Source CFD Toolbox           |
|  \\    /   O peration     | Version:  v1806                                 |
|   \\  /    A nd           | Web:      www.OpenFOAM.com                      |
|    \\/     M anipulation  |                                                 |
\*---------------------------------------------------------------------------*/
FoamFile
{
    version     2.0;
    format      ascii;
    class       volScalarField;
    location    "800";
    object      pa;
}
// * * * * * * * * * * * * * * * * * * * * * * * * * * * * * * * * * * * * * //

dimensions      [0 2 -2 0 0 0 0];


internalField   nonuniform List<scalar> 
6400
(
0.134129863728
0.127993079011
0.124277412301
0.124587438582
0.161299851704
0.20293792814
0.255901004751
0.332513323716
0.42517224019
0.518323140122
0.60220090812
0.673679314259
0.732360655059
0.778379687041
0.812154862332
0.83454939318
0.846787531051
0.850236811185
0.846240909034
0.836041724849
0.820750945005
0.801342172168
0.778651805894
0.753388584228
0.726147574864
0.697427432001
0.667646905766
0.637161313742
0.606277291907
0.57526905345
0.544399293003
0.513965587962
0.484390132643
0.456322973956
0.430005577135
0.401771764458
0.355950566172
0.289684006696
0.206860151859
0.114326489804
0.0168431034449
-0.0832034795861
-0.184596913217
-0.286427107954
-0.387842801047
-0.488055402423
-0.586345631504
-0.682040445132
-0.77448739188
-0.863041188388
-0.947057388575
-1.02589072853
-1.09889565165
-1.16543221748
-1.22487710778
-1.27664237309
-1.32020048966
-1.35511661562
-1.38108475846
-1.39796633061
-1.40582573682
-1.40495971658
-1.39591454294
-1.37948852665
-1.35671593209
-1.32883363725
-1.29722887998
-1.26337662833
-1.22875649214
-1.19478098938
-1.16265707603
-1.13335829526
-1.10723952877
-1.08439229943
-1.06307235106
-1.04305151735
-1.01828303346
-0.998161441607
-0.96570977225
-0.993146638175
0.0770314921427
0.050872687836
0.0615937386263
0.0957269179337
0.175893485568
0.353318795554
0.58328974132
0.88308178112
1.2543914533
1.68024925497
2.14299646847
2.62978365991
3.13062433429
3.63672725206
4.14041758619
4.63543091273
5.11691221046
5.58119162986
6.02554008404
6.44797773346
6.84712336687
7.22206720121
7.57226166561
7.89743241142
8.19750713212
8.47256112257
8.72277449117
8.94840066568
9.14974253656
9.32713603692
9.4809385871
9.61150670673
9.7192088475
9.80469972069
9.87120255949
9.93106715822
10.0054434296
10.0808710417
10.1401565062
10.1774561685
10.1923547466
10.1846303749
10.1535305247
10.0981919989
10.0178544785
9.91186296706
9.77964387572
9.62071411092
9.43470959497
9.22141654598
8.98080322111
8.7130543365
8.41861077878
8.09821404626
7.75295469143
7.38432141695
6.99424692143
6.58514381567
6.15992336953
5.72198858821
5.27519430693
4.82376879346
4.37219522974
3.92505598169
3.48684790557
3.06178074768
2.65357533589
2.26527371017
1.89908485459
1.55625196695
1.2370102852
0.94048272453
0.664946232291
0.407428237812
0.16553386718
-0.0655380974894
-0.280996385391
-0.489193961607
-0.623707096426
-0.789180421156
-0.0114564261572
0.0154492986437
0.0472222586069
0.0993211487993
0.177972399495
0.281367509586
0.415070187353
0.587327997606
0.794551535977
1.02319354888
1.26008234059
1.49609017763
1.72481531753
1.94128026946
2.14170078118
2.32352821918
2.48531335806
2.62644725787
2.74691767383
2.8471261802
2.92775399262
2.98965892656
3.0337968658
3.06116425178
3.07275913146
3.06955601609
3.05249174106
3.02245824124
2.98030156794
2.92682181588
2.86277927294
2.78887444428
2.70567266663
2.61287496898
2.50705152323
2.37704015892
2.23124683561
2.08572724245
1.94678256122
1.81287543514
1.6830271892
1.55790051696
1.43863335457
1.32631439329
1.22192859264
1.12634233796
1.040247265
0.96410437132
0.898107057104
0.842158411012
0.795855758884
0.758482165169
0.729005712176
0.706089273354
0.688112223352
0.673207526702
0.659316317986
0.644263002973
0.625850934073
0.601977513853
0.570762950329
0.530684366709
0.480702721521
0.420368941587
0.349895468978
0.270181776143
0.182789436368
0.0898612030755
-0.00599698615093
-0.101903009284
-0.194853194203
-0.282104685192
-0.361158527988
-0.431074691789
-0.490560904216
-0.54438654611
-0.58452447099
-0.632233207211
-0.57864429512
-0.698798022732
-0.207748687374
0.00797269559837
-0.0114751521345
-0.00554746852945
0.122536296357
0.28315272188
0.456535500996
0.656639121556
0.883413466696
1.12758495752
1.38137017895
1.63992788128
1.89971519147
2.15773565628
2.41155196706
2.65933851338
2.89979531365
3.13201060587
3.35534401679
3.56934492616
3.77369597927
3.96817329765
4.1526180635
4.32691794599
4.49099537214
4.6448014576
4.78831250786
4.92152909505
5.04447321818
5.15718744461
5.25971510767
5.35210403113
5.43435254894
5.50690699171
5.57131099567
5.63145679221
5.67130378026
5.68972385436
5.69119229878
5.67576109199
5.64194007394
5.58914814736
5.51751372394
5.42733863168
5.31900268926
5.19304495235
5.05021285528
4.89146794583
4.71798111749
4.53112557043
4.33246395734
4.12372529627
3.90677186785
3.68355516039
3.45606171897
3.22624853786
2.99597090119
2.76690598256
2.54047952047
2.31780339328
2.09963449235
1.88636343022
1.67804041651
1.47443985353
1.27516119306
1.07975560196
0.887869025728
0.699380174492
0.514542289701
0.334072057025
0.159315135539
-0.00784903997111
-0.164477929479
-0.307811805856
-0.431957066019
-0.537126895793
-0.603087691215
-0.658134547074
-0.534844695535
-0.688560693553
-0.451226018367
0.161360984448
0.0072341644408
0.0253056737384
0.261527944296
0.478295665662
0.65872606905
0.842291370095
1.03592673676
1.23389275225
1.43316938214
1.63257032957
1.83052289391
2.02501462227
2.21406618659
2.39593159257
2.56911557138
2.73235727665
2.8846155418
3.02505173192
3.15300938595
3.26799231801
3.36964335403
3.45772412644
3.53209703156
3.59270897401
3.63957752076
3.67277817724
3.69243371669
3.69870173612
3.69176671749
3.6718133836
3.63900927066
3.59329750396
3.5346406203
3.4664017635
3.39559125629
3.3241024488
3.25362833293
3.18477192188
3.11718068348
3.05056430384
2.98485777852
2.919940657
2.85550155265
2.79106072644
2.72601299939
2.65965260816
2.59119791832
2.51982848879
2.44473172006
2.3651542866
2.2804541545
2.19015065281
2.09396828289
1.99187005661
1.88407477574
1.77105396348
1.65350466032
1.53229768758
1.40840400463
1.28280672642
1.15640987607
1.0299576911
0.903978407266
0.778762130047
0.654381425974
0.530743853286
0.407695235764
0.285100862392
0.163063692685
0.0418490413124
-0.0773098229823
-0.193623814066
-0.301951005644
-0.404817786906
-0.475894079217
-0.556766533045
-0.40670689048
-0.658794264141
-0.626793632437
0.560530100622
0.179469976197
0.228762265035
0.525549354811
0.730283506135
0.874339871648
1.01895979678
1.17178530404
1.32874553947
1.48976810698
1.65540634996
1.82475166494
1.99605028777
2.16743068036
2.33714189309
2.50359740867
2.66539816608
2.82134767719
2.97045006383
3.11189533134
3.24503989266
3.36938626943
3.48456408325
3.59031292933
3.68646804034
3.7729484928
3.84974801792
3.91692798867
3.97461183254
4.02298470875
4.06229617192
4.09290886172
4.11531612821
4.1299095317
4.13285973957
4.12192529659
4.09719000804
4.05925666494
4.0087007577
3.9458862666
3.87126930329
3.78559223611
3.68980776123
3.58496323135
3.47214829126
3.35246667711
3.22699791211
3.0967535202
2.96263974065
2.82543218914
2.68576297517
2.5441213854
2.40086867275
2.25626715194
2.11052149925
1.96382891008
1.81643227347
1.66866938441
1.52100955729
1.37406985679
1.22860479924
1.08546805168
0.945549661805
0.809699016223
0.678645984115
0.552940382302
0.432909881462
0.31867838213
0.210162937798
0.107246844366
0.00958759467728
-0.0824944922938
-0.16995828156
-0.249136092793
-0.327354316221
-0.375650497636
-0.456469745268
-0.25104814683
-0.607822927691
-0.837458816221
1.133087379
0.434171453104
0.515561490422
0.81245504938
0.957412281569
1.04735646057
1.14802964231
1.26081134297
1.38149938523
1.51062556629
1.64831143936
1.79299447725
1.94242164259
2.09431462359
2.24653419015
2.39710916089
2.54426160799
2.6864237024
2.82223689228
2.95053928397
3.07034849112
3.18084380245
3.2813488948
3.37131599755
3.45031176664
3.51800521421
3.5741573913
3.61861287071
3.65129281234
3.67218951538
3.68136266358
3.67893304719
3.66512099484
3.64054408256
3.60803388321
3.5690705622
3.52438872738
3.47469387158
3.42052380835
3.36207270076
3.29929392056
3.23207375024
3.16029057481
3.0838102609
3.00249857053
2.91625377588
2.82503543088
2.72888021149
2.6279076885
2.52231842259
2.41238512839
2.2984378472
2.18084578565
2.05999913757
1.93629472016
1.81012881681
1.68189996026
1.55202274322
1.420951011
1.28920601111
1.15740217718
1.02626202452
0.89661260638
0.769359658634
0.645439578763
0.52576333065
0.411146431417
0.302284695983
0.199685970641
0.103802262517
0.0147130639927
-0.0668861529964
-0.142152326796
-0.207026849575
-0.27169130546
-0.302093872259
-0.382463894721
-0.105732588959
-0.565254376371
-1.05281352499
1.86315290677
0.722186165658
0.831766674664
1.07307200019
1.13589926955
1.17479206231
1.24048666554
1.32474366369
1.42250234982
1.53344233605
1.65633061531
1.78871400226
1.92790053409
2.07136419806
2.21679263246
2.36208529908
2.50536225747
2.64496804735
2.7794644476
2.90761638742
3.02837563305
3.14086438668
3.24435975021
3.33827952041
3.42216975408
3.49569423247
3.55862579348
3.6108398129
3.65230866566
3.68310096816
3.70337386279
3.71338486924
3.71339697297
3.70362524028
3.68337880548
3.65248705434
3.61133657796
3.56055010521
3.50083559239
3.43289204065
3.35740957464
3.2751103386
3.18674417345
3.09304222005
2.99467401099
2.89222602779
2.78619469837
2.6769875673
2.56493240693
2.45029441226
2.33329900772
2.21415653539
2.09308516225
1.97032901151
1.84616952729
1.72092951055
1.59497088501
1.46868961329
1.34251096181
1.21688913269
1.0923126231
0.96931398134
0.848480143801
0.730455986397
0.615933554313
0.505633596458
0.40025301687
0.300449312509
0.206748714896
0.119675538122
0.0393211630688
-0.033542844664
-0.100384832004
-0.156625126236
-0.214891965874
-0.235200922546
-0.324816595777
0.0227068611163
-0.539641407568
-1.26966969018
2.730877055
0.999667838582
1.1463036032
1.29533455915
1.27874888369
1.28060581082
1.32286571482
1.3889579876
1.4731576843
1.57366436046
1.68778836851
1.8123526928
1.94438540812
2.08123670921
2.22052917025
2.36012648915
2.49812166282
2.63282622098
2.76275658784
2.88661914401
3.00329540667
3.1118279416
3.21140730764
3.30136026261
3.38113941244
3.45031427245
3.50856388173
3.55567039767
3.5915146482
3.61607111337
3.62940871636
3.6316918796
3.6232454534
3.60469822935
3.57686477711
3.54023350218
3.4953061723
3.44261805082
3.38266872842
3.31589250755
3.24267804483
3.16341225797
3.07850934769
2.98841289183
2.89358564276
2.79449841516
2.69161807328
2.58539311293
2.47623937383
2.3645300223
2.25059268505
2.13471476138
2.01715641878
1.89816921385
1.77801712883
1.65699625468
1.53544881687
1.41377102184
1.29241245162
1.17187042869
1.05268207167
0.935417062637
0.820675546692
0.70908685986
0.601303409069
0.49799942044
0.399823456453
0.307393728676
0.221187127509
0.141704277842
0.0688828514881
0.00334414175298
-0.0568801372013
-0.106933915879
-0.161965604093
-0.176780350357
-0.282476147254
0.132699105141
-0.527896416633
-1.46414114853
3.71769717728
1.2357053748
1.44861111574
1.48461725892
1.40483618948
1.38355804925
1.41057428105
1.46525527451
1.5414640049
1.635740873
1.74421012734
1.8632427704
1.9897523635
2.12109073674
2.25493238581
2.38921510757
2.52210694506
2.65198240762
2.77740380773
2.89710617464
3.00998451541
3.11508272846
3.21158383507
3.29880142806
3.37617228888
3.44324999884
3.499699751
3.54529348728
3.57990730531
3.60351674028
3.61620161604
3.61813380486
3.60959920334
3.59086946574
3.56206392108
3.52354162214
3.47580945195
3.41946943572
3.35517517796
3.28359533719
3.2053934106
3.12122229974
3.03172106462
2.9375062471
2.83916169989
2.73723237495
2.63222191928
2.52459129608
2.4147572056
2.3030909514
2.18991905325
2.07552675555
1.96016570739
1.8440658205
1.7274508767
1.61055671248
1.49364693585
1.3770286253
1.26105994602
1.14615245924
1.0327674448
0.92140704264
0.812610481561
0.706948488222
0.605015347356
0.507442400931
0.414847634385
0.327813876691
0.246741960428
0.172158640876
0.103799147775
0.0420287594788
-0.0155607328962
-0.0638819060542
-0.119892277938
-0.135338249398
-0.258645463339
0.22032217774
-0.533231355888
-1.62306672006
4.79013940316
1.40481179553
1.7384044822
1.65027264369
1.52860045039
1.49381633089
1.51022328604
1.55734160775
1.62828980918
1.71796226359
1.82162900348
1.93541526369
2.05622291758
2.18148162319
2.30898532058
2.43680325244
2.56322636076
2.68673251663
2.80596407009
2.91971293179
3.0269100851
3.12661758256
3.21802215923
3.30042987042
3.37326158413
3.43604885336
3.48843066548
3.53014930949
3.56104929081
3.58106876459
3.59024996702
3.58870851819
3.57676693071
3.55492484398
3.52346048791
3.48275724006
3.43328464593
3.37556431585
3.31015253555
3.23763093798
3.15860158485
3.07368538221
2.98351868165
2.88874348412
2.7899925993
2.68787422
2.58295875141
2.47576867841
2.36677177768
2.25637829837
2.1449424386
2.03276778149
1.92011708257
1.80722465826
1.69431040681
1.58159659718
1.46931791942
1.35773793047
1.24715542823
1.13791018394
1.03038178241
0.924979909475
0.822144454903
0.722342394221
0.626052857683
0.533778445141
0.446083488337
0.363389537749
0.285809813769
0.213961991954
0.147092350362
0.0849609265079
0.0249343894254
-0.0281136907969
-0.0900514135577
-0.118225788122
-0.249639992819
0.286833547355
-0.571979324391
-1.7347787465
5.91008150601
1.49521408334
2.02461923842
1.80126965482
1.65815763873
1.61426140838
1.62241908263
1.66413800958
1.73101535325
1.81649177529
1.91528346539
2.02341763285
2.13786621518
2.25620188781
2.37639232893
2.4966820704
2.61552111987
2.73152210502
2.84343570455
2.95013683024
3.05061687992
3.14397919326
3.22943619471
3.30630737742
3.37401765105
3.43209563704
3.48017231758
3.51797812983
3.54534329885
3.56218771309
3.56853794863
3.56448276426
3.5503580395
3.52651323676
3.49314231041
3.45061104762
3.39939921598
3.34005234176
3.27315941038
3.19934088622
3.11923877867
3.03350892666
2.94281476927
2.84781976396
2.74917707386
2.6475174164
2.54343647683
2.43748307669
2.33014930044
2.22186425721
2.11299305411
2.00384045208
1.89466167831
1.7856762255
1.67708229783
1.56907764583
1.46186221686
1.35565907467
1.2507153552
1.1473096952
1.04575210089
0.946374432381
0.849515763507
0.755541055661
0.664830988501
0.577634243564
0.494579915798
0.415788430859
0.340574839066
0.269652731639
0.201598178445
0.134837494295
0.0672315856529
0.00203746180371
-0.0723172883332
-0.128440068998
-0.237921896244
0.326065595579
-0.660626103566
-1.79411449059
7.03798987944
1.50634519508
2.31796330616
1.94192468594
1.7959194425
1.74365772639
1.74536745841
1.78313111457
1.84641463751
1.9275762109
2.02102131094
2.12279743362
2.23002435119
2.340475297
2.45233245694
2.56404359098
2.67423753735
2.78167655294
2.88523180166
2.98387168619
3.07665755158
3.1627427202
3.24137322687
3.31188891614
3.373724471
3.42640991336
3.46957099506
3.50292782874
3.52629635316
3.53957872762
3.54278311469
3.535973669
3.51950936591
3.49373297535
3.45883338163
3.41514783803
3.36312212711
3.30326294317
3.23612157508
3.16229065674
3.0823987668
2.99710183191
2.90707352076
2.81299457308
2.7155403778
2.61536722643
2.51309804519
2.4093089049
2.30451704719
2.19917223244
2.09365392395
1.98827147779
1.88327553925
1.77887239612
1.67523622337
1.57254021416
1.4709449992
1.37063100067
1.27179084791
1.17464778351
1.07943353723
0.986425749413
0.895855525624
0.807973546449
0.723234125149
0.641266330827
0.562853901374
0.487950936916
0.414805082073
0.343304906089
0.270971416272
0.195086650448
0.113859441439
0.0287960927703
-0.0662402570919
-0.156174844182
-0.20841686201
0.298236147414
-0.782411232268
-1.80001712456
8.13860751923
1.44778556441
2.62754364202
2.07245294962
1.94154678811
1.87949021843
1.87678811441
1.91159598493
1.97140751689
2.04793536515
2.13545187865
2.23013414031
2.3293252909
2.43104894353
2.53373246616
2.63604478865
2.73680399988
2.83492858666
2.92941517686
3.01933028034
3.10381005657
3.18206305828
3.25337444457
3.31710999636
3.37271947409
3.4197392686
3.45779417649
3.4865982279
3.50595650736
3.51576139663
3.51600747088
3.50676508246
3.48836775823
3.46108154703
3.42507298821
3.38066378412
3.32828737527
3.26843576526
3.20164254338
3.12848181439
3.04956515173
2.965534785
2.87705545768
2.784805006
2.68946260263
2.59169479136
2.49213969945
2.39139169843
2.28998689502
2.18839142154
2.08699807645
1.98612059949
1.88600667933
1.78685320855
1.68881193617
1.5920392822
1.496658933
1.40282310665
1.31066673297
1.22039100988
1.13212938417
1.04618600254
0.962699344313
0.881565760807
0.803700622804
0.728503189387
0.655921676874
0.585712920921
0.51513816529
0.441828839322
0.361628497191
0.271413062225
0.170365630906
0.0601130116541
-0.0608776080228
-0.175134236908
-0.172987618345
0.171265901107
-0.900945355345
-1.75530010985
9.18327384893
1.33536423345
2.95800335637
2.19015208269
2.09384814094
2.01912457922
2.0145011002
2.04696042209
2.10327880585
2.17482573015
2.25586525145
2.34280997521
2.43329233047
2.52562521373
2.6185021812
2.71082273662
2.80159740584
2.88990122456
2.97485592971
3.05562598075
3.13142307303
3.2015123018
3.26521990637
3.32193969473
3.37113852467
3.41236091503
3.4452317814
3.46945966117
3.48483757999
3.49124694984
3.4886693441
3.47719863934
3.45716493679
3.42874140104
3.39209090238
3.34751855761
3.29542769717
3.23627661323
3.17056760302
3.09884725979
3.02170342328
2.9397584718
2.85366162031
2.76408030928
2.67168914614
2.57715674619
2.48112904915
2.3842132608
2.28696109574
2.18985298721
2.09329699396
1.9976123409
1.90304704566
1.80979411533
1.71798377105
1.62777223431
1.53924573147
1.45256003051
1.36778149422
1.28521052325
1.20481640837
1.12690144998
1.05207211769
0.979930688278
0.911104828903
0.845256458875
0.781252589016
0.717279324827
0.649219181268
0.572218476223
0.480831176789
0.372510447273
0.248936849144
0.113588442871
-0.0334435434471
-0.16855637033
-0.173571262436
-0.0620501275272
-0.974510535608
-1.66511259569
10.151095706
1.18781299829
3.30904323237
2.2914839708
2.25199469152
2.16018877072
2.15655280954
2.18686980949
2.23966149986
2.30593078844
2.38004936865
2.45876461641
2.54004858066
2.62253160822
2.70518644657
2.78714679471
2.86761465996
2.9458191024
3.02100441934
3.09243115958
3.15938575972
3.22118971291
3.27721098058
3.32687222803
3.36965836907
3.40512317299
3.43289213731
3.45266984125
3.46423248017
3.46745403662
3.46225608711
3.44882316617
3.42752011703
3.39833293008
3.36144909834
3.31717941503
3.2659010977
3.20803595222
3.14404974134
3.07445395432
2.99980308889
2.92068923882
2.83773594437
2.75159091353
2.66291537517
2.57237252627
2.48060951923
2.38824203009
2.29583590222
2.20388438244
2.11281619927
2.0229591645
1.93456657241
1.84783894085
1.76289336531
1.67990283828
1.59891757049
1.52019962551
1.44368317867
1.36983286455
1.29912136454
1.2315513141
1.16775579708
1.10773701076
1.05152988452
0.998340407071
0.945870127638
0.890002876922
0.824440765728
0.742440661152
0.638825556566
0.513151283852
0.369571892283
0.210125772796
0.0298076154227
-0.14971816357
-0.244210688801
-0.346741028174
-0.954498509102
-1.53597370873
11.0286046296
1.02375951447
3.67599636298
2.37363598701
2.41568813673
2.30044645416
2.30117167437
2.3291743078
2.37848961543
2.43926777548
2.50615770313
2.57632125992
2.64810326642
2.72047040363
2.79268133368
2.86410376653
2.93412843451
3.00213496071
3.0674872125
3.1295394597
3.18765153956
3.24120019331
3.2895949271
3.33228681188
3.36877903066
3.39863478351
3.42148118972
3.43701867343
3.44501124936
3.4453231
3.43785165189
3.42284157245
3.4006156515
3.37107597108
3.33439091144
3.29087354975
3.24088606672
3.18482182652
3.12311366574
3.05623773692
2.98471104148
2.90908798031
2.82995703483
2.74793661298
2.6636647249
2.57779147202
2.49095849573
2.4037859481
2.31685394629
2.23066776243
2.14568371096
2.06224253442
1.98061608724
1.90100860249
1.82356407779
1.74851520142
1.67587245811
1.60604131906
1.53949660067
1.47648541512
1.41753791242
1.3630990647
1.31372255028
1.26966838458
1.23055109883
1.1943259446
1.15647952152
1.11012100562
1.04691187452
0.959570569756
0.844186408317
0.701164893762
0.531966405957
0.331355844181
0.0916404584112
-0.159936617956
-0.362926165476
-0.574095278266
-0.886890677174
-1.37485483343
11.8087936956
0.859766888843
4.05119247578
2.43550161563
2.58486034797
2.43770018728
2.44678754155
2.47192913001
2.51795716703
2.57311238081
2.63260792388
2.69406048647
2.75620672481
2.81836135456
2.88007087462
2.94093511351
3.0005306632
3.05838485822
3.11397872656
3.16675831058
3.21615536878
3.26160018905
3.30254307094
3.33846185923
3.36887769069
3.39336303033
3.41154740922
3.42312855648
3.42786291715
3.42560757501
3.41624433544
3.40006869134
3.37731001674
3.34782979612
3.3117762259
3.26945885401
3.22122702175
3.16744928041
3.10852817904
3.04490623655
2.97706291427
2.90551231312
2.83080233919
2.75351554771
2.67425783269
2.59365957444
2.51235005917
2.43095103592
2.35005874027
2.27018922778
2.19184058631
2.11536033675
2.04107950939
1.96916518481
1.89995250461
1.83361714709
1.77073770661
1.71165368878
1.65667337491
1.60656819165
1.56205464374
1.52414895312
1.49371747094
1.47080633039
1.45371091818
1.4379018021
1.41555355181
1.37665694237
1.31086334254
1.20985771954
1.06831666571
0.883002428677
0.650598822125
0.368865675812
0.0533418362098
-0.242557878721
-0.471701155724
-0.664936366588
-0.803271954692
-1.18862117241
12.4898003694
0.709231882497
4.42544695774
2.47795043883
2.75918738049
2.56981306723
2.59205639766
2.61337582111
2.65647870225
2.70594318942
2.75801421561
2.81074026738
2.86326266607
2.9152497601
2.96653467394
3.01694715914
3.06624785511
3.11410999287
3.16013034224
3.20384502579
3.24475590522
3.282344289
3.31609977128
3.34552365092
3.3701548536
3.38957419084
3.40341452645
3.41137243752
3.41320350149
3.40875704386
3.39792700175
3.3809881806
3.35807895854
3.32905115741
3.29404566902
3.25336696413
3.2073493316
3.15633538643
3.10069556652
3.04083669182
2.97719863637
2.91025312096
2.84050383351
2.76849484781
2.69479274456
2.62000523675
2.54474411155
2.46962974829
2.3952811472
2.32222995064
2.25103337413
2.18201132432
2.115742932
2.05210707267
1.99222191275
1.93630398646
1.8843265723
1.83727354384
1.7956866501
1.76098387348
1.73461779169
1.71806520729
1.71194414839
1.71485834535
1.72205025688
1.72460825824
1.70969704637
1.6625039089
1.5683793345
1.41502525434
1.19413767656
0.903998658003
0.554337265918
0.174463312705
-0.178989426862
-0.440632146704
-0.5979122875
-0.693322716631
-0.743968478961
-0.983654601858
13.0735925152
0.582023509926
4.78939651811
2.50360422289
2.93771172915
2.69486570772
2.73586045436
2.75191919097
2.79266167581
2.83640474497
2.88114424063
2.92524757448
2.96827837879
3.01025820253
3.05130381761
3.09147348441
3.13071125473
3.16883545397
3.20555777371
3.24050242194
3.27323856965
3.30329511492
3.33019806731
3.35346729299
3.37266061759
3.3873650895
3.39721829398
3.40191601663
3.40121411337
3.39495814599
3.38307208422
3.36578566731
3.34312730054
3.31496494552
3.28144006674
3.24284367098
3.19948976047
3.15169616472
3.09980291662
3.04418108708
2.98522900522
2.92337391544
2.85907017629
2.79282292281
2.72515338408
2.65664479312
2.5878888415
2.51951145029
2.4521479303
2.38636406932
2.32286964036
2.26179743259
2.20433418832
2.15056768236
2.10094033958
2.05606513375
2.01610766265
1.98261127347
1.95701230339
1.94150042175
1.93803821292
1.94776814588
1.96948789057
1.99800335888
2.02268408712
2.02730458473
1.99137711486
1.89333231972
1.71432815948
1.44326517382
1.08290822153
0.656530395456
0.210871833574
-0.190051198229
-0.484343497247
-0.647194653941
-0.718371031243
-0.742956284126
-0.758271768559
-0.765678151718
13.5647738385
0.484607189332
5.13449103411
2.51632030257
3.1186695324
2.81135206525
2.87725167148
2.88610895599
2.92528739878
2.96328253771
3.00089331992
3.036571646
3.07034029794
3.10256565013
3.13364505234
3.16386469097
3.19335232814
3.22207088848
3.24984629157
3.27638739899
3.30132688401
3.32423658826
3.34467407766
3.36217258236
3.37631295745
3.38668473177
3.3929359605
3.39475900337
3.39191212541
3.38418327167
3.37159578324
3.35439019007
3.33238268121
3.30550338912
3.27390961008
3.23786193955
3.19763764335
3.15352401115
3.10583011464
3.05489294076
3.00106921684
2.94474265835
2.88631477579
2.8262530396
2.76502599605
2.70320024611
2.64133752933
2.58009301491
2.52010559969
2.46206823767
2.40686822734
2.35502797178
2.30732086752
2.26383675439
2.22503925753
2.19189117872
2.16549113593
2.14813863055
2.14216183325
2.15019040262
2.17369095213
2.21158282942
2.25803259568
2.30062523378
2.31959340723
2.2893180669
2.18222597351
1.97518681585
1.65720071698
1.2376749728
0.75223370609
0.261197608762
-0.164780294515
-0.470752965178
-0.642061760721
-0.710447234348
-0.719333290287
-0.670473394091
-0.54841499433
-0.53967791217
13.9696073201
0.420462178069
5.45361684857
2.52058539726
3.2995329453
2.91833541202
3.01535615431
3.0146428105
3.05329681992
3.08548686925
3.11627018995
3.14379099725
3.16860451729
3.19140206443
3.21285985682
3.23349187941
3.25360993674
3.27332086598
3.29256327119
3.31112503058
3.32869798359
3.34489020649
3.35928348168
3.37142217143
3.38091744089
3.38735608732
3.3904103662
3.38977606208
3.38521025872
3.37643495828
3.36356982192
3.3468348054
3.32586803596
3.30065676142
3.27139475709
3.23831699362
3.20165480968
3.16165560941
3.11858876774
3.07275326711
3.02446165934
2.97405541266
2.92187491538
2.86836120315
2.81392463532
2.75911861438
2.70445789861
2.65078444885
2.59855787182
2.54915792578
2.5033366886
2.46111498173
2.42338919494
2.39041248657
2.36317963285
2.34330376982
2.33289056439
2.33498694858
2.35236265097
2.38695725223
2.43766154883
2.49813666763
2.55441401996
2.5839345635
2.55703789719
2.44194905472
2.21287049944
1.86000203465
1.39844351391
0.872282175228
0.348980623012
-0.0982775086634
-0.416482980109
-0.594613515081
-0.665276254695
-0.675405869619
-0.640915145429
-0.528500854695
-0.345381170434
-0.309918466693
14.2952450607
0.390629599845
5.74138525899
2.52095509938
3.47720822238
3.01551369598
3.14927233011
3.13639150048
3.17577352899
3.20204300048
3.22638974329
3.24606813759
3.26229555601
3.27605068374
3.28829033591
3.29975528905
3.31094119551
3.32209723851
3.3332714587
3.34432276363
3.35499857095
3.3649317128
3.37372044581
3.3809249274
3.38619331466
3.38910388037
3.38938495605
3.38674560548
3.38093129562
3.37162577172
3.35898089031
3.34310266851
3.32356972683
3.30039534503
3.27381953087
3.244072755
3.21134494161
3.17584029791
3.13777932865
3.09741613896
3.05500735097
3.01085737271
2.96524511455
2.91857143459
2.87119602393
2.82374126925
2.77655322714
2.73097049936
2.68761149851
2.64727548483
2.61084993992
2.57838033726
2.55090322151
2.52919094206
2.51493448157
2.51053869397
2.51897806799
2.54358047431
2.58636360042
2.64644421562
2.7171313236
2.78354760678
2.82129884045
2.79814450416
2.67952129064
2.43793581959
2.06413361407
1.57647099572
1.02351698082
0.475987018511
0.00738333615264
-0.330452067964
-0.525106675778
-0.603963298534
-0.615162185911
-0.595796434057
-0.53699194773
-0.404403618587
-0.235754108459
-0.0799872283312
14.5491644081
0.3942875724
5.9941653879
2.52161803019
3.64831600861
3.10318644292
3.27799726486
3.25043574445
3.29192029717
3.31208764696
3.33046900337
3.34264843108
3.35070883747
3.35585344019
3.35932706403
3.36209391351
3.3648322456
3.36793073514
3.3715408444
3.37558385201
3.37985972734
3.3840060935
3.38763692954
3.39034008673
3.39179637112
3.39157826315
3.38953073059
3.38537225989
3.37882579076
3.36952099798
3.35754848204
3.34290792953
3.32519370196
3.30444140848
3.28091734623
3.25484925055
3.2263951288
3.19572336154
3.16299515463
3.12842174694
3.09219868594
3.05457277485
3.01577695922
2.97618574631
2.93613583743
2.89631223284
2.85741900021
2.82040941231
2.78594323048
2.75478151481
2.72777848508
2.7053887878
2.68890679486
2.67973543643
2.68032704418
2.6938172809
2.72352884543
2.77189788143
2.83811314648
2.91564398277
2.98929922528
3.03395850018
3.01604529738
2.89935055126
2.6549000263
2.27280570163
1.77177422497
1.20126979696
0.632518738916
0.138997514679
-0.227012785496
-0.450478109725
-0.553222975313
-0.577881378421
-0.565712200205
-0.535412708709
-0.469569715959
-0.341832800297
-0.198916376087
0.147109823637
14.7387572397
0.429290685165
6.20994496103
2.52611699941
3.80948685393
3.18214256957
3.40040045404
3.3560975119
3.4010306042
3.41487085571
3.42782339259
3.43286068078
3.43321432112
3.43021665899
3.4254165448
3.4199938725
3.41480739427
3.41038015608
3.40695830429
3.40451873201
3.40290764385
3.40173786043
3.40065988646
3.39929509339
3.3973329022
3.39437583801
3.39046042621
3.38528078831
3.37855788897
3.36983933571
3.35899484727
3.34591314406
3.33031923263
3.31234518073
3.29225356466
3.27022396246
3.24636599439
3.2208330292
3.19373155383
3.1652093783
3.13540916975
3.10449683276
3.0728158001
3.0404527726
3.00821362277
2.97655893479
2.94595065531
2.91751168958
2.89191665011
2.87008005501
2.85292002576
2.84129667581
2.83688652874
2.8418112343
2.85920004695
2.8924546506
2.94409643032
3.01375604009
3.09521540439
3.17375331946
3.22440236592
3.21338283593
3.10364255062
2.86479078083
2.4850828244
1.98121926128
1.40071267141
0.81334188652
0.292433308705
-0.107523526066
-0.366747130806
-0.501037831992
-0.54773235405
-0.546435825712
-0.524762782437
-0.489493931332
-0.423298748807
-0.307190954053
-0.183832258811
0.368844826779
14.8710627639
0.492655548517
6.38810027862
2.53722011846
3.9576187104
3.25349720673
3.51524473643
3.45294988723
3.50246077572
3.50976146406
3.517861595
3.51611880342
3.5092597134
3.49861604315
3.48606724847
3.4729952066
3.460436176
3.44903934754
3.43913571058
3.43075448114
3.4237702243
3.4177418923
3.41241009598
3.4073937328
3.402368727
3.39707629217
3.39178536482
3.38607473499
3.37967965117
3.37204041253
3.36287927362
3.35179423246
3.33862985565
3.32372238447
3.30737720726
3.28970577844
3.27074861253
3.25061880859
3.22937735469
3.20711023735
3.18402193984
3.1599014152
3.13560359044
3.11105936602
3.08652745121
3.06288013955
3.04055829987
3.02074004007
3.00425200649
2.99213959828
2.9854492334
2.98547745919
2.99439202616
3.01496743268
3.05056935332
3.10383583486
3.17472992884
3.25780228116
3.33920832324
3.39502999796
3.39212586192
3.29333601049
3.06690884814
2.69840043469
2.20073627056
1.61740485071
1.01515127766
0.466777922224
0.0298296940993
-0.269590373355
-0.440025970321
-0.513636718283
-0.528264615478
-0.513539896286
-0.485804598173
-0.446447154586
-0.380844829185
-0.27455621577
-0.164553751984
0.583045061834
14.952622537
0.580985901005
6.52911194429
2.55689332999
4.09005415397
3.31850673245
3.62124462476
3.54080055535
3.5956120817
3.59625359622
3.60007969351
3.59192416764
3.57837258888
3.5606002413
3.54085398574
3.52069677809
3.50133842656
3.48354258897
3.46771738931
3.45394114848
3.4420820391
3.43164149461
3.42251832449
3.41420257319
3.40642224082
3.39926037969
3.39317398528
3.38750882012
3.38191661006
3.37561844116
3.36839919232
3.35972796616
3.34949514643
3.33807762608
3.32579888825
3.31274377576
3.29892339047
3.28442037112
3.2693312699
3.25339873069
3.23718401966
3.22043306196
3.20338841573
3.18639167955
3.16958674764
3.15388418416
3.13994701101
3.12901320157
3.12202939619
3.12015292634
3.12465518246
3.13732080954
3.16077601271
3.19804958654
3.25182619063
3.32244564792
3.40529976649
3.48793734871
3.54801443903
3.55384435036
3.46875229245
3.25988631166
2.90964214545
2.4260351459
1.84698031142
1.23481671151
0.661056504136
0.186307202813
-0.156380901897
-0.367211115712
-0.472172592833
-0.507279278409
-0.503753670493
-0.481355283138
-0.449232393201
-0.406825417144
-0.342121944196
-0.242987105984
-0.141755930303
0.787843936125
14.9894674691
0.690804871511
6.63421235694
2.58631207641
4.20467229455
3.37840442575
3.71715709291
3.61965672369
3.67992945526
3.67397020129
3.67405489884
3.6598672133
3.64016004485
3.61579226158
3.58941973907
3.56275882926
3.53718735998
3.51356981779
3.49238741254
3.47375642177
3.45749617938
3.44309650004
3.4306258349
3.41923757278
3.40901048903
3.40053354892
3.39420368021
3.38906865746
3.38503170025
3.38105540478
3.3759428391
3.36951438388
3.3623943754
3.35483902158
3.34692138351
3.338703248
3.33033726448
3.32153654557
3.31273378657
3.30361258183
3.29417778482
3.2845670915
3.27481138091
3.2652146186
3.25611647085
3.24848530703
3.24317596163
3.24147329196
3.24443357243
3.25336410027
3.26984050458
3.29606651291
3.33481214672
3.38856033038
3.45798959194
3.53940433708
3.62192999639
3.68531456307
3.6998572512
3.63003075376
3.44224447236
3.11571248842
2.65291817336
2.08513670055
1.46904995364
0.873828649448
0.362511723932
-0.0249820348792
-0.279946992012
-0.420954057581
-0.480897592255
-0.492341706663
-0.478296664306
-0.451060651748
-0.41569159717
-0.371179389824
-0.307475767067
-0.213439540192
-0.117768559478
0.981606502267
14.9871015033
0.818729035297
6.70501605275
2.62595404439
4.29996735717
3.43431060998
3.80189828187
3.68967858731
3.75491370685
3.7426570838
3.73943863826
3.71962607029
3.6943055115
3.66388834215
3.63147492478
3.59890314302
3.56771159839
3.53885279962
3.51287808533
3.48991749785
3.46971683671
3.45183181913
3.43637335362
3.42204726278
3.40987683681
3.40060026238
3.39385040722
3.38852907522
3.3857087141
3.38574304953
3.38464028933
3.38082672767
3.37686207544
3.37338655941
3.37008946333
3.36679932181
3.36406361851
3.36143401032
3.35882074466
3.35634599896
3.35378588858
3.35121267817
3.34865888848
3.3464594513
3.34515344752
3.34580136576
3.34941495601
3.35731871096
3.37069700286
3.39104094299
3.42019296719
3.46048228437
3.51417476935
3.582076384
3.66137296734
3.74284909026
3.80858118638
3.83135376478
3.77731287705
3.61269996376
3.31381012381
2.87747021592
2.32765308722
1.71432389055
1.10307240761
0.55828969606
0.126140171589
-0.175660744824
-0.357309539197
-0.446969561331
-0.477180380475
-0.474160984077
-0.45369441429
-0.423074322581
-0.385164290176
-0.339076122115
-0.276163161597
-0.185602642701
-0.0932651559731
1.16247260161
14.9501840655
0.961679740431
6.74352707179
2.67597022795
4.3751815586
3.48720026154
3.87463768646
3.75111020065
3.82013276407
3.80216258208
3.79594950788
3.77096229608
3.74056506945
3.70465708293
3.66679725746
3.62891446303
3.59269934963
3.55918326893
3.52898143693
3.50220909844
3.47855016902
3.45766263584
3.43946595785
3.42248658326
3.40915086826
3.39880630911
3.38986057961
3.38320608272
3.38338381317
3.38823260858
3.39290224388
3.39282201714
3.3923848748
3.39297953835
3.39442382464
3.39647371078
3.39927314685
3.40273700084
3.40654877818
3.41072575037
3.41497899321
3.41936565039
3.42395965732
3.42921367725
3.43585116328
3.44502824014
3.45789107841
3.47580832485
3.50009200489
3.53236658609
3.57451465052
3.62843989891
3.69498060848
3.77199992813
3.85189566106
3.91916328463
3.94936127996
3.91084104642
3.77026221442
3.50157093456
3.09616211575
2.57046337
1.96688690931
1.34617475798
0.772676275775
0.297739955543
-0.0522374228109
-0.278465301824
-0.40295800783
-0.456527091303
-0.467531352439
-0.455584172796
-0.430963670676
-0.397800474151
-0.357793513007
-0.310320728515
-0.247705726589
-0.159094086632
-0.0682412832468
1.32683941414
14.8819590024
1.11794002671
6.75294055573
2.73673628301
4.43029517728
3.53777230989
3.93479258603
3.80418049373
3.87522682751
3.85240919755
3.84337153646
3.81371763757
3.77876823058
3.73794271145
3.69523619422
3.65264632083
3.61200541215
3.57441887096
3.54055588287
3.51050438993
3.48392466558
3.46052020335
3.43988175101
3.42092562632
3.40677172123
3.39345159924
3.38152114418
3.37833560133
3.38375562286
3.39095198308
3.39861488146
3.40339812868
3.40760195836
3.41266143289
3.41890456713
3.42646218838
3.43517958762
3.44483107191
3.45509242467
3.46586424411
3.47683521305
3.48811000514
3.4998481843
3.51265940381
3.52744165618
3.54544293709
3.56791361368
3.59625099617
3.63182696278
3.6762085186
3.73088021271
3.79655503428
3.87159804009
3.94980108264
4.01802595074
4.05474507914
4.03091585377
3.91426618942
3.67709197376
3.30592447114
2.80973760964
2.22286030779
1.60000014868
1.00392301322
0.489743197454
0.0917936909801
-0.181900247522
-0.346036278645
-0.428070360255
-0.457048745404
-0.455809526883
-0.438286732037
-0.410873837578
-0.37574723604
-0.333948487945
-0.285069580155
-0.222047688271
-0.133767319843
-0.0425392774552
1.46729014093
14.7857839318
1.28920620667
6.73774633952
2.80857596
4.46551876108
3.58616027257
3.98194866741
3.84901816059
3.91992369387
3.89337333424
3.88156305806
3.84781440623
3.80882222846
3.76366756203
3.71671365921
3.67001930075
3.62554469048
3.58446658223
3.54749711739
3.51471253939
3.48579141019
3.4603972655
3.43789919737
3.4178129809
3.40208690903
3.38476238831
3.37538563526
3.3773804464
3.38395161392
3.39215564999
3.40238303045
3.41260388023
3.42130435169
3.43136896652
3.4430296105
3.45636981834
3.47113649853
3.48700021909
3.50363703931
3.52088975934
3.53848755955
3.55660943402
3.57554590805
3.59607947912
3.61926338329
3.64641866508
3.67884680249
3.71790459165
3.76485067977
3.82084258758
3.88635222838
3.96003678793
4.03683015348
4.10573575222
4.1481338658
4.13786039717
4.04430366081
3.83892501084
3.50416113447
3.04196778365
2.478355263
1.86101669156
1.24956965941
0.70124420326
0.257170368851
-0.065551026531
-0.273428000372
-0.389054315014
-0.440651429883
-0.45327584987
-0.444342454487
-0.42335536641
-0.394077101994
-0.357468889744
-0.314134983619
-0.263723129087
-0.199418211597
-0.109615952039
-0.0158766612858
1.57316187847
14.6742300213
1.47777903555
6.699307859
2.89026015202
4.48073018002
3.63187165559
4.01585926137
3.88563814274
3.95406894238
3.92507467341
3.91046440446
3.87324452875
3.83069809092
3.78180660625
3.73118954109
3.68097662903
3.63323647138
3.58921244896
3.54964705209
3.51463587136
3.48390876856
3.45709839827
3.43355274336
3.41295465692
3.39543307451
3.37764082371
3.37147099122
3.3757734655
3.38222968931
3.39247083705
3.40623273355
3.42108500301
3.43388047698
3.44928597095
3.46654804218
3.48573297238
3.50649421568
3.52848453282
3.55137852719
3.57499514566
3.59915526321
3.62413635629
3.65039377193
3.67887705735
3.71075821946
3.74738388538
3.79001279813
3.83981108929
3.8976297648
3.96372672436
4.03685956976
4.11282250347
4.18245923953
4.22988074505
4.23193227272
4.16015697598
3.98600351242
3.68874792095
3.26401412483
2.7295928286
2.12543355886
1.50655481449
0.930529223159
0.443827561718
0.0720398965515
-0.182647591126
-0.336639494623
-0.415787505922
-0.446194199443
-0.448221071363
-0.434618189331
-0.411622486748
-0.381240816865
-0.343653496662
-0.299107116913
-0.247058298715
-0.180431654211
-0.0867858462165
0.0122184751103
1.64019278851
14.5777177286
1.66965466959
6.63226901059
2.97909461563
4.47613438187
3.67423581285
4.03653598162
3.91397850303
3.97764117347
3.94755443174
3.93007853129
3.89002693534
3.8443795438
3.79232195535
3.73858786623
3.68540252511
3.63491763195
3.58843484817
3.54671548344
3.50990773861
3.47780018971
3.45012208016
3.42630842815
3.40588211051
3.38833485581
3.3732558587
3.36820862955
3.37237584312
3.37952978578
3.3937405274
3.41122871181
3.42845342135
3.44575056683
3.46646947181
3.48914082537
3.51402414142
3.54061948593
3.56858648576
3.59759618058
3.62747905781
3.6581799843
3.69009683649
3.72386184942
3.76056039588
3.80142277956
3.84773271336
3.90055329823
3.9606167996
4.02796733699
4.10140147439
4.17729544319
4.24799096693
4.30004048172
4.31325679252
4.26170049023
4.11757024017
3.85798467709
3.47313842793
2.97299328458
2.38934283888
1.77134540159
1.17514741159
0.650868861526
0.231610242069
-0.0716644661482
-0.268118822769
-0.379722462113
-0.432283546631
-0.448354889651
-0.443787351141
-0.427618738152
-0.403754380113
-0.373012673307
-0.335048934715
-0.289819605211
-0.236296768913
-0.16627429322
-0.0656905024228
0.0425039147371
1.67916060887
14.5127880118
1.83489922641
6.54378154954
3.07046237287
4.45442517907
3.71218305511
4.04446587922
3.93386351993
3.9907700459
3.9608215772
3.94043382881
3.89815917406
3.84983254577
3.79514862114
3.73880865779
3.68316113579
3.63041447995
3.58192090342
3.53846367109
3.50030079617
3.46734014283
3.43933254901
3.41584578368
3.3964964283
3.38098734376
3.36949955068
3.36480116469
3.36877654397
3.37805378257
3.39517901931
3.4151444326
3.43479560007
3.45692221643
3.48251625722
3.51034813303
3.54070383323
3.5729236185
3.6066910644
3.64167698396
3.67776319016
3.71503641249
3.75402580611
3.79552397629
3.84069277537
3.89072738093
3.94670845463
4.00928318727
4.07842622128
4.15292074342
4.22956123161
4.30183255541
4.3583738632
4.38177924524
4.34881581195
4.23308397529
4.01054219774
3.66699909892
3.20525020886
2.64883837429
2.04007514694
1.43200657519
0.876583500568
0.413096270111
0.0609436741165
-0.181099972418
-0.329749334384
-0.409072094864
-0.442808458789
-0.449535573089
-0.441208454075
-0.424071859626
-0.400411203508
-0.370199296791
-0.332703728507
-0.287756115755
-0.23365627185
-0.159526264782
-0.0476019429842
0.0761342460016
1.71418124613
14.4436828011
1.97286206336
6.45427695003
3.15096125719
4.42308020646
3.74198119139
4.04168140239
3.9445968913
3.99393555485
3.96479100066
3.94165282067
3.8976885267
3.84715662377
3.79039016271
3.73196827534
3.67436986357
3.61983741255
3.56977368312
3.52501003477
3.48588509197
3.45243053232
3.42443783807
3.40161200672
3.383751867
3.37078519842
3.36264610804
3.35977984101
3.36571944038
3.37872884156
3.39699394651
3.41719626576
3.44006912388
3.46671654266
3.49680323638
3.52962108049
3.56521324024
3.60285401172
3.64225720381
3.68311226795
3.72538841658
3.76931882244
3.81555682795
3.86500761615
3.91881888494
3.97801628746
4.04328267745
4.1145713765
4.19073361479
4.26885333048
4.34329682225
4.40439766765
4.43724393042
4.4213259947
4.33213338595
4.14539194142
3.84363453488
3.42337270468
2.90012307453
2.30867478461
1.69749126744
1.11850191096
0.615607134025
0.21588616913
-0.0736511680998
-0.26332889145
-0.374019965949
-0.429441708949
-0.450257551169
-0.45124555056
-0.44121745624
-0.424418756107
-0.402059829265
-0.373459422311
-0.337489344551
-0.294178131216
-0.241611138427
-0.164210538054
-0.0351789526897
0.115223088752
1.75102707429
14.3546954382
2.09880286747
6.3587682204
3.22033198174
4.38438696955
3.76142802214
4.02993124887
3.94538131684
3.98762778593
3.95938627243
3.9339006826
3.88868615115
3.83646770371
3.77816407228
3.71821303955
3.65919656396
3.60337820692
3.55220494003
3.50655195625
3.46682251939
3.43311256498
3.40529834087
3.38318073154
3.36659792885
3.35548841273
3.35013537153
3.35142384179
3.36060527151
3.37542531333
3.39428956632
3.41672417569
3.44340783196
3.47423598349
3.50870903804
3.54638217399
3.58700923062
3.62991021326
3.67482471234
3.72149475973
3.77000061187
3.82071159908
3.87437457937
3.93192714327
3.9943778891
4.0624059027
4.13605671229
4.21428342033
4.29446082522
4.37162307098
4.43746761687
4.479214965
4.47895465928
4.41436561127
4.26173506137
4.00142838613
3.62471136538
3.13959135436
2.57299703922
1.96758398493
1.37347680479
0.837430484835
0.393087633053
0.0555680963457
-0.17824146978
-0.32466308195
-0.406046703407
-0.44424491148
-0.456546924193
-0.454415232499
-0.444250618868
-0.428952464687
-0.409129397745
-0.383633419938
-0.350778068889
-0.311098719907
-0.264309374378
-0.189141756968
-0.0376369968105
0.1615117965
1.78973905415
14.2427717128
2.21800254975
6.25617629316
3.27851385471
4.33924476443
3.7700419843
4.00975693438
3.93628391367
3.97221682533
3.94485903507
3.91750233136
3.87144426272
3.81804828389
3.75872425072
3.69776811348
3.63783695267
3.58120580632
3.52936000243
3.48321413741
3.44322075646
3.40953495806
3.38210825177
3.36080454331
3.34545807703
3.33600366201
3.33299896048
3.33751523931
3.34899840142
3.36578441788
3.38724473548
3.41322720628
3.44388165093
3.47883823541
3.51771933491
3.56012100435
3.60563316237
3.65368029042
3.70403075808
3.75651467411
3.81132795269
3.86894763353
3.93015525737
3.99580807511
4.06661682323
4.14270250511
4.22321317495
4.30580922203
4.38610548497
4.45687767951
4.50713474788
4.52132217978
4.47943510072
4.35893895346
4.1390666589
3.80696520689
3.36389586455
2.82892761431
2.23799262084
1.63778209014
1.07607335584
0.591654549645
0.207216972254
-0.0726957774972
-0.258695115171
-0.370386829749
-0.42969291169
-0.45582602815
-0.462842798652
-0.459484276101
-0.450373541201
-0.437563019608
-0.421492584898
-0.400879069153
-0.373209950299
-0.339066658463
-0.302787625563
-0.242446868613
-0.0722029872834
0.214007904699
1.82966245703
14.1082376511
2.33174070489
6.14651113861
3.32596328778
4.28772803129
3.76817753508
3.98130161233
3.91763120191
3.94798011818
3.92152378335
3.89276482808
3.84627058565
3.79220003286
3.73236231707
3.67091227787
3.61055728664
3.55357526319
3.50148350912
3.45523178798
3.41531651505
3.38194553103
3.35514266678
3.33482569011
3.3208496513
3.31319623623
3.31242296503
3.31930028328
3.33286725536
3.35223291091
3.37685813999
3.40654824282
3.44113741364
3.48022351782
3.52347547711
3.57046764713
3.62075053496
3.67386151558
3.72961290797
3.78794309001
3.84914616138
3.91375634434
3.98250065513
4.05601328508
4.13452143804
4.21736118478
4.30253625031
4.38618051303
4.46197772234
4.52040411381
4.54798047727
4.5269828489
4.43648687969
4.25549401532
3.968174716
3.56999606596
3.07248480309
2.50427484414
1.90722616036
1.32832481474
0.80986866092
0.381198053608
0.0545562818526
-0.174077164308
-0.320258467642
-0.404732896705
-0.447790563156
-0.465754212215
-0.469822300241
-0.466608853768
-0.459478355919
-0.449984703662
-0.438758489668
-0.425009901488
-0.405658455671
-0.379947931771
-0.358613495759
-0.335872857009
-0.18897845483
0.216000984059
1.87042672187
13.9515965909
2.44031350863
6.03019844994
3.3630364441
4.22998499086
3.75622228777
3.94476641057
3.88978069445
3.91522958919
3.88973364672
3.86003311831
3.81351145253
3.75925832116
3.69940095885
3.63795252465
3.57764919466
3.52076427125
3.46884172585
3.42286459198
3.38337183044
3.35062248704
3.32470324514
3.30558274746
3.29315949047
3.28748634741
3.28905858966
3.29826286008
3.31395318097
3.33593114215
3.36364874814
3.39684353371
3.43519224312
3.47828358119
3.52576487831
3.57719380933
3.63214339804
3.69025124748
3.75138880112
3.81559820362
3.88323174172
3.95480564883
4.03087473099
4.11168455978
4.19678116556
4.28450058381
4.37150528092
4.45226241456
4.51848554099
4.55847307753
4.55665159359
4.4939496862
4.34987499647
4.10670685915
3.75519040306
3.29990495655
2.76195912435
2.17727409701
1.59034173891
1.04520739348
0.576609897717
0.204123748784
-0.0691416961749
-0.253548982233
-0.367379425071
-0.43097410601
-0.462346061202
-0.475007333406
-0.477752592953
-0.47558851578
-0.471018811828
-0.465291947435
-0.459352439587
-0.453549815418
-0.445594019719
-0.432445899542
-0.425649541838
-0.448885765038
-0.410431969199
-0.0110554540114
1.91183454857
13.7732556299
2.5438192017
5.90760016191
3.39011412303
4.16617690678
3.73459223582
3.90038971429
3.85310595505
3.87429472419
3.84985514541
3.81966527373
3.77352661898
3.7195745779
3.66018205306
3.59921901593
3.53943105037
3.48307975196
3.43173069176
3.38639887674
3.34766427927
3.31582963503
3.29102855245
3.27327149348
3.26250607112
3.25885168607
3.26277439235
3.27439137136
3.29243762554
3.31696753354
3.34765921506
3.38413865919
3.42603923304
3.47293902314
3.52445990645
3.58016563621
3.63967632288
3.7027157543
3.76921803636
3.83929954327
3.9133091562
3.99164612877
4.07455343223
4.16171235547
4.25179943218
4.34197749523
4.42745052368
4.50098879816
4.55242157654
4.56812729542
4.53098798969
4.42156830919
4.22123731709
3.91713555049
3.50771245857
3.0066582362
2.4431759026
1.85775304415
1.2943902473
0.791720046227
0.37588937981
0.0572920128028
-0.168342665497
-0.315589914615
-0.403691013845
-0.451580729532
-0.474755241228
-0.48417623415
-0.486678613041
-0.486072986611
-0.484285726585
-0.482332260286
-0.481249429448
-0.482480307103
-0.486104821709
-0.488425932907
-0.489785068929
-0.519250776071
-0.646995094601
-0.931841755749
1.95376374619
13.5734979654
2.64228243273
5.77908554677
3.40752337706
4.09651845112
3.70369098391
3.84844732149
3.8079905751
3.82552610289
3.80226978071
3.77203644169
3.72669157089
3.67351545624
3.61506202227
3.55505578145
3.49623397924
3.44083951887
3.39045450132
3.34612527236
3.30847333836
3.2778398821
3.25438857985
3.23815802286
3.22914801612
3.2275356635
3.23371137881
3.24750080944
3.26802349334
3.29520297191
3.32876827878
3.36836033687
3.4136124709
3.46411129494
3.51947559744
3.57929887286
3.64325804644
3.71114953381
3.78295653567
3.85881877959
3.93900081869
4.02366701221
4.11259808956
4.20474250043
4.2977528211
4.38751349385
4.46774825243
4.52960380138
4.56120842341
4.54737917946
4.47012446418
4.31073728331
4.05385699452
3.69277506799
3.23417149797
2.70009581171
2.12577951953
1.55345086418
1.02396448158
0.568936434806
0.205800191697
-0.0630395757863
-0.247346691754
-0.364057856576
-0.432082430479
-0.468383980805
-0.48596450186
-0.493561025544
-0.496410141821
-0.497365869731
-0.497844431083
-0.498451445972
-0.499629340842
-0.50253333728
-0.50853842793
-0.514337777174
-0.507553991796
-0.491539124504
-0.566955028938
-0.904181242498
1.99611640894
13.352523521
2.73567047194
5.64502280138
3.41556105873
4.0212440671
3.66392198964
3.78923343322
3.75482663113
3.76928707725
3.74736862284
3.71753175317
3.67339097114
3.62145672555
3.56440617054
3.50581536281
3.44839668749
3.39436691713
3.34531851313
3.30232710956
3.2660565272
3.2368851187
3.21499621045
3.20044247055
3.1932740633
3.19373535065
3.20213969374
3.21802620407
3.24092938502
3.27063804922
3.30692531
3.34944470475
3.39784363523
3.4517324513
3.51074749554
3.57452746778
3.64280608566
3.71543397791
3.79241202979
3.87383550672
3.95978853993
4.05007259381
4.14385936746
4.23922286778
4.33269363943
4.41885665998
4.49002565415
4.53587388814
4.54307173609
4.49530496793
4.37447605464
4.16375710312
3.85234721421
3.44057402497
2.94323748427
2.38936474673
1.81783379576
1.26997750564
0.781499617588
0.376241340923
0.0635049964085
-0.16077640105
-0.310062507866
-0.40216474848
-0.454796364492
-0.482706090321
-0.4965698387
-0.503216444084
-0.506540934516
-0.508531214191
-0.510012337188
-0.510958957358
-0.510745349468
-0.509208234108
-0.507804798124
-0.504985501893
-0.4823800358
-0.417059954417
-0.396452206523
-0.669911213626
2.03879786663
13.1104516706
2.82388823066
5.50579582442
3.41449250498
3.94060499512
3.61568412641
3.72305578784
3.69401092842
3.70595078039
3.685549703
3.65654377111
3.61401574074
3.56377958646
3.50858407639
3.45185325205
3.39625924088
3.34398493382
3.29662577758
3.25528241644
3.22066047294
3.19317792197
3.17303800756
3.16030218024
3.15506040325
3.15761599527
3.16820863855
3.18611295136
3.2112264573
3.24329099672
3.28210844238
3.32734737223
3.37867964704
3.43574740763
3.49821809268
3.56578053791
3.63821557401
3.71540055823
3.79730667499
3.88390452457
3.97499311914
4.06988439387
4.16701412146
4.26348611297
4.35468336026
4.43395548715
4.49234618426
4.51824271519
4.49712697011
4.41204114392
4.24563216608
3.98410594287
3.62229350801
3.16796092297
2.64331085293
2.08251198372
1.52565254731
1.01094620671
0.56765987315
0.2118331962
-0.0543074112178
-0.239689521504
-0.359899055805
-0.43251399438
-0.473538850733
-0.495481030638
-0.506925110686
-0.513071958661
-0.516662392299
-0.518866465685
-0.519877084038
-0.51904806941
-0.514872526866
-0.506123903917
-0.494518216704
-0.481748302009
-0.450959262431
-0.368799047475
-0.311615819798
-0.545540417327
2.08170967874
12.8473330648
2.90677130887
5.361802083
3.40456048937
3.85486100552
3.55937335659
3.65023023944
3.62594249321
3.63589615973
3.61721466227
3.58946875507
3.54895931739
3.50086679806
3.44796561108
3.3935237813
3.34015892094
3.29001223705
3.24467386568
3.20526199536
3.17251868626
3.14690190649
3.12864241978
3.11782029848
3.11456125518
3.11920357439
3.13189938998
3.15173439175
3.17888291229
3.21313518687
3.25428278377
3.30202883412
3.35607547037
3.41610415789
3.48182078386
3.55296017522
3.62933141435
3.71080098708
3.797250602
3.88843915722
3.98377579176
4.08197061682
4.18063213833
4.27585913317
4.36193940981
4.431121389
4.47335097005
4.47591383821
4.42338154775
4.2987030428
4.08619039826
3.7761773005
3.36988940558
2.88241332104
2.34211929594
1.78623298773
1.25379312598
0.778219388847
0.381750657616
0.0731644378074
-0.151077951401
-0.303230343437
-0.399729605784
-0.457158352302
-0.489566270674
-0.507326053456
-0.517183358001
-0.522951758654
-0.526374011119
-0.527880606863
-0.527111954057
-0.52304201468
-0.51386646164
-0.498175699387
-0.478627679043
-0.460572552246
-0.431806877085
-0.358535696263
-0.304583223998
-0.491742326732
2.12473412385
12.5631533235
2.98407659631
5.21345165242
3.38599035306
3.76427756033
3.4953833427
3.57107849024
3.55102089482
3.55950564845
3.54276647465
3.51670417624
3.47861497694
3.43309974915
3.38291774319
3.3311767387
3.28042677618
3.23276029947
3.18975463875
3.15253717564
3.12187630545
3.0982625421
3.08195744671
3.07307708195
3.07179380505
3.0784504933
3.09306244552
3.11479689291
3.14385981733
3.18013647283
3.22341601299
3.27345299264
3.32998487936
3.39273900944
3.46146086619
3.53591945176
3.61592487446
3.70128638464
3.79172902997
3.88671284308
3.98516226361
4.08510025952
4.1832655684
4.27478582746
4.35297668182
4.4091588643
4.43234092861
4.40885904354
4.32266725765
4.15725192761
3.89955955915
3.54500704489
3.10159085781
2.59109092429
2.04642762715
1.5057603949
1.00517209115
0.572215618242
0.222112680088
-0.0426981363635
-0.230135951219
-0.354431305367
-0.431903948393
-0.477668712588
-0.503761795655
-0.518598826705
-0.527330168014
-0.532589544178
-0.535270978328
-0.535193564539
-0.531627784248
-0.52351852954
-0.509389579861
-0.488400137913
-0.464315655183
-0.445152498049
-0.423228179023
-0.367863398928
-0.324822134412
-0.441089185635
2.16773291481
12.2578473493
3.05547374452
5.06116400562
3.35899632642
3.66912334253
3.42410755033
3.4859268812
3.46964564122
3.47716357248
3.46260782312
3.43864675124
3.40337374843
3.36085621429
3.31380222432
3.26515491743
3.21738470849
3.17252888836
3.132146368
3.09736768616
3.06897811941
3.04749012166
3.03319325162
3.0262523828
3.02689983413
3.03545906187
3.05176746653
3.07531622734
3.10618135703
3.14429714707
3.18949644338
3.24158697313
3.30035017149
3.36556025347
3.43699675192
3.51444349094
3.59767712526
3.68639753134
3.78010436403
3.87787923847
3.97808698214
4.07801619877
4.17355070361
4.25894868849
4.32672650569
4.36744874797
4.36929427773
4.31776209173
4.19652518657
3.99033714893
3.6897548463
3.29600858188
2.82380587488
2.30054357579
1.76185790861
1.244869117
0.781263406466
0.392236108841
0.086472233394
-0.138794617942
-0.294540465157
-0.395862015374
-0.458277799765
-0.495186716452
-0.516672763232
-0.529399910929
-0.537144960349
-0.541544574851
-0.542798472193
-0.540283297693
-0.533123447097
-0.520548782695
-0.501814249951
-0.476808231568
-0.449289007966
-0.427291509576
-0.408102950276
-0.372040904635
-0.34334779624
-0.380686176227
2.21052646825
11.9313066988
3.1205351887
4.90536404151
3.32378820622
3.56966990925
3.34594220169
3.3951070002
3.38221670664
3.38925578795
3.37714043199
3.35569141119
3.32362315194
3.28450895751
3.24097418687
3.19579300593
3.1513448542
3.10960561396
3.07211146574
3.03999304598
3.01404652619
2.99479725144
2.98255780098
2.97754881881
2.98007500327
2.99043890144
3.00830153847
3.03346285273
3.06591725244
3.10564275874
3.15251181931
3.20638320924
3.26708451343
3.33443123988
3.40822443075
3.48823680174
3.57417222557
3.66556757773
3.7616334393
3.86100884869
3.96145310201
4.05951916567
4.15031089374
4.22737537484
4.28262004841
4.3059771014
4.28482408796
4.20391541638
4.04706768225
3.80113492286
3.46120007667
3.03472741866
2.54262921548
2.01649823851
1.49280967483
1.00597136997
0.582343165187
0.236780043348
-0.0277668669884
-0.218070425295
-0.346989357532
-0.429627805918
-0.480260772277
-0.510485636792
-0.528565328638
-0.539620572872
-0.54625249637
-0.549262961884
-0.548299617951
-0.542426917746
-0.530694487191
-0.512539752606
-0.487629709829
-0.455693151288
-0.418304076919
-0.381679203797
-0.354965496457
-0.344326874582
-0.337770326385
-0.298070430201
2.25289406497
11.5834003527
3.17872874563
4.74647806369
3.28057900202
3.46619293575
3.26129031995
3.29895774327
3.28913623009
3.29617038051
3.28676534248
3.26823107564
3.23974670832
3.20442500835
3.16478137775
3.12341701653
3.08260968434
3.04426697195
3.0098979672
2.98063264314
2.95727762832
2.94036812602
2.93023473679
2.9271497007
2.9314871331
2.94353024588
2.96277703712
2.98931238614
3.02310715211
3.06417324003
3.11242234843
3.16776066054
3.23005751487
3.29915878586
3.37486879449
3.45691927898
3.54490078766
3.63813733278
3.73549830795
3.83513860975
3.93420179899
4.02855389046
4.11264965753
4.17951933341
4.22062813214
4.22531036476
4.18008828763
4.0690916425
3.87683899749
3.59319778331
3.21854426904
2.76662110027
2.26362773601
1.74372354624
1.24246587045
0.79027466736
0.407751611377
0.103828749671
-0.123292478515
-0.283239283331
-0.389774104876
-0.457385608789
-0.498853156094
-0.523993055886
-0.539404457205
-0.54884649072
-0.553886721004
-0.554571504521
-0.549998453284
-0.538797700369
-0.519602828244
-0.491446096011
-0.4537144759
-0.405798701971
-0.348815595862
-0.293383015178
-0.267989191345
-0.292876296048
-0.309396320399
-0.219199652261
2.29454591056
11.2139878086
3.2294090388
4.58492875182
3.22959387809
3.35897574516
3.1705672549
3.19782921913
3.19081155997
3.19829960674
3.19188416224
3.17665730829
3.15212416619
3.12096559696
3.08556390198
3.04834420458
3.01147284084
2.97678124413
2.94574473582
2.91949016235
2.898836418
2.88433320684
2.87633214066
2.87514965828
2.88121084405
2.89476814529
2.91521980923
2.94287280492
2.97774250805
3.01985001478
3.06915327519
3.1255985154
3.18908980675
3.25948904175
3.33658269691
3.4200310864
3.50927395859
3.60338160292
3.70084766222
3.79932938068
3.89538408303
3.98428878333
4.06002517182
4.11530697754
4.14125534717
4.1265238257
4.0566696793
3.91541121427
3.68869016598
3.37032085098
2.96649462584
2.49686810924
1.9916790781
1.48596697137
1.012867212
0.597977903231
0.256149284416
-0.00891294430417
-0.202712719717
-0.336699516679
-0.424768246487
-0.480370908642
-0.51467596391
-0.535793922584
-0.548802984329
-0.55621966574
-0.55862149204
-0.555241908644
-0.544459467514
-0.524209877075
-0.492485140328
-0.448098338822
-0.391567709433
-0.325963903062
-0.259669007666
-0.213739651742
-0.218927647105
-0.26738396006
-0.283953326389
-0.162258516034
2.3351231297
10.8229497187
3.27181351145
4.4211306431
3.17108046152
3.24831523765
3.07420780947
3.09208845143
3.08765972312
3.09604302095
3.09290132105
3.08136177314
3.06113243824
3.03448659206
3.00365419331
2.97088255292
2.9382188161
2.90741064533
2.87989089711
2.85677645974
2.83889583784
2.826817218
2.82092271085
2.82157404362
2.82922166096
2.84405751716
2.86557884381
2.89412312091
2.92978760859
2.97261031306
3.02260043301
3.07973783029
3.14395316206
3.21510893283
3.29295264153
3.37704553458
3.46664620476
3.56054417282
3.65684489311
3.7527259694
3.84422824996
3.92618206491
3.99229968628
4.0351482061
4.04549146756
4.0110960307
3.91644545862
3.74522386493
3.4856759355
3.13642458085
2.70966547912
2.23020814492
1.73086445265
1.24595626904
0.805037057291
0.428483693191
0.125751658337
-0.103822014426
-0.26843508778
-0.380486693534
-0.453427629874
-0.499408995348
-0.527955770022
-0.545553749641
-0.555848277887
-0.560139546703
-0.557953768827
-0.547584483152
-0.526597537226
-0.492416060754
-0.443284508048
-0.379943041009
-0.307734723171
-0.237922117251
-0.187281209675
-0.174150992246
-0.202938787121
-0.245438451048
-0.253913484987
-0.115367474843
2.37416135241
10.4102108011
3.30505836593
4.25548508426
3.10532097627
3.13453094547
2.97267560709
2.98212730673
2.98011351727
2.98981191531
2.99022728358
2.98273850257
2.96714718774
2.94533959276
2.9193774697
2.89133007964
2.86312011882
2.83640573296
2.81256905542
2.79270860104
2.77765669138
2.7680003223
2.76415938299
2.76654516515
2.77561352115
2.79147060492
2.81387151835
2.8430684619
2.8792106301
2.92238085336
2.97263457821
3.02998246743
3.0943719027
3.16565133991
3.2435102545
3.32738889377
3.41634517396
3.50887839639
3.6027186261
3.6946142296
3.78019725682
3.85402901957
3.9097606643
3.93991072766
3.93472773916
3.88078454984
3.76146454053
3.56101524869
3.27097417492
2.8954500899
2.45244262173
1.97081650394
1.48441405929
1.02545493323
0.61913878103
0.280609418573
0.0145320304467
-0.183208570662
-0.322588106108
-0.416253142689
-0.476799706434
-0.514923500832
-0.538510239457
-0.552476181593
-0.559062389489
-0.558331119204
-0.548731169289
-0.527719681662
-0.492529907385
-0.441269510636
-0.374598472156
-0.297989617551
-0.223477942348
-0.168152664932
-0.146718191101
-0.159643054146
-0.187846578064
-0.210680805707
-0.214614860072
-0.0728765485198
2.41109054243
9.97578632852
3.32814283616
4.0883770968
3.03264646058
3.01797754713
2.8664749194
2.8683726865
2.86862930982
2.88003499175
2.88428269798
2.88118681436
2.87054498898
2.8538736099
2.83305319675
2.80997584036
2.78643684935
2.76400129458
2.74399368365
2.72748541673
2.71530583203
2.70806043255
2.7062123155
2.71022377361
2.7205489859
2.73721361053
2.76020612103
2.78972861696
2.82597501431
2.86906505946
2.91909341905
2.97609574642
3.04002570906
3.11070484402
3.18774975685
3.27046643137
3.35770659152
3.44769032835
3.53781148981
3.62447065043
3.70303155082
3.76798744976
3.81311302169
3.83086222618
3.81064887359
3.73749985201
3.59384734441
3.36534282424
3.04782253193
2.65126205552
2.19886391758
1.72221472004
1.25470178454
0.82535938303
0.454649378335
0.152783470617
-0.0796118923974
-0.249208967817
-0.366975463196
-0.445263908889
-0.495534138755
-0.52693917638
-0.545735183891
-0.555294298219
-0.556465567678
-0.548120589483
-0.527847454609
-0.492859831343
-0.441234229516
-0.373538896742
-0.294711931033
-0.215517157772
-0.151829265115
-0.119025117184
-0.120882308325
-0.141811861786
-0.16113444098
-0.17204044397
-0.167689832642
-0.0327737920509
2.4451923904
9.51982322255
3.3399567963
3.92017347131
2.95345337197
2.89906147349
2.75616557213
2.75129941173
2.75369672335
2.76716536818
2.77550336904
2.77711478621
2.77170576078
2.76043694984
2.74499680813
2.72710175925
2.70841848619
2.69041778632
2.67436210006
2.66128761432
2.65201116182
2.64715082441
2.64721292934
2.65271377206
2.66410839377
2.68135326753
2.70461406427
2.73409010448
2.77001164039
2.81253236178
2.86177887003
2.91780466451
2.98056034344
3.04983094209
3.12515208324
3.20569355642
3.29011199831
3.37638111447
3.46162344096
3.54200064762
3.61277476104
3.6685804973
3.70344457828
3.70958688089
3.67511347359
3.58319252292
3.41571696551
3.16079814268
2.81946418848
2.4075560417
1.95251870815
1.48721925905
1.04328332722
0.645825228724
0.310534845153
0.0432177095266
-0.158729006088
-0.303715647019
-0.403057261693
-0.468409884983
-0.509910307451
-0.535120527631
-0.548678906599
-0.552448650725
-0.545982862532
-0.52723870688
-0.493569199808
-0.443043815482
-0.376059879662
-0.296963412268
-0.215033761233
-0.14385225804
-0.0978841741501
-0.0853904216201
-0.0996401828532
-0.118539501316
-0.124955117555
-0.126850067765
-0.113277052345
0.00590202918422
2.47560439217
9.04267211016
3.33930170876
3.75122445771
2.86822227087
2.7782615982
2.64238113968
2.63144594804
2.63585039277
2.65168888191
2.66434603947
2.67094310876
2.67101537122
2.66537907278
2.65552147688
2.64298469161
2.62930591923
2.61586165435
2.60385106473
2.59427181294
2.58792183269
2.58542212826
2.58731015064
2.59414507224
2.60638083272
2.62391639673
2.64708590928
2.67610118464
2.71121876953
2.75262335225
2.80046682131
2.85481422045
2.91560648107
2.9825878433
3.05521389658
3.13252988709
3.21302650379
3.294485622
3.37384646811
3.44716319075
3.50978115656
3.55667795037
3.58216854624
3.57788494917
3.53003635636
3.41976635176
3.22916420308
2.94998724079
2.58909460207
2.1677696066
1.71646988334
1.26792804785
0.850970162018
0.486409593622
0.185415849495
-0.0499496453034
-0.224722185221
-0.348339297104
-0.431954971268
-0.486239789308
-0.519888019928
-0.538850095024
-0.546180294655
-0.542339983439
-0.525862084441
-0.49437107975
-0.445955197227
-0.380772124919
-0.302540644683
-0.219286609783
-0.14259392836
-0.0850646252188
-0.0563351345389
-0.0574302623344
-0.075103496985
-0.089401514599
-0.0887578141713
-0.079933168228
-0.055479713435
0.0430661623436
2.50127220517
8.54495238095
3.3249164863
3.5818674111
2.77753851961
2.65615489099
2.52585157321
2.50943390981
2.51568427986
2.53413392899
2.55129488507
2.56310920805
2.56886809426
2.56905207554
2.56493948826
2.55789907325
2.54933670461
2.5405327211
2.5326204893
2.52655699076
2.52311944742
2.52292712876
2.5265346572
2.53452532697
2.5473490144
2.56488649237
2.58757211517
2.61568086205
2.64947206708
2.68916332639
2.73492404786
2.78682775414
2.84480354562
2.90855813537
2.97747912521
3.05051372608
3.12603407546
3.20170466062
3.27438852238
3.34018048299
3.39470553296
3.43345867849
3.45094851852
3.43766499426
3.3772851257
3.24902503084
3.03624234366
2.73551829172
2.3598035683
1.935000045
1.4932023735
1.06574293098
0.677929902911
0.346217820708
0.0777149245344
-0.128542793206
-0.279289063004
-0.384398312273
-0.454477304383
-0.499012313007
-0.525187639581
-0.537356309552
-0.537084812423
-0.523683294596
-0.495186120706
-0.449746392347
-0.387274672546
-0.310916993122
-0.227735486185
-0.147958000826
-0.0826812756952
-0.0409158103153
-0.0269205068363
-0.0365554356287
-0.0528324407484
-0.0562779960994
-0.0493582829495
-0.0315673544259
0.00177981944952
0.0778421864909
2.52095157938
8.02764978465
3.29552103542
3.41243777789
2.68211746172
2.53344908094
2.40743184036
2.38599222065
2.39386901513
2.4150828473
2.43686869075
2.45407146373
2.46566881591
2.47181127849
2.47356173627
2.47211653382
2.46874811781
2.4646372673
2.46084612161
2.45828494513
2.45770586988
2.45972401077
2.46490323076
2.47382789741
2.48692598759
2.50418763211
2.52602051477
2.55274878421
2.58465525813
2.62198776891
2.66493235495
2.71357130801
2.7678261361
2.82737815528
2.89157090767
2.9592949963
3.02886827636
3.09792904865
3.16338543004
3.22153279499
3.26847717471
3.30035777676
3.31161235103
3.29083913059
3.21860157661
3.07265499082
2.83898232473
2.51998550697
2.13451092486
1.71193340987
1.2846009563
0.881423399748
0.523803169183
0.2240441249
-0.0142203890342
-0.19426905801
-0.323892882586
-0.412932865538
-0.471167338954
-0.506772407675
-0.525402712727
-0.529881193035
-0.520486914648
-0.495812097988
-0.454129387952
-0.39507232252
-0.321200950752
-0.238811699535
-0.157319767488
-0.0870235471165
-0.0361313230587
-0.00864954614555
-0.00371886866756
-0.0151554741283
-0.0279139058073
-0.0262302829528
-0.0114909356144
0.0145728157351
0.0541714389118
0.108708142832
2.53315942647
7.49221953706
3.2498831301
3.24329666476
2.58284005013
2.41102557401
2.2881381146
2.26198661564
2.27117242785
2.29518488805
2.3216285843
2.34431362757
2.36183530039
2.37401578817
2.38169625226
2.38590138604
2.38776810433
2.38837397624
2.38870395591
2.38961422269
2.39182487791
2.39594160927
2.40253043253
2.41216130816
2.42523210781
2.44186601748
2.46242207204
2.48725616244
2.51667689698
2.55095868836
2.59030631425
2.6348149411
2.68440954832
2.73876708087
2.79722260845
2.85866522741
2.92143720568
2.9832544157
3.04120051421
3.09193942831
3.13226074076
3.15900281032
3.16606195698
3.13923065085
3.05555489462
2.89224108908
2.63941562289
2.30594149877
1.91589826782
1.500790786
1.09195797733
0.715165330413
0.387826796004
0.11849836747
-0.0920213291522
-0.248669002725
-0.359758323286
-0.434737259375
-0.482362920073
-0.509436733163
-0.520113639688
-0.515826454052
-0.49589887934
-0.458816339517
-0.403943486901
-0.333220064743
-0.25218089864
-0.169665713512
-0.0958301526046
-0.0387683133443
-0.00163567513275
0.0162340877596
0.0146598178425
-0.000649102921768
-0.00176442092976
0.00470938729924
0.0251526449699
0.0558446298162
0.0981941911764
0.133953918259
2.53624580977
6.94078519834
3.18695159575
3.07489079093
2.48080060619
2.28999004269
2.16918895704
2.13845304232
2.14848291266
2.175170692
2.20618641489
2.2343494055
2.25780075507
2.27602994743
2.28964910413
2.29951090196
2.30661381784
2.31192758684
2.31635345588
2.32068607245
2.3256057662
2.33169968348
2.33952317445
2.34962054839
2.36236431061
2.37797231896
2.39678295537
2.41917223623
2.44546927609
2.47597256809
2.5109089299
2.55039500503
2.59437690657
2.64255694849
2.6943079053
2.74858412801
2.80384196154
2.85798658198
2.90841251831
2.95232762674
2.98740703761
3.01114383543
3.01618665387
2.98450263322
2.88953011401
2.7093065761
2.43959173311
2.09585447559
1.7063424375
1.30329669521
0.916009441027
0.566696699686
0.268954579759
0.0281134092702
-0.157228577364
-0.293092259867
-0.387886998821
-0.450406010466
-0.488266800156
-0.506886522025
-0.509005406744
-0.49489674993
-0.463402812866
-0.413641142006
-0.346878894689
-0.267815579984
-0.184579102066
-0.107164463369
-0.0444894683093
-0.000782975134244
0.0255622987514
0.0349187281959
0.0223790733837
0.0173950990742
0.0228989569299
0.0325070774222
0.0569130586106
0.089391835715
0.131652302828
0.152285640322
2.52851299946
6.37640953797
3.10605045408
2.90782987722
2.37734821699
2.17171793552
2.05204592547
2.01663419891
2.02683671433
2.05586960071
2.09121455735
2.1247276221
2.15401651986
2.17822475266
2.19772514936
2.21319594014
2.22549270674
2.23547093517
2.24393991812
2.2516238297
2.25915381817
2.26708662083
2.27595221745
2.28625906384
2.2983632055
2.31253829622
2.3291179568
2.34849030788
2.37100370282
2.3969807213
2.42667644788
2.46024237757
2.49766970973
2.53872358508
2.58286936019
2.62920197057
2.67638828006
2.72263764083
2.76579287389
2.80379169491
2.83539725636
2.85858222935
2.86378698754
2.8281131369
2.72175050439
2.5253648354
2.24157945166
1.89205219282
1.5078579694
1.12067305481
0.756995138975
0.435382008371
0.165967979299
-0.0485696352486
-0.211247908048
-0.328693871325
-0.409086343363
-0.460385852739
-0.489014701254
-0.49904509881
-0.491943273604
-0.467146149621
-0.423600129663
-0.361803910359
-0.285484070333
-0.201999133666
-0.121053514437
-0.0521116930656
-0.00141186386871
0.0303323874465
0.0464841159176
0.0471016196027
0.0369999693326
0.0386686196543
0.0438924827743
0.0572658557142
0.0828509008011
0.114210900098
0.153906818963
0.163935769225
2.50841672118
5.80335931097
3.00705602032
2.74292667249
2.27409167866
2.05788512331
1.93845479403
1.89802367467
1.90745338476
1.93823244134
1.97745868903
2.01603883904
2.05095587489
2.08098054072
2.10623044312
2.12720342614
2.14460547664
2.15916919761
2.17160157364
2.1825452938
2.19257077116
2.20219056975
2.21189279158
2.22214110839
2.2332834613
2.24561561262
2.25947253295
2.27524923411
2.29331356978
2.31401505977
2.33764674921
2.36441292941
2.39437913247
2.42741672235
2.46314430086
2.50087738912
2.53959165275
2.57791401492
2.61427428159
2.64754480821
2.677783831
2.70310404233
2.71051626929
2.6713007133
2.55332866182
2.34196832588
2.04744610842
1.69665861437
1.3220559785
0.953659294102
0.614737122533
0.320327362113
0.0775719421954
-0.11293842467
-0.255326622533
-0.35644506778
-0.424004894152
-0.465026243731
-0.48473279057
-0.485932787314
-0.469011045781
-0.432978289563
-0.377541661832
-0.305241014146
-0.222478051152
-0.138709965929
-0.0639853373078
-0.00590038733863
0.0325491738136
0.0530876699459
0.0596895307241
0.0538829308511
0.0507529952836
0.0530361892513
0.0615336086203
0.0770729996865
0.101683489409
0.130403988118
0.166372555063
0.171089969036
2.47433553401
5.22700430403
2.89040386745
2.58118076272
2.17289643728
1.95051381414
1.83050633832
1.78442741266
1.79178414829
1.82336218503
1.86575474441
1.90892421971
1.94911940328
1.98469121375
2.01547617946
2.04178025291
2.06415003286
2.08318400066
2.09947396556
2.11356746369
2.12596001348
2.13710471294
2.14743304196
2.15735389569
2.16721244801
2.17729510698
2.18794284129
2.19955372059
2.21251658902
2.22721315804
2.24398715613
2.26311708474
2.28477569745
2.30898728619
2.33558664124
2.36418991351
2.3941762172
2.42469740785
2.45491207023
2.48486578425
2.51613103311
2.5464227999
2.55784382372
2.51509980532
2.38533617231
2.16074083928
1.85921434216
1.51153188312
1.15012454422
0.80255639611
0.488728803759
0.22047904755
0.00247239921509
-0.166267256617
-0.290546603108
-0.377153119111
-0.433168921635
-0.464623562326
-0.475580650671
-0.467697365032
-0.440514566123
-0.393102870089
-0.326605161937
-0.246074636296
-0.160403215229
-0.0801971102475
-0.0145760690936
0.0316053748463
0.0587181418934
0.0710760702479
0.0716331649188
0.0617915430403
0.0610747681226
0.0663288068448
0.0764478846839
0.0919261872673
0.114554466552
0.139908284441
0.171691034844
0.175050166426
2.42397389623
4.65348919517
2.75712768377
2.42391942809
2.07601479562
1.85209054837
1.7307248463
1.6780366382
1.68156911319
1.71255165853
1.75705116964
1.8040882645
1.84904387926
1.8897722328
1.92578682999
1.95718148352
1.98432942149
2.00768124745
2.02769886542
2.04481878201
2.05944441539
2.07195102888
2.08269661342
2.09202677799
2.10028214591
2.1077225929
2.11469466802
2.12159659861
2.12884022857
2.13684664859
2.14602483539
2.15675082934
2.16933883722
2.1840131269
2.20088599723
2.21994934416
2.24107057171
2.2640228055
2.28884219706
2.31704366848
2.35195975427
2.3901393596
2.4070445253
2.36038505126
2.21887993916
1.98338395853
1.67880322254
1.33821367849
0.992834640157
0.667291167572
0.378228411078
0.134711225846
-0.06056403724
-0.209691529397
-0.317827556588
-0.391483755242
-0.437014204175
-0.459453542879
-0.461774995542
-0.444617297285
-0.406951284714
-0.348456690364
-0.272350410273
-0.186416737043
-0.101495694166
-0.02824076529
0.0261428455755
0.0599314908594
0.0769557694401
0.0823091250544
0.0814011151251
0.0754276178876
0.0743746083485
0.0792041543929
0.0889656296349
0.103529801778
0.123338052237
0.145070436776
0.172614298867
0.176112003443
2.35484915825
4.09061764917
2.60980728082
2.27343771285
1.9863969254
1.7656986935
1.64211788524
1.58147192981
1.57888930246
1.6073276692
1.65243981114
1.70231891302
1.75131730715
1.79667457529
1.8375146675
1.87368547084
1.90536622903
1.93284223596
1.95642884968
1.97643434718
1.99315095007
2.00685465428
2.01781350441
2.02630846547
2.03266647126
2.03710536658
2.03997798201
2.04167865626
2.04264565492
2.0433475029
2.04427384843
2.04592172012
2.04878003773
2.0533173062
2.05997919206
2.06919845174
2.08139874916
2.0970528589
2.11723525963
2.14531884634
2.18669687044
2.2357205698
2.25921029146
2.20793678586
2.05516731771
1.81165138033
1.50796077802
1.17789550229
0.850568752313
0.547492187095
0.282347306352
0.0618970980021
-0.112669747007
-0.244197393817
-0.337938587425
-0.399984806931
-0.435913020394
-0.449793666614
-0.443599268335
-0.417089583684
-0.368972121247
-0.300143349077
-0.216456590172
-0.128380746008
-0.0479201322126
0.0153160980942
0.0569138521371
0.0789145939144
0.0870716719244
0.0890848520267
0.0886180513338
0.0860834388245
0.0852698410112
0.0896794946807
0.0989095799151
0.111966131277
0.128672930588
0.147269595508
0.170881788248
0.175212397809
2.26912224517
3.55215526885
2.45509665211
2.13378886618
1.90769256597
1.69487834089
1.56806218457
1.49775267646
1.48620606415
1.50950771317
1.55320384037
1.60452169731
1.65660481116
1.70590795474
1.75106360067
1.79162021687
1.82753297915
1.85889918843
1.88586812793
1.90860144877
1.92726141154
1.94200400525
1.95298822667
1.96042878202
1.96463800812
1.96577509394
1.96418521259
1.96026394112
1.95447863243
1.94735460729
1.93947689287
1.93148531124
1.92407306594
1.91799119296
1.91406561029
1.91322053138
1.91647916121
1.92506321644
1.94125929331
1.9708286964
2.02164103221
2.08451216124
2.115288725
2.05852912946
1.89555356038
1.64730183003
1.3482066277
1.03141353423
0.723375472643
0.442576165047
0.200133653858
0.000968123900256
-0.15484632419
-0.270615895522
-0.351506826999
-0.403100520546
-0.430186853997
-0.435928291938
-0.421395769192
-0.385605719825
-0.327347523217
-0.249403781564
-0.16071049458
-0.074095494223
-0.00171265113052
0.0491129895415
0.0775621982188
0.0892857225819
0.0927169197323
0.0939902839372
0.0946512290029
0.0941399740222
0.094416207495
0.098625818703
0.106668420501
0.11777315461
0.131642339107
0.147761935225
0.167867795749
0.173249793553
2.18083829027
3.06238221873
2.30534335834
2.01014687309
1.84319326435
1.64301997727
1.51201902342
1.43019648963
1.40639190863
1.42127780569
1.46089273846
1.51177653369
1.56569130837
1.61807671541
1.66692246762
1.71139581038
1.75118504158
1.78617035618
1.81631143039
1.84160164474
1.86205288013
1.87768262784
1.88852826265
1.89473529227
1.89658768797
1.89418355396
1.88784690165
1.87797537458
1.86506737686
1.84971319995
1.83260559916
1.81454475515
1.79645101786
1.77938729738
1.76459536915
1.75352441957
1.74780817525
1.74941996766
1.76203638436
1.79453836929
1.85792284237
1.93776927032
1.97612179115
1.91301016758
1.74154086387
1.49202113383
1.20077715187
0.899256795444
0.611028254883
0.351822316491
0.130632402571
-0.0490531150469
-0.187957476658
-0.289633467574
-0.359036692396
-0.401192353539
-0.420123495453
-0.418158126079
-0.395564798712
-0.35074018029
-0.282952119782
-0.197595442392
-0.106938935118
-0.0255058628328
0.0356219830059
0.0726788502243
0.0894389886052
0.0947440829373
0.0967728236568
0.0987470738401
0.100398542086
0.101053081564
0.101973338695
0.105553048631
0.112209425747
0.121535963824
0.133113363528
0.14734987961
0.164419416278
0.170867636421
2.11062951323
2.64595993501
2.17333096476
1.90653479732
1.7944101108
1.61267783515
1.47722001292
1.38225278105
1.34273251654
1.34528904064
1.37743405918
1.42542862652
1.47955018585
1.53393618505
1.58571600734
1.63355205216
1.67680482794
1.71510164559
1.74818814322
1.77586915577
1.79798664812
1.8143981652
1.82499773736
1.82984756237
1.82918772575
1.82306948738
1.8117880694
1.79574023474
1.77545574146
1.75159484651
1.72496603041
1.69654049604
1.66747906554
1.63917488621
1.61331005023
1.59187655998
1.57709244152
1.5716136708
1.58065696016
1.61721469767
1.69650989406
1.79676428635
1.8425362204
1.77241735993
1.59477865829
1.34737735541
1.06662715454
0.781629351558
0.513120920109
0.274466001682
0.072955947192
-0.0890087301557
-0.212704452471
-0.301777204594
-0.360896525782
-0.394521126468
-0.405951418809
-0.396765368503
-0.366520667154
-0.313097901157
-0.236707961279
-0.146122585132
-0.056907891001
0.0157478344908
0.0632525622531
0.0870297017943
0.0951469947982
0.0981585362691
0.100497446557
0.103757460479
0.106670628316
0.108562560482
0.108838880133
0.110928129526
0.116164233483
0.124014381328
0.133809203308
0.146532896386
0.160895378161
0.168520348161
2.05510270424
2.2937188611
2.06078239581
1.82630552568
1.76143532974
1.60506867842
1.46622165684
1.35717620923
1.29885107442
1.28477427108
1.3053061446
1.34723780004
1.39945372186
1.45447831209
1.50828063445
1.55883125909
1.60507145585
1.64632508596
1.68208942299
1.71195110213
1.73555837606
1.75259815722
1.76283042886
1.76624736021
1.76302063521
1.75313648102
1.73684864536
1.71454809976
1.68679337791
1.65431511494
1.6180390354
1.57910833633
1.53892506972
1.49921845417
1.46212712707
1.43019556245
1.40616406509
1.39320155585
1.39812951981
1.43932965058
1.53811170683
1.66282450207
1.71533935741
1.63796598105
1.45693293973
1.21469337138
0.946373655657
0.678452046128
0.429091552979
0.209712010107
0.0262743457463
-0.11963689632
-0.229670901034
-0.30746538211
-0.357368810074
-0.383294265517
-0.387883421338
-0.372055393992
-0.334732416879
-0.27335767402
-0.189638620804
-0.0964996004052
-0.0123531405056
0.048488409739
0.0815729430772
0.0941777084908
0.098085852319
0.10056801397
0.103720585401
0.108150871844
0.112937954641
0.118768459611
0.11636993049
0.115588389839
0.119164564049
0.125702519734
0.134056060461
0.145456093274
0.157397660722
0.166180344978
1.97660381652
1.96849239263
1.95780404508
1.77445061137
1.743567105
1.61888903857
1.4800413007
1.35748761621
1.27852307214
1.24369291249
1.24781810604
1.27964100623
1.32716694388
1.38107013901
1.43577499071
1.48827959396
1.53696800155
1.58079970268
1.61900166637
1.65093221712
1.67602730323
1.6937579112
1.7036806062
1.70567130009
1.69985828165
1.68620235073
1.6649140411
1.63636964515
1.601148076
1.56004396471
1.51409314121
1.4645996076
1.41319165294
1.36192672295
1.31341474325
1.27077139408
1.237175559
1.21601213527
1.21559742201
1.26123822047
1.38331863324
1.53765387924
1.59559777192
1.51127836563
1.32979038671
1.09518082204
0.840478604918
0.589571321586
0.358418032327
0.156900081421
-0.0100507843707
-0.141457644455
-0.23921627642
-0.306895820101
-0.348525138834
-0.367521241411
-0.365954352035
-0.344181602023
-0.300548951989
-0.232103051101
-0.142707443505
-0.0501063945399
0.0254025284238
0.0722630200789
0.0921551722035
0.0977166599342
0.0999790847259
0.102551213642
0.106126339468
0.110633732969
0.115828608565
0.121507352151
0.118898228302
0.117954600907
0.120934633135
0.126497373142
0.133730785215
0.144001874227
0.153897286305
0.163780633929
1.8623713792
1.78222514573
1.85616028685
1.74559426448
1.73662320418
1.64905105093
1.51726183653
1.3842312038
1.28517108277
1.22671600029
1.20943167703
1.22615202865
1.26527980932
1.31569683462
1.36986641405
1.42340146901
1.47389065937
1.51979700285
1.55999390558
1.59355223542
1.61968197512
1.63770282498
1.64710758344
1.64774412911
1.63959390165
1.62246781313
1.59649485344
1.56202062828
1.51963045036
1.47016919693
1.41476642398
1.35486163734
1.29227333729
1.22935965486
1.16921979849
1.11559453875
1.07202818138
1.0416867295
1.03400645006
1.0828887528
1.23212443651
1.42294022444
1.48420333128
1.39384051451
1.21470738642
0.989488400653
0.748908668437
0.514467964485
0.300348613946
0.115230240474
-0.0367430611421
-0.155053473772
-0.241754317666
-0.300324071394
-0.33450205533
-0.347294750503
-0.340312597184
-0.313467088641
-0.264541497899
-0.190163811609
-0.0970829221249
-0.00843559214341
0.0552850061664
0.0877394231512
0.0972978771587
0.0998938241411
0.10161526801
0.104267591488
0.107716760539
0.111685550016
0.115817519533
0.119113836948
0.119722247745
0.119943292703
0.121868149963
0.126303125938
0.132746068634
0.142135509803
0.150399491654
0.161265470877
1.7971836522
1.689244092
1.7568342675
1.72400223325
1.73555893172
1.68806210818
1.5733613275
1.43564442911
1.32039806608
1.23837772874
1.19563955396
1.19163206007
1.21755716681
1.2612513301
1.31295637305
1.36637913778
1.41799195558
1.46565141819
1.50789953991
1.54355686528
1.57154292796
1.59077292452
1.60028617904
1.5997046348
1.58912325569
1.56846770118
1.5378161587
1.49745716802
1.44795154983
1.39016512153
1.32529057682
1.25485989832
1.18081782122
1.1057653403
1.0333168447
0.967974428122
0.913662579148
0.872783575439
0.855157972632
0.904902093424
1.08497137533
1.32177229935
1.38326179343
1.28828603137
1.11373556532
0.898843063694
0.672175169531
0.453221721993
0.254746056338
0.0845286308383
-0.0539159881467
-0.160402643613
-0.237097728986
-0.287381503086
-0.314774156679
-0.321981008139
-0.310334273509
-0.279436032842
-0.226533831537
-0.147645531948
-0.0533302051743
0.0278520356359
0.0774264343615
0.0962245082841
0.100221875739
0.101641212967
0.103262738738
0.105505791932
0.108276881898
0.111627827692
0.115719552069
0.120077227678
0.125511008267
0.123975372504
0.122932525278
0.125823131963
0.131483517046
0.139929148567
0.146827141562
0.158479423129
1.77643651339
1.61158509688
1.63639095607
1.70223913012
1.73935395287
1.7278254858
1.63995510122
1.50551612982
1.38167679111
1.2811089586
1.21196473637
1.18203635992
1.18900389062
1.22165073663
1.26827112614
1.32004460318
1.37167885847
1.41992873525
1.46265912304
1.49827882839
1.52559888489
1.54376924613
1.55230156041
1.55097838939
1.53928172672
1.51653062407
1.48258441465
1.43764203406
1.38221316357
1.31715574993
1.24369564128
1.16341120742
1.07828258622
0.991038729521
0.905805835761
0.828083958475
0.762382140328
0.709778965358
0.679349771693
0.726648084362
0.939923091268
1.23512282443
1.29263487329
1.19476904075
1.02654277514
0.822217707689
0.608906949677
0.4042548408
0.220062240431
0.063334824279
-0.0628530181392
-0.158604299696
-0.226131102795
-0.268762664391
-0.289856699498
-0.292014100678
-0.276492923044
-0.24291875927
-0.187882411674
-0.106406068265
-0.0131392847996
0.0572151728359
0.0909953177666
0.10009700616
0.103204100759
0.104722463126
0.105712501194
0.106519085061
0.107869266405
0.110361592053
0.114152730911
0.119185568204
0.125195925829
0.125249925806
0.123033052097
0.124671094202
0.129370345313
0.136871205887
0.142816157921
0.155160530138
1.72396635673
1.56773288267
1.59226211206
1.66740658649
1.74172814437
1.76005246601
1.70604644895
1.58394418254
1.46218752876
1.3548796387
1.26441034938
1.20552525246
1.18697112789
1.20250326941
1.24021638704
1.28862821299
1.34021765768
1.39056055582
1.43712384611
1.47799374231
1.51117050865
1.53426276628
1.54497621584
1.54253613169
1.52769549976
1.50081373267
1.46180967894
1.41072916846
1.34794382923
1.27421950677
1.19073833727
1.0990371949
1.00097682115
0.899178698531
0.798171694593
0.704831719242
0.62495137033
0.558136838183
0.511258234832
0.551706676369
0.799716122493
1.1711805845
1.21866631662
1.11988921374
0.958098119361
0.763681203198
0.562160285087
0.370166815963
0.198464126287
0.0536724421053
-0.0616427153552
-0.147676491957
-0.206756699955
-0.242089225571
-0.257056761381
-0.254227043172
-0.235327644054
-0.200302168077
-0.145623405073
-0.0637728364862
0.0251298840709
0.0817568939383
0.0993189227759
0.0997534902395
0.104427104363
0.108830970055
0.109422252882
0.10761963852
0.10629321884
0.107074311959
0.109814423168
0.113919326049
0.118774968415
0.123233161934
0.122476935294
0.122857326409
0.12603387472
0.132649777752
0.138078593383
0.151141475898
1.68896084175
1.58223115854
1.56781049034
1.60706536182
1.72690128552
1.77929448161
1.76158506318
1.66030891503
1.5531817985
1.45980873779
1.36440748664
1.27986768626
1.2293269998
1.21808705017
1.23880429272
1.27814833702
1.32461707196
1.37005280122
1.40961732321
1.44086362831
1.46324511628
1.47744977403
1.48460122182
1.48448023764
1.47420057617
1.45106400194
1.41419076779
1.3634322004
1.299022284
1.2216267267
1.13238800652
1.03282618194
0.924633753982
0.810059039562
0.693703605944
0.584104077946
0.489556823918
0.408947837658
0.345508392066
0.376377618214
0.653735576321
1.1202181275
1.15138947703
1.05329354651
0.899307354962
0.713823232829
0.523621543058
0.34297191251
0.182883416358
0.048917143924
-0.056251194528
-0.13323880566
-0.184125351522
-0.2122872858
-0.220890007813
-0.213069305925
-0.190963229328
-0.156676920995
-0.106169167851
-0.0292317344202
0.0566902256862
0.103613636887
0.104482819495
0.099839515338
0.0996300903991
0.103966727189
0.10534484403
0.103123640006
0.100785959196
0.100958671294
0.10283714406
0.106384749949
0.111982659518
0.118285110976
0.121749573713
0.120875327582
0.121853744314
0.127395501893
0.132363897727
0.146248565847
1.6696647115
1.60345288852
1.56934305745
1.58020701559
1.67694365897
1.77178412142
1.79470437587
1.71796734363
1.63198656711
1.57959182051
1.51569706603
1.42879424355
1.35060233886
1.30375718675
1.29568640877
1.31925738814
1.36372942565
1.41970932281
1.48077922232
1.54143987489
1.59520262361
1.63396476253
1.65020726951
1.64333175255
1.61950215364
1.58206263256
1.53099216657
1.46575904371
1.38625426491
1.29283886658
1.18641315452
1.06827805966
0.939627882961
0.801527056128
0.657319332546
0.516613265609
0.392366381335
0.286908493461
0.201527361533
0.21920564019
0.525564234404
1.11936797922
1.12194243663
1.02745659301
0.876205506151
0.69703842278
0.51359857678
0.341485504227
0.189653796408
0.0643269473614
-0.032832355362
-0.101897248216
-0.14535583771
-0.165979227572
-0.16747491813
-0.152584926022
-0.125788865502
-0.0909447643773
-0.0494304657392
0.020210231665
0.0996462720287
0.134982647761
0.122894619561
0.113123061571
0.0996959934288
0.0878892581807
0.0791900066043
0.0737031647339
0.07231294437
0.0776023351511
0.0830501342011
0.0889863878002
0.0969098583814
0.105361749851
0.112743940799
0.115903622278
0.116787635536
0.121270005036
0.12561516312
0.14021037974
1.66089795483
1.62256138571
1.6137202394
1.56616213759
1.58554441123
1.7136058219
1.78491643348
1.72455927672
1.6357917201
1.62823373994
1.64000519691
1.60500320235
1.53843443979
1.47002682025
1.42467883278
1.40635784305
1.40478389053
1.40411718746
1.39367223581
1.37267772504
1.3496058523
1.33656057858
1.341829274
1.36096454799
1.37692451599
1.37768826545
1.35963686194
1.32215227381
1.26515858386
1.18890155263
1.09411912914
0.982079484896
0.853832890479
0.70941480631
0.550278423076
0.386433983524
0.237999383998
0.117970491638
0.0319334316447
0.0550085605652
0.354866633193
1.07680284802
1.05812763344
0.96508440939
0.826791012737
0.651063591368
0.48034308217
0.316424316915
0.176374863885
0.0598877903644
-0.0272337858042
-0.0882941000211
-0.122773449854
-0.135865204971
-0.127990878771
-0.106285531637
-0.0707039938853
-0.0393835977221
-0.00925981928577
0.0214469833701
0.110187480333
0.152828474401
0.156279239432
0.140201951689
0.11725652509
0.0910688976863
0.0688017404003
0.0531172028112
0.043901557319
0.0429518178693
0.0487930334084
0.058930718502
0.0741813124364
0.0889295396488
0.10124459338
0.109570170887
0.110989450379
0.114622369481
0.118648955582
0.133249022854
1.65643802101
1.63004125445
1.62849628376
1.58388106484
1.57031220589
1.61539202898
1.70928879467
1.66684914003
1.53678242992
1.52596472112
1.60687713673
1.66008576589
1.65785762682
1.61502694785
1.57674925786
1.58494799714
1.66475375978
1.81416879776
2.00800818556
2.20762946248
2.37391352784
2.47674190883
2.49896818339
2.45342475307
2.37773974414
2.2852898268
2.17902842628
2.05851982974
1.92323276288
1.77283834307
1.60750704675
1.42815271589
1.23562560715
1.02826426352
0.80122356494
0.553667243224
0.30081397103
0.0764446340375
-0.0589723629705
-0.0220142531999
0.318306048655
1.24048223037
1.15195321259
1.07532214233
0.910435649661
0.735631662451
0.554615586647
0.393255350961
0.250384380599
0.137343764794
0.0512216169142
-0.00478526192046
-0.0348142516329
-0.0387340284397
-0.0212950825935
0.0174439565612
0.0683693417342
0.119247169333
0.127704283243
0.109471125843
0.0899858521524
0.155574529949
0.170183396051
0.159452287794
0.140245475631
0.110708375057
0.0781133001193
0.0497955855363
0.0290156112396
0.0148694669047
0.01134816703
0.0162430404317
0.0295851800525
0.0477033470405
0.0659696288308
0.0809948473755
0.0954479131237
0.108900662169
0.113599223228
0.124721396275
1.65396878649
1.63560002226
1.63111587713
1.61512754839
1.5787646185
1.55745861809
1.58498349
1.58826579634
1.49707922221
1.53688706331
1.73019608315
1.93582065847
2.05799143272
2.0317261851
1.84542112765
1.52460041076
1.12665298597
0.719955266072
0.367814006163
0.115669846829
-0.0114821527477
-0.00224747905692
0.138748158018
0.344075608776
0.533299076051
0.695349095816
0.826130660458
0.924210202652
0.9883849975
1.01705661312
1.00831772739
0.961007923122
0.87449451571
0.743605280945
0.550543358993
0.271273024247
-0.0779759993785
-0.369993962591
-0.404456482091
-0.159587714574
0.00415687114589
1.04502939452
0.915748895316
0.877622462871
0.713747475852
0.566429765908
0.404530125136
0.269057696281
0.145633440351
0.0521717979137
-0.0188133952013
-0.0618140087424
-0.0798620190471
-0.0745162948662
-0.043354510975
0.00449943709156
0.0786767516643
0.134499189649
0.13701440495
-0.0654297359377
-0.0414921419997
0.00988436379158
0.0229835008655
0.0746848162041
0.105103954403
0.104121563005
0.0884260903346
0.0680457305459
0.0488238973858
0.0341993583696
0.0271614561452
0.0272598589721
0.0320139382634
0.0444184618417
0.0626131590666
0.0845573096839
0.104426759164
0.111974282979
0.10748731859
0.113130783724
1.65254429614
1.64098991191
1.63160426501
1.61570879786
1.59066934204
1.54802953365
1.49633943009
1.47794888828
1.48242102638
1.73194308637
2.31658059599
3.12625998656
4.09499068868
5.13598286817
6.16417756756
7.09056423092
7.84495420091
8.38406485236
8.69640453997
8.79801743907
8.72394746163
8.52061059533
8.25177496325
8.00707300792
7.76368409018
7.47680407161
7.13651249651
6.7440666709
6.30266697902
5.8151202012
5.28440377211
4.71584982648
4.11800193711
3.49444712857
2.82654011368
2.08087970714
1.29736788209
0.695091663084
0.459131095932
0.2353645032
0.744010859143
2.62666325294
1.4356067705
1.85200865898
1.19539094763
1.26410973739
0.863684044827
0.815290301099
0.567264491686
0.508833722743
0.367124598234
0.348168534748
0.282729774231
0.332110570289
0.316861670948
0.475550256662
0.479728199534
0.825142678728
0.612762266697
1.02090667458
0.484240317904
-0.130712755232
-0.204648831394
-0.104180217065
-0.0568982259235
-0.0527053767169
-0.0571634756307
-0.0615355214375
-0.0650989551173
-0.0675127642003
-0.0660495636174
-0.0589312698632
-0.0461198495406
-0.0261053698771
0.000385953591821
0.0292527533967
0.0531375083739
0.0713931600917
0.0888059233565
0.110454134818
1.65305540306
1.64683374748
1.6395967018
1.62759491931
1.60882717895
1.57784936544
1.51420150004
1.38088012469
1.08276710721
0.770683213915
0.565729805803
0.339349950206
0.158227097717
0.0430885003678
0.032507489078
0.138360306737
0.358925084658
0.675083298312
1.05733964462
1.47027706466
1.87657141731
2.23577154542
2.50109879241
2.63699780964
2.70373969652
2.74391468961
2.7696100504
2.7820170122
2.77920989518
2.75765156776
2.71281820401
2.6414758807
2.54317942819
2.41089528963
2.20642165934
1.85755453059
1.34640448452
0.827189737586
0.454348030424
0.0376961131139
-0.120232926476
1.70081736824
-0.37711821344
0.917446711386
-0.120864294353
0.469104867873
-0.0323016355386
0.226218666289
-0.0267167177376
0.0965851490054
-0.0435338359658
0.0475505633213
-0.0556825826924
0.0800600620954
-0.0573399511255
0.232788212691
-0.061515902554
0.642847010328
-0.0357947847795
1.80260500447
1.43642525916
0.147126859374
0.118952389759
0.244058275611
0.225544488124
0.157562631973
0.105632815274
0.0740056542864
0.0519002286707
0.0358863243086
0.0264557279312
0.0239117248886
0.0274629693631
0.0364841815232
0.0503697185297
0.0686822444816
0.0912683634055
0.112891223812
0.129586084206
0.135065540337
)
;

boundaryField
{
    frontAndBack
    {
        type            empty;
    }
    upperWall
    {
        type            zeroGradient;
    }
    lowerWall
    {
        type            zeroGradient;
    }
    inlet
    {
        type            zeroGradient;
    }
    outlet
    {
        type            adjointOutletPressure;
        value           nonuniform List<scalar> 
20
(
-0.548412663773
-0.345380921891
-0.235754742647
-0.198917538075
-0.183833516585
-0.164555001527
-0.141757137427
-0.117769687993
-0.0932661754928
-0.068242173508
-0.0425400290665
-0.0158772750802
0.012217987511
0.0425035293263
0.0761339226933
0.11522275639
0.161511341177
0.214007150975
0.216000285578
-0.0110521612962
)
;
    }
}


// ************************************************************************* //
