/*--------------------------------*- C++ -*----------------------------------*\
| =========                 |                                                 |
| \\      /  F ield         | OpenFOAM: The Open Source CFD Toolbox           |
|  \\    /   O peration     | Version:  v1806                                 |
|   \\  /    A nd           | Web:      www.OpenFOAM.com                      |
|    \\/     M anipulation  |                                                 |
\*---------------------------------------------------------------------------*/
FoamFile
{
    version     2.0;
    format      ascii;
    class       volScalarField;
    location    "1000";
    object      p;
}
// * * * * * * * * * * * * * * * * * * * * * * * * * * * * * * * * * * * * * //

dimensions      [0 2 -2 0 0 0 0];


internalField   nonuniform List<scalar> 
6400
(
0.189559338034
0.189316574559
0.188934346932
0.188551552444
0.188401862438
0.188016384116
0.187136186352
0.185656068118
0.183620316247
0.181091543292
0.17815335192
0.174898930398
0.171422385732
0.167812516276
0.164148935619
0.160500133976
0.156922990138
0.153463263624
0.150156668976
0.147030227343
0.144103682555
0.141390847263
0.138900805265
0.136638938649
0.134607776047
0.132807674357
0.131237354534
0.129894315438
0.128775150691
0.127875791415
0.127191690059
0.126717952293
0.12644944995
0.126381026562
0.126507914296
0.126826198561
0.127332453078
0.128020615342
0.128882597351
0.129911883486
0.131102580656
0.132448278903
0.133942505203
0.135578848466
0.137351014291
0.139252840861
0.141278289169
0.143421410438
0.145676290385
0.148036969663
0.150497340829
0.153051024245
0.15569122782
0.158410598488
0.161201076018
0.164053762247
0.16695882018
0.169905417856
0.172881730505
0.175875011676
0.178871738965
0.181857833693
0.184818945918
0.187740787799
0.190609489513
0.193411942856
0.196136086142
0.198771073313
0.201307264392
0.203735962275
0.206048778764
0.208236409355
0.210286497415
0.212180740224
0.213892563406
0.215384956148
0.216599480346
0.217434269617
0.217784526695
0.217760962837
0.189601589282
0.189324562607
0.189060551008
0.188714814454
0.188303348233
0.18796563959
0.187070753152
0.185553683188
0.183469889161
0.180889573133
0.17790259873
0.174605911286
0.171095609595
0.167461127899
0.163781753741
0.160125039945
0.156546607022
0.153090855312
0.14979218956
0.146676460582
0.143762424386
0.14106309838
0.138586952825
0.136338915747
0.134321194157
0.132533928043
0.13097569984
0.129643923917
0.128535140982
0.1276452411
0.126969631105
0.126503333424
0.12624098614
0.12617687487
0.126305520249
0.126623070825
0.127127921533
0.127816336029
0.128681063275
0.12971435789
0.130908558377
0.132256779138
0.133752411608
0.135389028655
0.13716036018
0.139060284643
0.1410828139
0.143222061357
0.145472188976
0.14782732994
0.150281486879
0.152828406871
0.155461438271
0.158173376545
0.160956310292
0.1638014803
0.166699166986
0.169638621233
0.172608053415
0.175594691617
0.178584916004
0.181564469023
0.184518733956
0.187433065247
0.190293145854
0.193085338373
0.195796987042
0.198416615279
0.20093396541
0.203339820239
0.205625485469
0.207781781734
0.20979740113
0.211656642621
0.213336902773
0.214805641717
0.216014594786
0.216892859151
0.217360271723
0.217421160541
0.190088127544
0.189676901291
0.189211372152
0.188824464163
0.188238803898
0.187482447313
0.18628448379
0.18455982191
0.182322422242
0.179632567831
0.176575113586
0.173242562165
0.169726088666
0.166109779604
0.162467507711
0.158861699834
0.155343402614
0.151953144665
0.148722210574
0.145674056411
0.142825694679
0.140188952015
0.137771555715
0.13557803888
0.133610473532
0.131869050599
0.13035252906
0.129058577568
0.127984033293
0.127125102396
0.126477507288
0.126036525314
0.125796831684
0.125752497204
0.125898707076
0.126235276686
0.126758939833
0.127461714894
0.128337008314
0.129378227287
0.130578588803
0.131931422422
0.133430188774
0.135068492511
0.136840092109
0.138738904521
0.140758998024
0.14289456743
0.145139886734
0.147489235893
0.149936800057
0.152476542267
0.155102053439
0.157806387164
0.160581890216
0.16342004288
0.166311324977
0.169245124377
0.172209704064
0.175192241017
0.178178944917
0.181155258293
0.18410613094
0.187016353517
0.189870925004
0.192655422434
0.195356335436
0.197961308036
0.200459234735
0.202840194423
0.205095070767
0.207214747769
0.209188939305
0.211004525486
0.212643025467
0.214077225373
0.215268916953
0.216168842515
0.216706969371
0.216820071445
0.190785987123
0.190266360403
0.189581649996
0.188836039949
0.187884671089
0.186668639348
0.185077190358
0.183058394587
0.180615554455
0.177795854015
0.174671103571
0.171322188704
0.167829554707
0.164267416859
0.160700821211
0.157184606501
0.153763572645
0.150473333531
0.147341489104
0.144388880372
0.141630788332
0.139078005682
0.136737753703
0.13461444243
0.132710285827
0.131025789172
0.129560126935
0.128311431505
0.127277018967
0.126453572741
0.125837253801
0.125423629824
0.125207466887
0.125183192897
0.125347501154
0.125702044341
0.126242618598
0.126959511751
0.127846580825
0.128897219397
0.130104786515
0.131462698962
0.132964472003
0.134603749452
0.136374328833
0.138270179126
0.140285445794
0.142414437125
0.144651586401
0.146991385297
0.149428285693
0.151956569505
0.154570189615
0.157262588855
0.160026508476
0.162853801299
0.165735267228
0.168660529531
0.171617970978
0.174594746017
0.177576879173
0.180549454283
0.183496887657
0.186403272771
0.189252770734
0.192030012419
0.194720487597
0.197310864404
0.199789137962
0.202144721561
0.204368263528
0.206450996864
0.208383937206
0.210156741338
0.211755478293
0.21315951924
0.214340197732
0.215260763988
0.215851764343
0.216015968596
0.191445910705
0.190692557055
0.189712506186
0.188542691328
0.187143668787
0.185480647287
0.183494452573
0.181162910707
0.178497813988
0.175540774797
0.172351525808
0.168997237734
0.165544847161
0.162056231461
0.1585857542
0.155179426308
0.151875068675
0.148703017802
0.145687068935
0.142845470246
0.140191865187
0.137736133757
0.135485115084
0.133443211319
0.131612881521
0.129995036995
0.128589349722
0.127394490379
0.126408324864
0.125628081962
0.125050401473
0.124671100313
0.124485037982
0.124487721068
0.12467879329
0.125057436529
0.125617541067
0.126351303289
0.12725246487
0.128314554818
0.129531055585
0.130895458593
0.132401317845
0.134042297757
0.135812215793
0.137705076921
0.139715094727
0.14183669295
0.144064480845
0.146393196377
0.148817612671
0.151332405694
0.153931984817
0.156610292724
0.159360586331
0.162175215806
0.165045421899
0.167961171538
0.170911054544
0.173882263151
0.176860664708
0.179830979794
0.182777054717
0.18568222176
0.188529722842
0.191303148174
0.193986879337
0.196566538902
0.199029124577
0.201363277523
0.203559378146
0.205608912093
0.207503895782
0.209236240405
0.210795906245
0.212168085212
0.213331575551
0.214259164953
0.214881968293
0.215094374301
0.191679440343
0.190580268921
0.189300107729
0.18774348342
0.185934261568
0.183870723581
0.181534754949
0.178927433746
0.176069415125
0.172999379734
0.169767064679
0.166426664807
0.163031691399
0.159631637306
0.156270241638
0.152984887504
0.149806708245
0.14676107806
0.143868273474
0.14114417808
0.138600960829
0.136247693244
0.134090890934
0.132134975998
0.130382662793
0.128835271722
0.127492976525
0.12635499803
0.125419773396
0.124685105466
0.124148155077
0.123805094096
0.123651110888
0.123682945539
0.123902560441
0.124307092934
0.124888539189
0.125640680197
0.126557251756
0.127631897208
0.128858184596
0.130229655237
0.131739882533
0.13338253326
0.135151427021
0.137040589174
0.139044291233
0.141157071461
0.14337372756
0.145689273494
0.14809885375
0.150597610662
0.153180504508
0.155842092051
0.158576275357
0.161376040034
0.164233208221
0.167138226176
0.170080012318
0.173045901219
0.176021683649
0.1789917771
0.18193949856
0.184847442251
0.187697949584
0.190473595226
0.193157631474
0.195734709468
0.198190842448
0.200513829297
0.2026938077
0.204722397967
0.20659217523
0.208296553922
0.209828195322
0.211176315245
0.212324090103
0.213252686004
0.213894004372
0.214151300233
0.190920256363
0.189655311871
0.188185326198
0.186335329243
0.184209324969
0.181833475434
0.1792257259
0.176407442697
0.173407324661
0.170262339315
0.167014410636
0.163706982538
0.160382148999
0.157078747686
0.153831343191
0.150669862432
0.147619649622
0.144701760251
0.141933374276
0.139328254765
0.136897208053
0.134648519317
0.132588348217
0.130721076369
0.129049603233
0.12757558976
0.126299651874
0.125221514479
0.124340149924
0.12365389562
0.123160411254
0.12285633489
0.122737433593
0.122801406076
0.123051102702
0.123482770667
0.124087253821
0.124859043404
0.125792121499
0.12688028446
0.128117179167
0.129496373066
0.131011428897
0.132655982677
0.134423821678
0.136308957988
0.138305691296
0.14040865252
0.14261281841
0.144913486701
0.147306202496
0.149786628609
0.152350356388
0.154992661817
0.157708218971
0.160490790211
0.163332930159
0.166225721311
0.16915855807
0.172119060703
0.175093067123
0.178064805033
0.18101716459
0.183932088111
0.18679109264
0.189575868075
0.192268523472
0.194852927873
0.197314206249
0.199639205818
0.201817881872
0.203841842633
0.205703767976
0.207397876905
0.208918324538
0.210256693455
0.211397677706
0.212329866564
0.212984415567
0.213283953123
0.18919853842
0.187897996202
0.186344075415
0.184311902987
0.181979889842
0.179395480006
0.176606525842
0.173651451583
0.170566659471
0.167388810313
0.164154411469
0.160898876175
0.157655508901
0.154454783087
0.151323941383
0.148286855995
0.145364073258
0.142572980048
0.139928047244
0.137441117385
0.135121710805
0.132977329572
0.131013743222
0.129235245197
0.127644873131
0.126244589806
0.125035426853
0.1240176025
0.123190626929
0.122553368929
0.122103974929
0.121839636523
0.121756969126
0.121854552193
0.122135162076
0.122594484608
0.123222743682
0.124014938141
0.124965277902
0.126067688729
0.127315871111
0.12870339047
0.130223767548
0.13187057266
0.133637522406
0.135518575227
0.137508019254
0.139600542978
0.141791276828
0.144075792182
0.146450045326
0.148910256112
0.151452712183
0.154073502161
0.156768193389
0.159531464396
0.162356755071
0.165235959967
0.16815911196
0.171114297079
0.174087559589
0.177063097237
0.180023534226
0.182950319139
0.185824259723
0.188626477482
0.191337904052
0.193941970412
0.196423110198
0.198766998978
0.200963538907
0.20300404399
0.204880851241
0.20658846067
0.208121338527
0.209471984751
0.210624203069
0.211572168731
0.212243126752
0.21258483079
0.186724562969
0.18544023213
0.183865073571
0.181743607518
0.179305641497
0.176609249841
0.173725262032
0.170704919103
0.167591265449
0.164421594631
0.161229100124
0.158043719699
0.154892507112
0.151799810116
0.148787361475
0.145874346126
0.143077481558
0.140411131954
0.137887462431
0.135516627761
0.133306982226
0.131265294508
0.129396952867
0.127706149495
0.126196036618
0.124868850767
0.123726009859
0.122768198992
0.12199544593
0.121407115362
0.121001734994
0.120776950017
0.120730559332
0.120862662228
0.121174660243
0.121661432257
0.122313493897
0.123126275958
0.124094179709
0.125211217706
0.126471107711
0.127867379071
0.129393475347
0.131042862221
0.132809141696
0.134686169972
0.136668172447
0.138749845232
0.140926429121
0.14319373883
0.145548130589
0.147986396789
0.150505568774
0.153102624203
0.155774135722
0.158515832196
0.161322177479
0.164186076905
0.167098359555
0.170047791102
0.173020801565
0.176001754182
0.178973220954
0.181916430345
0.184811600877
0.187639904821
0.190380965816
0.193018276675
0.195535873598
0.197917826335
0.200154589061
0.202236849829
0.204156146951
0.205907134185
0.207483436265
0.208876620399
0.210067363767
0.211052061082
0.211750489219
0.212138795048
0.183673740659
0.182433923155
0.180878213925
0.178737107404
0.176272358971
0.17354350242
0.170637464648
0.167613711934
0.164520284672
0.161395398962
0.158270446595
0.155171933833
0.152122772215
0.149143075183
0.146250613152
0.143461065218
0.140788172935
0.138243865271
0.135838390167
0.133580462713
0.131477424718
0.129535404053
0.127759462213
0.126153721515
0.124721466217
0.123465215293
0.12238677522
0.121487295825
0.12076731873
0.120226688808
0.119864233864
0.119677929262
0.119667215316
0.119835461097
0.120179191971
0.120691503965
0.121366878953
0.122200186818
0.123185820942
0.124317791418
0.125589789622
0.126995278246
0.12852759404
0.130180063613
0.131946132194
0.133819503074
0.135794281202
0.137865108918
0.14002727778
0.142276795734
0.144610383638
0.147025395921
0.149519634493
0.152091016261
0.154737213846
0.15745513665
0.160240359391
0.163087030872
0.165986887966
0.168929618581
0.171902222429
0.174889464428
0.177874129571
0.180837687991
0.183759776054
0.186622550022
0.189403918762
0.192088117835
0.194659337898
0.197099332906
0.199401382543
0.201555273091
0.203550267425
0.205381328803
0.207040298023
0.208514983197
0.209780769102
0.21083114116
0.211576090229
0.212022212157
0.18019315072
0.179019112145
0.177513330792
0.175404264265
0.17297199014
0.170271791499
0.167401070389
0.164423477295
0.161390344713
0.158340662809
0.155304946979
0.152307707557
0.149369270974
0.146506954543
0.14373577417
0.141068854994
0.138517680819
0.136092271842
0.133801338047
0.13165242552
0.129652055798
0.127805851515
0.126118641507
0.12459454115
0.123237005805
0.122048857967
0.12103229996
0.120188939041
0.119519807349
0.119025211241
0.118704331982
0.118555568417
0.118579472992
0.118780684365
0.11915444587
0.119692669689
0.120391108962
0.12124472031
0.122247972507
0.123394891208
0.124679136455
0.126094092363
0.127632971281
0.129288935161
0.131055236187
0.132925376176
0.13489327954
0.136953466031
0.139101204442
0.141332628366
0.143644764037
0.146035484653
0.148503371541
0.151047296361
0.15366609348
0.156358004045
0.159119676543
0.161946801239
0.164832033071
0.16776626238
0.170737251717
0.173730457185
0.176729120807
0.179715545039
0.182668422324
0.185571952068
0.188401725889
0.19114426512
0.193785212541
0.196302526484
0.198697347135
0.200957512678
0.203065972169
0.205018227702
0.206803489814
0.208403897693
0.209790355628
0.210947582477
0.211773803929
0.212300071341
0.176420006049
0.175324748325
0.173889665872
0.171849367739
0.169491841845
0.166864811148
0.164071919918
0.161177847889
0.158235743192
0.155284995547
0.1523557094
0.149471291769
0.146650523514
0.143908930361
0.141259654117
0.138713994133
0.136281758476
0.13397151504
0.131790790423
0.129746235625
0.127843762273
0.126088647669
0.124485607331
0.123038835973
0.121752019352
0.120628321731
0.11967036348
0.118880213688
0.118259374993
0.11780860194
0.117527521514
0.117415093412
0.117472558182
0.117704657125
0.118106692943
0.118670093928
0.119390974158
0.1202644035
0.121284915732
0.122446552157
0.123742943077
0.12516739502
0.126712992644
0.128372721409
0.13013961606
0.132006936808
0.133968371317
0.136018247831
0.138151729133
0.140364994761
0.142655299497
0.145020946187
0.147461294736
0.149976147641
0.152565485646
0.155229124279
0.157964509062
0.160769297159
0.1636369328
0.166559831273
0.169526702254
0.172523902345
0.175535120843
0.178543879247
0.181527360164
0.184473303116
0.1873550116
0.190164587258
0.192891520865
0.195506382711
0.198020827156
0.200418253772
0.202674320848
0.204786258784
0.206741341224
0.208518758412
0.210085813303
0.211408661492
0.2123730098
0.213016376873
0.172476112979
0.171464910645
0.170112315728
0.168164751254
0.165910037899
0.163386582399
0.160701116408
0.157917006688
0.15508802508
0.152253488628
0.149443236623
0.14668004962
0.143981790652
0.14136284633
0.138835095368
0.136408552844
0.13409181693
0.131892397164
0.129816965795
0.12787154988
0.126061670466
0.124392432172
0.122868567737
0.121494443931
0.120274036131
0.119210881403
0.11830802754
0.117567995181
0.11699272024
0.116583356424
0.116339993139
0.116262221666
0.116351779813
0.116613093701
0.117041950874
0.11762939435
0.118371723564
0.119264095188
0.120301098072
0.1214767926
0.122784789882
0.124218332311
0.125770388079
0.127433769618
0.129201284827
0.131065925039
0.133021092772
0.135060865107
0.137180210487
0.139375268467
0.141643449031
0.143983325314
0.146395036236
0.14887926613
0.151436949814
0.154069949053
0.156775868079
0.159554944536
0.16240115234
0.165308629844
0.168267076118
0.171263448955
0.174281776542
0.177307126478
0.180315638674
0.183302180952
0.186240137022
0.189125285602
0.191953911397
0.194690207487
0.197337086766
0.199882822611
0.202315740009
0.204628314181
0.206806232209
0.208824382654
0.210642156257
0.212200988709
0.213374260847
0.214179281037
0.168461661184
0.16753464364
0.166269722656
0.164428827838
0.162293686752
0.159892814528
0.157333724158
0.154676803974
0.151975526636
0.149268644515
0.146585677686
0.143948970179
0.141375799917
0.138879808033
0.136472018167
0.134161557075
0.13195618267
0.129862681363
0.127887166881
0.126035295628
0.124312407221
0.122723598675
0.1212737428
0.119967462466
0.118809072282
0.117802502731
0.116951229079
0.116258211207
0.115725781678
0.115355399498
0.115147525792
0.115102522689
0.11522282916
0.115511903875
0.115966097046
0.116576191112
0.117338654892
0.118248717491
0.11930101631
0.120489638697
0.121808195331
0.123249889731
0.124807599407
0.126473983298
0.128241629807
0.130103251847
0.132051925736
0.134081439852
0.136186480423
0.13836305322
0.140608701134
0.142922001037
0.145303876261
0.147755885493
0.150279393706
0.152879181721
0.155551984127
0.158301277366
0.161121218936
0.164007173916
0.166949867401
0.169936097924
0.172951222647
0.175984912559
0.17901393859
0.182041083213
0.185050319333
0.188012236052
0.190926232188
0.193776399416
0.196559825594
0.199271071625
0.201904104549
0.204452629
0.206903214837
0.209228205982
0.211377563958
0.213263091511
0.214738957068
0.215751452234
0.164455669671
0.163609925898
0.162433463882
0.160705818633
0.15869851576
0.156430451292
0.154008291249
0.151488340546
0.148923093454
0.146350279522
0.143798941126
0.141290998536
0.138843285421
0.13646891651
0.134178326361
0.131980042226
0.129881274652
0.127888368486
0.126007136688
0.12424308949
0.122601570098
0.121087810652
0.119706924845
0.118463853631
0.11736327856
0.116409522152
0.115606465498
0.114957478697
0.114465241839
0.114131371755
0.113956502686
0.113942169294
0.114092779067
0.114408760883
0.114886227999
0.115517222958
0.116298135586
0.117224225283
0.118290158148
0.119490054418
0.120817546804
0.122265833228
0.123827737787
0.12549579942
0.127262408114
0.129120013405
0.131061320785
0.133079828825
0.135169861998
0.137327161662
0.139549511053
0.141835083057
0.144185576428
0.146603604948
0.149089972245
0.151653639788
0.154289221159
0.157003462946
0.159790559692
0.162645554083
0.165561230976
0.16852652634
0.171528718194
0.174568301409
0.177626113267
0.180679901309
0.183724800046
0.186744617349
0.189733647903
0.19268497192
0.195597708648
0.198472723643
0.201311357473
0.204113293095
0.206870482621
0.209558154831
0.212122377197
0.214453373774
0.216376863255
0.217654734529
0.160519224315
0.159750060725
0.158659926562
0.157046878815
0.155169547526
0.153038001499
0.150756943665
0.148377936675
0.145952028061
0.143515533987
0.141096826348
0.138717321659
0.136393439321
0.134137878899
0.131960658238
0.129869916951
0.127872548981
0.125974688217
0.124182061083
0.122500217166
0.120934652174
0.119490842235
0.118174211376
0.11699005261
0.115943419144
0.115039007629
0.114281070539
0.113673345903
0.113218813085
0.112919161413
0.112775088077
0.11278956166
0.112969957319
0.113312031578
0.113810073115
0.114459935182
0.115257326143
0.116197431749
0.117274917035
0.118483941794
0.119818186098
0.121270880847
0.122834841546
0.124502533806
0.126266173688
0.128118005039
0.130050289381
0.132056282745
0.134129897741
0.136266372081
0.13846406569
0.140720212495
0.143037202578
0.145419213513
0.1478650509
0.15038897883
0.152982401166
0.155653931906
0.158398820517
0.161212088673
0.16408936158
0.167030976719
0.170023096463
0.173046152221
0.176095119642
0.179153821609
0.182213000285
0.185262825757
0.18829906432
0.191320924779
0.194332809639
0.197342960276
0.200361910857
0.203399005601
0.206456463155
0.209519214637
0.212538784675
0.215397053935
0.217886136238
0.219595442959
0.156698707215
0.156000437393
0.154992598945
0.153491861755
0.151742342112
0.149746343523
0.147605860419
0.145367391976
0.143080242854
0.140779008471
0.138491208898
0.13623764293
0.134034292471
0.131893493387
0.129824960647
0.127836603309
0.125935178629
0.124126792481
0.122417253827
0.120812294209
0.119317670391
0.117939174269
0.116682576594
0.115553528065
0.114557435724
0.113699337263
0.112983810693
0.112414899476
0.11199583118
0.111728437729
0.11161365361
0.111655300774
0.111861331119
0.112227036812
0.112745058511
0.113412101189
0.114223938435
0.115175806311
0.116262418565
0.117478003626
0.118816318331
0.120270667394
0.121833902175
0.123498480276
0.125256444418
0.127099970916
0.129020735298
0.131011846256
0.133066838817
0.135180005986
0.137350919803
0.139575326262
0.141856006067
0.144199383746
0.14660059417
0.149079485102
0.151624165153
0.154243325472
0.156936180053
0.159703839174
0.16254480899
0.165439542406
0.168388560946
0.171376196533
0.174391823371
0.177423092479
0.180460937457
0.183498960315
0.186535710208
0.189575057785
0.19262697864
0.195706966711
0.198834904074
0.202030468435
0.205307579501
0.208662110623
0.212043195797
0.215282893813
0.218113811407
0.220315497827
0.153028534017
0.152395030895
0.151464304058
0.150071164288
0.148444404459
0.146579730855
0.144575950408
0.142474424558
0.140322553916
0.138152991616
0.135992261495
0.133860433109
0.131773011211
0.129741990418
0.127776860311
0.125885414919
0.124074409309
0.122350055969
0.12071836535
0.119185343043
0.117757066239
0.116439668548
0.115239263493
0.114161832245
0.113213094768
0.112398386778
0.111722571105
0.111189948344
0.110803967487
0.110566739413
0.110479716261
0.110547279706
0.110776747235
0.111163776026
0.111699849914
0.112381979964
0.113205976794
0.114167112149
0.115260147861
0.11647939371
0.117818698958
0.119271481281
0.120830653794
0.12248877254
0.124237623665
0.126069591655
0.127975514616
0.129948473861
0.131981850399
0.134068311387
0.136209478148
0.138399204285
0.140639921345
0.142940820188
0.145291840342
0.147717541178
0.150207496102
0.15276778306
0.155412010488
0.158116101844
0.160892236765
0.163726778202
0.166611592637
0.169534113283
0.172482528582
0.175445544339
0.178414469077
0.181384300405
0.184355247019
0.187333700029
0.190332970403
0.193372866478
0.196479012249
0.199676064579
0.202982812914
0.206390083148
0.209789771397
0.212899629129
0.216166127233
0.220211389126
0.149533553732
0.148958621364
0.148099214976
0.146807439287
0.145296549606
0.143556824179
0.141683595858
0.139713190099
0.137691045317
0.135647731401
0.133608679293
0.131593139473
0.129616103968
0.127689237005
0.125821856573
0.124021723443
0.122295683589
0.120650144332
0.119091388204
0.117625740015
0.116259614695
0.114999479487
0.113851763182
0.112822738004
0.111918393694
0.111144327043
0.110505660287
0.110006917655
0.10965171092
0.109442462809
0.109381400591
0.109473425608
0.109724294619
0.110130553624
0.110682571668
0.111377539091
0.112211258537
0.113179007144
0.114275572916
0.115495354154
0.11683228602
0.118279948573
0.119831284743
0.121479147448
0.123214801034
0.12503130913
0.126918323469
0.128868991368
0.13087703565
0.132932651172
0.13504015656
0.13719129863
0.139386818046
0.141639240166
0.143936025735
0.146298060714
0.148739198031
0.151230631678
0.153798930202
0.156432299286
0.159128922741
0.161879229368
0.164672570739
0.167496214605
0.170337167503
0.173183354308
0.176025152824
0.178856728963
0.181677309571
0.184492095133
0.187312738004
0.190156429338
0.193045219044
0.195994346491
0.199010241006
0.202034757356
0.204799164212
0.207370629775
0.210671022193
0.216491242709
0.146231107756
0.145708719269
0.144914615494
0.143717112552
0.142314142655
0.140691661109
0.13894137946
0.13709481014
0.135195447795
0.133271709005
0.131347883937
0.129442343254
0.127569543918
0.125740827413
0.123965376934
0.122250973111
0.12060460888
0.119032932906
0.11754252811
0.116140044726
0.114832220354
0.113625824012
0.112527557631
0.11154393837
0.110681180187
0.109945102356
0.109341064593
0.108873787401
0.108546924552
0.108363085133
0.108325776369
0.108441319817
0.108711881469
0.10913514738
0.109700840837
0.110406261606
0.11124716031
0.112218772712
0.113315860111
0.114532927643
0.115863946199
0.117302750644
0.118842148937
0.120475659882
0.122193497091
0.123990084323
0.125853583934
0.127777151608
0.12975545167
0.131775255252
0.133843735427
0.13595085709
0.13809518023
0.140289844046
0.142539399925
0.144834771359
0.147197211008
0.149617627933
0.152102417127
0.154646533344
0.157244047903
0.15988491141
0.162556411599
0.16524396735
0.167932389735
0.170607167381
0.173255764902
0.175868762901
0.178440741036
0.180970662646
0.183461453132
0.185917463238
0.188341673889
0.190712620554
0.193004859511
0.195089946828
0.196546631304
0.196523517314
0.194787354633
0.196178676135
0.143132748587
0.142657182671
0.141922390362
0.140811681796
0.139508180105
0.13799452137
0.136358749638
0.134627866222
0.13284349532
0.131031889074
0.129216192952
0.127413866119
0.125638823544
0.12390209133
0.122212741118
0.120578601857
0.119006837411
0.117504348815
0.116078012808
0.114734780344
0.113481671823
0.112325708195
0.111273810691
0.11033268899
0.109508733777
0.108807947831
0.108235906636
0.107797512893
0.107496368161
0.10733512916
0.107319321177
0.107458937094
0.107748670215
0.10818492669
0.108761634151
0.109475005178
0.110320482189
0.111293181104
0.112387727307
0.113598800438
0.114920264958
0.11634640381
0.117869506366
0.119484375126
0.121179465395
0.122951295899
0.124786490919
0.126677711167
0.128620942549
0.13059860532
0.13262050267
0.134677573663
0.136770904322
0.138908141061
0.14108635512
0.14331269069
0.145594021933
0.14792868377
0.150317013742
0.152754061928
0.155231255888
0.157736270061
0.160253679313
0.162765892821
0.165254243886
0.167700081181
0.17008572271
0.172395116663
0.174614043562
0.176729598897
0.178728533362
0.180593001498
0.18229381056
0.183748254976
0.184886345856
0.185206777453
0.183002262131
0.175374126214
0.156106639334
0.0998456419434
0.140245611236
0.139811527407
0.139130247448
0.138098795504
0.136886202376
0.135472669781
0.133942601681
0.132318836914
0.130641239983
0.128933933858
0.127218951583
0.125512834211
0.123828961655
0.122178052118
0.12056907777
0.11900992416
0.1175079248
0.116070217939
0.114703944395
0.113416314117
0.112214581493
0.11110596916
0.11009757098
0.109196249974
0.108408544101
0.10774061526
0.107198221068
0.106786412287
0.106508796471
0.106368245481
0.106371791202
0.106530679817
0.106837194575
0.107285159132
0.107870880013
0.108589936551
0.109437446626
0.110408505526
0.11149742469
0.11269924341
0.114007423055
0.115417063942
0.116919364747
0.118511224857
0.120178784588
0.121920912278
0.123722838888
0.125575444382
0.127476406496
0.129406466468
0.131373616547
0.133383528676
0.135413396468
0.137482062165
0.139588190709
0.141735378345
0.143927434323
0.146163753965
0.148441504621
0.150753575508
0.153088527833
0.155430871756
0.157761651594
0.160059279478
0.162300420174
0.164460742967
0.166515353438
0.168438696846
0.170203681782
0.171779686585
0.173129040633
0.174201469608
0.174928723184
0.175209260272
0.175091545981
0.172824792852
0.166319096129
0.152858602397
0.125899214755
0.0748529026182
0.137573506582
0.137175974426
0.136542700487
0.135583128704
0.134453044258
0.133130975652
0.131697768057
0.130172469074
0.128593318032
0.126982378469
0.125360630894
0.123743711103
0.122144481767
0.120573360246
0.11903922224
0.117550002505
0.116113184273
0.114736109484
0.11342613778
0.112190684766
0.111037181567
0.109972994518
0.109005332736
0.108141156693
0.107387101339
0.106749443872
0.106234068906
0.105846136472
0.105589466229
0.105467666316
0.105488854942
0.105662981618
0.105983327541
0.106441562099
0.107034337699
0.107756891333
0.108603872694
0.109570616252
0.110650755669
0.111840055709
0.11313114598
0.114520505129
0.115997747975
0.11756240311
0.119198059462
0.120905001688
0.122667308543
0.124473663414
0.126321933157
0.128207617692
0.130116653076
0.132059454837
0.134025959784
0.136021318562
0.138047292486
0.140106221937
0.142199585569
0.144325400957
0.146478025123
0.148647314436
0.150818409339
0.152972028735
0.155085034861
0.157131125351
0.15908144967
0.160904929476
0.162568043178
0.164033781198
0.165259360069
0.166192037776
0.166761878068
0.166869169208
0.166361983371
0.164988494968
0.162315013593
0.157313418395
0.14804467963
0.132465544026
0.105965556862
0.063559235497
0.135117766402
0.134752270377
0.13416184613
0.133267081557
0.132211440038
0.130972417527
0.129627421411
0.128192084145
0.126703167864
0.125180770315
0.123644898916
0.122110310815
0.120589376963
0.119092219857
0.117627614644
0.1162035264
0.114827555188
0.113507200879
0.112249986423
0.111063471312
0.109955198199
0.108932610029
0.108002962759
0.107173246207
0.106450133884
0.105839984623
0.105348783794
0.104981757283
0.104743074921
0.104637649741
0.104674763416
0.104861479619
0.105193360997
0.105659887427
0.106257629683
0.106981507891
0.107825259754
0.108784987661
0.109853090173
0.11102662792
0.112297067617
0.113662705477
0.11511134203
0.116644561424
0.118243168344
0.119906738809
0.121620715588
0.12337672886
0.125172609498
0.12699701029
0.128847078941
0.130721121163
0.132615044823
0.13453029294
0.136468387201
0.138430268015
0.140415108213
0.142418535281
0.144431799061
0.146441220233
0.148428076922
0.150368913701
0.152236065643
0.153998193207
0.155620605276
0.157065126744
0.158289233704
0.159244100921
0.159871042557
0.16009550692
0.159817172182
0.158893475331
0.157111598318
0.154138165163
0.149432399106
0.142044366928
0.130456856886
0.112758865193
0.0857974636392
0.0486219688421
0.13287790413
0.132540328379
0.131987972296
0.131151329642
0.130162504309
0.128998487576
0.127733399541
0.126379825774
0.124973205232
0.123531778572
0.12207467227
0.120615800193
0.119167072122
0.117738320241
0.116338210017
0.11497471034
0.113655497348
0.112388176261
0.111180372629
0.11003972418
0.108973816614
0.107990099547
0.107095806433
0.106297890705
0.10560301243
0.105017598923
0.104547745747
0.104198639372
0.103974685312
0.103882837638
0.10393466259
0.104131644401
0.10447310118
0.104945866427
0.105546254597
0.106269215142
0.107106790475
0.10805675015
0.109109750948
0.110264636791
0.11151161722
0.112850355922
0.114266453084
0.115761169381
0.117316016159
0.118924713727
0.12059131865
0.122289788917
0.12402671767
0.125789745626
0.127572811584
0.129372704879
0.131186820731
0.133015050704
0.134857723903
0.136714054642
0.138580723002
0.140450415225
0.14231092557
0.144144746301
0.145929088632
0.147636235231
0.149234020187
0.150686208412
0.151952540575
0.152988196052
0.153742391511
0.154155751836
0.154155929689
0.153650659354
0.152516926046
0.150584079278
0.147607357148
0.143226164863
0.136900480514
0.127814759855
0.114792021741
0.096368825735
0.0701862815079
0.0372876276769
0.130852111519
0.130538718411
0.13002002839
0.129235252659
0.128306109682
0.127209511599
0.126016464055
0.124736857508
0.123404962815
0.122037280238
0.12065215487
0.119262697431
0.117880390217
0.116514778219
0.115174405147
0.113867213112
0.112600910207
0.111383152428
0.110221606829
0.109123924664
0.108097667944
0.107150225141
0.106288741038
0.105520071693
0.104850812329
0.104287441157
0.103836175942
0.103502014404
0.103289304537
0.103208040946
0.103274660848
0.103481103453
0.103828820931
0.104305300095
0.104905512304
0.105625205559
0.106453730148
0.107391453857
0.108427043999
0.109560725187
0.110781177623
0.112087166213
0.113464616344
0.114906488749
0.11641722536
0.117970765701
0.119578808948
0.121222613205
0.12289636548
0.124591215249
0.126300610249
0.128020477457
0.129748225199
0.131482693484
0.13322272498
0.134965475712
0.136704876769
0.138430343828
0.140126001767
0.141770437089
0.143336865318
0.144793545651
0.146104223915
0.147228372112
0.1481209981
0.148731796912
0.149003390369
0.148868338062
0.148244481535
0.147027982874
0.145083114559
0.142227444108
0.138210587344
0.132684536023
0.125164440884
0.114984521553
0.10125986679
0.0829809631045
0.058544097388
0.0300185453775
0.129037637955
0.128745043482
0.128255987107
0.127517266352
0.12664118139
0.125604900363
0.124476504804
0.1232635199
0.12199920154
0.120698428912
0.119378868936
0.118052871156
0.116731526073
0.115424093475
0.114138982237
0.112884076164
0.111667071854
0.110495624206
0.109377385827
0.108319964841
0.107330844779
0.106417301388
0.105586347224
0.104844714729
0.104198922594
0.103655500447
0.103220805915
0.10289962853
0.102696169041
0.102623163672
0.102700136555
0.102914347846
0.103265796821
0.103743601211
0.104340842838
0.105055269913
0.10587265695
0.106795939442
0.107811588304
0.108918678057
0.110106606995
0.111365986429
0.112701107928
0.114091956916
0.115547253307
0.117051709207
0.118600387699
0.120181599316
0.121786768096
0.123407573167
0.125037282733
0.12667130372
0.128306621059
0.129941035151
0.131571717164
0.13319349945
0.134797349155
0.136369249955
0.137889635633
0.139333348023
0.140669963342
0.141864275948
0.142876710229
0.1436634403
0.144176016967
0.144360312739
0.144154586775
0.143486434816
0.142268319643
0.140391275967
0.137716262823
0.134062549162
0.129192577468
0.122793371622
0.114455817072
0.103659561723
0.08976312273
0.0721152560921
0.0496380796409
0.0247006947486
0.127431062762
0.127156224648
0.126693121606
0.125995079116
0.125165926598
0.124183346592
0.123112701357
0.121959455766
0.120756000448
0.1195157115
0.118255682175
0.116987542678
0.115722028894
0.114468116544
0.113234067241
0.11202767641
0.110856589487
0.109728414696
0.108650743635
0.107631097825
0.1066768459
0.105795121262
0.104992782384
0.104276438807
0.103652540044
0.103127651648
0.102708286157
0.102399187065
0.10220446194
0.102138102181
0.102217354448
0.102434777051
0.102789487714
0.10326730329
0.103859596005
0.104566935901
0.105370800819
0.106273995178
0.107264008036
0.108330691729
0.109479778125
0.110693982054
0.111978626109
0.113324501663
0.114726339383
0.116173975118
0.117659333088
0.119172359699
0.120703739612
0.122245094849
0.123789611167
0.12533234958
0.126869714451
0.128398361502
0.129913625174
0.13140781969
0.132868825589
0.134279199901
0.135615876015
0.136850358286
0.137949210549
0.138874602452
0.139584687268
0.140033616179
0.140171028476
0.139940881
0.139279486942
0.138112623581
0.136351545333
0.133887715516
0.130586074548
0.126276758071
0.120745461916
0.113723447914
0.104879190419
0.0938190306775
0.0800911693312
0.0632983817167
0.0427120539828
0.0206526059141
0.126028485542
0.125768725994
0.125328220835
0.124665892415
0.123878013793
0.122942980071
0.121923651377
0.120823711326
0.119674830934
0.118488997052
0.117282833916
0.116067292875
0.114852793889
0.113648028815
0.11246110111
0.111299690575
0.110171357143
0.109083624591
0.108043987696
0.107059851838
0.106138453544
0.105286775158
0.104511504244
0.103819143049
0.103216106915
0.102709034775
0.102304630541
0.102007465318
0.101820618766
0.101759373143
0.101834788341
0.102052382146
0.102409761641
0.102886142762
0.103470082591
0.104164073715
0.104948669524
0.105816223627
0.106773486695
0.107800880363
0.108905289494
0.110079217605
0.111317282867
0.112612107344
0.113956845834
0.115342638635
0.116760422483
0.118200384944
0.119653047255
0.121109982058
0.122564329447
0.124010872577
0.125445354964
0.126863162402
0.128257643538
0.129618474425
0.130930447513
0.132172876205
0.133319600672
0.134339429159
0.135196774375
0.135852239832
0.13626294771
0.136382450278
0.136160112852
0.135539888824
0.134458425637
0.132842449621
0.130605387001
0.127643204901
0.123829526799
0.119010246
0.112998186877
0.105569073411
0.0964606793598
0.0853812589481
0.0720189505764
0.0561458465185
0.0372639075563
0.0174855335574
0.12482562298
0.124578755964
0.124157761914
0.123526561136
0.122774714648
0.12188149102
0.120907473969
0.11985481964
0.11875462022
0.117617581043
0.116459962138
0.115292074552
0.11412406324
0.11296433439
0.111820823945
0.110701071868
0.109612523452
0.108562587162
0.107558634264
0.106607935185
0.105717594025
0.10489445826
0.104144998767
0.103475633875
0.102892809542
0.102403248422
0.102013352388
0.101727302636
0.101549493283
0.101498012761
0.101569574212
0.101783486344
0.102136936231
0.102604988572
0.103171749798
0.103834365
0.104593185079
0.10542642563
0.106345269812
0.107338830907
0.10840299511
0.109531796697
0.110719377592
0.11195887569
0.113242813497
0.114562466901
0.115908426955
0.117270861042
0.118640279706
0.120008291595
0.121368037667
0.122714044898
0.12404132379
0.125343863268
0.126612906308
0.12783545767
0.128993360981
0.130063053957
0.131015897994
0.131818851136
0.132435217159
0.13282523306
0.132946318267
0.132752872899
0.132195564218
0.131220076233
0.129765321198
0.127761131786
0.12512547983
0.121761317818
0.117553232964
0.112364281887
0.106033659887
0.0983764094223
0.089186679535
0.0782493056908
0.0653505836985
0.0503696840771
0.0329638280473
0.0149760797845
0.123817792537
0.123582516567
0.123178051955
0.122573725976
0.121853017045
0.120996229433
0.120061894184
0.119050871625
0.117993808023
0.116900227683
0.115786132654
0.114661230419
0.11353543644
0.1124168642
0.111313273185
0.110232041966
0.10918047581
0.108165840944
0.107195363619
0.106276166015
0.105415230776
0.104619349996
0.103894613437
0.103247399185
0.10268428308
0.102212320902
0.101838124037
0.101569435757
0.101424736367
0.101368247333
0.101447283965
0.101635964416
0.101961540188
0.102405950369
0.102950763412
0.103582806027
0.104310068738
0.105116707342
0.106000454223
0.106954934956
0.107974932205
0.109054806026
0.110188425041
0.111368840415
0.112588247637
0.113837804235
0.115107918339
0.116388718088
0.117670782381
0.118945844246
0.120207092449
0.121448787801
0.122665120056
0.123848557793
0.124988164087
0.126068343322
0.127068283814
0.127962098799
0.128719470254
0.129306512355
0.129686578357
0.129820797378
0.129668207292
0.129185420371
0.128325809356
0.127038234913
0.12526535873
0.122941609445
0.119990901262
0.116324260657
0.11183760735
0.106410094702
0.0999036369515
0.0921646624405
0.083029277736
0.0723354727473
0.0599339410254
0.0457663211114
0.0295965957352
0.012986793116
0.122999455741
0.122776918877
0.122385350133
0.121803925213
0.121109712716
0.120284284659
0.119384311798
0.118409578712
0.117390399792
0.116335212169
0.115259871091
0.114173516048
0.11308589095
0.112004794845
0.110937799814
0.109892104937
0.10887485173
0.107893136211
0.106954014882
0.106064442502
0.105231256751
0.104461494569
0.10376033241
0.103134125326
0.10258948899
0.102134257488
0.101778531125
0.101526902324
0.101404960567
0.10133817305
0.101391541907
0.101567604592
0.101871632398
0.102291863878
0.102813939645
0.103424997838
0.104121338221
0.104894657414
0.105739895298
0.106651527707
0.107624016126
0.108651553682
0.109727792215
0.110845592368
0.111996891832
0.113172662131
0.114363180434
0.115558580168
0.116749585757
0.117928133846
0.11908749204
0.120221612211
0.1213237534
0.122384751778
0.123391480912
0.124325937461
0.125165108765
0.125881505208
0.126444078592
0.126819211038
0.126971510092
0.12686423631
0.126459279985
0.125716672513
0.12459366177
0.123043406607
0.121013363432
0.11844345739
0.115264159572
0.111394640581
0.106741244807
0.101196663516
0.0946403469856
0.0869410353089
0.0779624023144
0.067574541445
0.0556649524808
0.0422044577053
0.0270296717493
0.0114345486808
0.12236613567
0.122158363717
0.1217756116
0.121213627805
0.120541460272
0.1197425589
0.118871865996
0.117928336565
0.116942021882
0.115920365745
0.114879198366
0.113827122908
0.112773802379
0.111726663859
0.110693076328
0.109680049751
0.10869453813
0.107743434391
0.106833586538
0.105971767869
0.105164575422
0.104420801937
0.103742248681
0.103135633849
0.102607184339
0.102163211015
0.101814511714
0.101573214086
0.10142351073
0.101351441514
0.101381405916
0.101569537076
0.101874535151
0.10227911076
0.102777991664
0.103362152091
0.104025523166
0.104761839575
0.105565536297
0.106431099913
0.107352865997
0.108324841473
0.109340455075
0.110392329836
0.111472150868
0.112570694181
0.113678146287
0.114784711604
0.115881342054
0.116960243445
0.118014764532
0.119038467179
0.120023548959
0.120959127189
0.121829962281
0.122615972331
0.123292556231
0.123831488554
0.124202043877
0.124372027908
0.124308484436
0.12397795694
0.123346275243
0.122377897054
0.121034865659
0.119275459684
0.117052619739
0.114312247878
0.110991494039
0.107017176894
0.102304535648
0.0967566197602
0.090264731781
0.0827106998225
0.0739718973315
0.0639311359984
0.0524886291997
0.0396163487811
0.0251955325324
0.0102752596222
0.121915472577
0.121721503061
0.12134522817
0.120799333588
0.120144754532
0.119367690972
0.118521342185
0.117604231954
0.116645964968
0.115653111931
0.114641658197
0.11361969612
0.112597080823
0.111580610479
0.110577409981
0.109594348271
0.108638169637
0.107715523776
0.106832956252
0.10599695686
0.105212968156
0.104489248191
0.103829475042
0.10323919276
0.102723372589
0.102286219338
0.10193366165
0.101695570532
0.101499420186
0.101425391365
0.101467499629
0.101673813652
0.101978309317
0.102367259664
0.102841563032
0.103395631161
0.10402355927
0.104719831512
0.105478997629
0.106295508141
0.107163574681
0.108077001561
0.109028970521
0.110011839808
0.111017039637
0.112035163784
0.113056357044
0.1140709721
0.115070270207
0.116046770266
0.1169938641
0.117904599872
0.118769970737
0.119577335164
0.120309524619
0.120944852705
0.121457886678
0.121820640824
0.122003814375
0.121977772017
0.121713088847
0.12118059976
0.120350976032
0.119193895427
0.117676887784
0.115763939614
0.113413938805
0.110579039152
0.107203025314
0.103219768507
0.0985518794713
0.0931097518625
0.0867912350875
0.0794826553097
0.0710619399596
0.0614058175343
0.050403208458
0.0379970283877
0.0240850615334
0.00949622397287
0.121643333632
0.121459813084
0.121089513651
0.1205577779
0.119917394585
0.119158023477
0.118331041036
0.11743487933
0.116499458433
0.11553068528
0.114544527209
0.113548424436
0.11255199384
0.111561970727
0.11058539572
0.109628808689
0.108698673956
0.107801359441
0.106943040649
0.106129940913
0.105366706489
0.104659378707
0.104016470091
0.103441622292
0.102938640412
0.102511508266
0.102160666389
0.101908797476
0.101716347193
0.101649967988
0.101721457136
0.101915545496
0.102198281235
0.102562637802
0.103007190035
0.103526904025
0.104116118987
0.104769404761
0.105481268099
0.10624602904
0.107057712378
0.107909882901
0.108795447681
0.109706480969
0.110634159878
0.111568923754
0.112500937147
0.113420785614
0.114320113035
0.115191762212
0.116029078706
0.116824430968
0.117567469372
0.11824382609
0.118834715031
0.119317462998
0.119666680494
0.119855658182
0.119857610861
0.119646514927
0.119197429548
0.118486305856
0.117489353639
0.116182058393
0.114537940175
0.112527133882
0.110114855215
0.107259798457
0.103912488681
0.100013587448
0.095492125354
0.0902636910733
0.0842285757719
0.0772705531208
0.0692564865974
0.060039305107
0.0494706286737
0.0374228366315
0.023771607485
0.00912890644916
0.121543347397
0.121367061069
0.121001324173
0.120481855206
0.119852672453
0.119107216921
0.118295097071
0.117414969306
0.116497458204
0.115548005468
0.114582480217
0.11360780008
0.112633116668
0.111665452273
0.110711790953
0.109778266986
0.108871075527
0.107996341275
0.107159955829
0.106368013532
0.105625439125
0.104937592447
0.104312689284
0.103754059791
0.103265453848
0.102851313749
0.102512207028
0.1022589908
0.102098731277
0.102042537505
0.102108892023
0.102274909488
0.10252751356
0.102861467969
0.103272306535
0.103754524456
0.104302404461
0.104910322421
0.10557259066
0.106283325329
0.107036315604
0.107824854309
0.108641551901
0.109478188745
0.110325700627
0.111174414255
0.112014587611
0.112837125718
0.113634108766
0.114398667233
0.115123951206
0.115801449029
0.116419360134
0.116961724136
0.117408588615
0.117737041567
0.117922691568
0.117941148569
0.117769161777
0.117385232405
0.116769669379
0.115904154057
0.114770920932
0.113351663031
0.111626253413
0.109571350028
0.107158921971
0.104354695711
0.101116463368
0.0973921247119
0.0931172494353
0.0882119473012
0.0825767112789
0.0760878524066
0.068591716509
0.0599026784427
0.0498095958537
0.038066088857
0.0244753935122
0.0093145268977
0.121609754578
0.121438290047
0.121074350837
0.120563421484
0.119941760378
0.119206725976
0.118405862563
0.117538509969
0.11663510321
0.115700872888
0.114751831764
0.113794764286
0.112838764753
0.11189059245
0.110956990633
0.110043892357
0.109157299823
0.108303140566
0.107487107352
0.106715110832
0.105992351974
0.105323869915
0.104716851764
0.104174779684
0.103701550813
0.10330170618
0.102978057146
0.102736524065
0.102587844517
0.102536249245
0.102587096693
0.102728435494
0.102953141716
0.103256149488
0.10363215971
0.104075559264
0.104580624491
0.105141593889
0.105752596984
0.106407538275
0.107099956394
0.10782285728
0.108568544707
0.109328506878
0.110093462566
0.110853681521
0.111599598305
0.112322517973
0.113014977023
0.113670295301
0.114281214713
0.114838127146
0.115327736802
0.115732752602
0.11603264897
0.116205127079
0.116227780378
0.116079528558
0.115741543918
0.11519757756
0.114433733633
0.113437811117
0.112198346129
0.110703469342
0.108939663381
0.1068904712
0.10453516355
0.101847309953
0.0987931011803
0.0953291398333
0.0913992410575
0.0869296564968
0.0818218071364
0.0759426170907
0.0691099219985
0.0610831891553
0.0515537073462
0.040116810359
0.0264900595862
0.0102816253998
0.121837981908
0.121669643145
0.121304944901
0.120798741276
0.120180801396
0.119452505938
0.118659112826
0.117800945788
0.116907943603
0.115985356456
0.115049271076
0.114106456647
0.113165999408
0.112234392217
0.111318149135
0.110423044325
0.109554894765
0.108719430442
0.107922161833
0.107168715935
0.106464282716
0.105813647064
0.105223296921
0.104696919635
0.104238355333
0.10385162494
0.103539926478
0.103307006114
0.10316011081
0.103108743862
0.103148282413
0.103269705334
0.103468835816
0.103741602889
0.104082871666
0.104487139968
0.104948752576
0.105461896096
0.106020561231
0.106618453255
0.107248859277
0.107904493559
0.108577352081
0.109258642767
0.109938903883
0.110608416144
0.111257878039
0.11187905777
0.112464917252
0.113008791225
0.113502742479
0.113935865143
0.11429342666
0.114557215191
0.114706855879
0.114721580641
0.114581932115
0.114271019617
0.113775145968
0.113083811975
0.112189221066
0.111085444064
0.109767390443
0.108229698514
0.106465619883
0.104465934001
0.102217874303
0.0997039617692
0.0969005098095
0.09377537769
0.0902842812305
0.0863646441909
0.0819252366299
0.0768300845923
0.0708701134344
0.0637338100979
0.0549422427398
0.0438282884918
0.0298965906714
0.0117601378676
0.122224229656
0.12205778043
0.121690184538
0.121185326821
0.120567502669
0.119842136011
0.119052177703
0.118199239345
0.11731269641
0.116398054269
0.115471343134
0.114539347238
0.113611100204
0.112692943487
0.111791223479
0.110911555166
0.110059551207
0.109240718937
0.108460369736
0.107723818443
0.107036093112
0.106401743645
0.105826623989
0.105314496898
0.104868987545
0.104493561498
0.104191144653
0.1039650352
0.103819074446
0.103765144369
0.103793306699
0.103895994471
0.104070787126
0.104314202449
0.104621286751
0.104986676139
0.10540479692
0.105869812689
0.106375595237
0.106915655536
0.107483026487
0.10807012734
0.108668649379
0.109269539656
0.109863202856
0.110440007434
0.110990999261
0.111508440091
0.111985615737
0.112415615407
0.112789512457
0.113094960892
0.113315991258
0.113434036791
0.113429702416
0.113284686031
0.112983364567
0.112513753192
0.111867770975
0.111040918891
0.110031553391
0.10883993957
0.107467231285
0.105914482555
0.104181756019
0.102267352873
0.100167126607
0.0978737432467
0.0953756041393
0.0926549488988
0.0896843718369
0.0864205794874
0.082793228964
0.0786859114745
0.0738983643819
0.068091637559
0.0606195877234
0.0504167112206
0.0358492141393
0.0133311775041
0.122765086621
0.122599520326
0.122227007514
0.121720303829
0.121099082071
0.120372780476
0.119582147364
0.118730354
0.117846167932
0.116935563413
0.116014441481
0.115089672674
0.114170213376
0.113262317403
0.112372187902
0.111505282018
0.110666998167
0.109862602139
0.109097184045
0.10837575126
0.107703095232
0.107083513079
0.106522191449
0.106022805414
0.105588687269
0.105222860373
0.104927796004
0.104708330029
0.104562148641
0.104502869338
0.104519084742
0.104604147248
0.104755906328
0.104971018738
0.105244752737
0.105571900314
0.105946940459
0.106363994067
0.106816802042
0.107298668249
0.107802358984
0.108319990872
0.108842953988
0.109361958956
0.109867331801
0.110349609233
0.110800252784
0.111211996043
0.11157825586
0.111891529333
0.112141587544
0.112314614633
0.112393776653
0.112360865574
0.112198361831
0.111891328565
0.111428728306
0.110803990668
0.110014888003
0.109062913044
0.107952382357
0.106689455635
0.105281207952
0.103734847198
0.102057133567
0.10025401636
0.0983304349713
0.09629012572
0.0941351405684
0.0918646314832
0.0894722726023
0.0869414584494
0.0842367767541
0.0812898136957
0.0779707385695
0.074047893506
0.0690219371799
0.0620223909268
0.0501322899016
0.024076754988
0.123457366275
0.123291791525
0.122912294817
0.122400550042
0.12177237873
0.121041203072
0.120245737196
0.119390928558
0.118504910017
0.117594310158
0.116674870191
0.115753637716
0.114839484486
0.113938611568
0.113057082745
0.112200198941
0.111373139863
0.110580918205
0.109828377792
0.10912021725
0.10846093598
0.107854549458
0.107305584447
0.106817476874
0.10639314594
0.10603499947
0.105743768285
0.105529460197
0.105387707063
0.105322127035
0.105325223164
0.105392664168
0.105522024793
0.105709717921
0.105951066296
0.106240890374
0.106573619538
0.106943264978
0.107343393157
0.107767068464
0.108206766197
0.108654286127
0.109100718999
0.109536566835
0.10995213715
0.1103382121
0.110686706939
0.110990729635
0.111243525499
0.111436583367
0.111558113831
0.111592970372
0.11152401547
0.111334236168
0.111008902309
0.110537250318
0.109913397574
0.109136457512
0.108210032465
0.107141345193
0.105940249186
0.104618295969
0.103187977148
0.101662218814
0.100054175439
0.0983773257963
0.0966457949282
0.0948747182763
0.0930803546014
0.0912795781901
0.0894883488145
0.0877187818831
0.0859743552485
0.0842433191418
0.0824877666245
0.0806412215144
0.0785566654005
0.0762299131261
0.0730577944617
0.0718202369421
0.124298079694
0.124131674813
0.123743042807
0.123223003825
0.12258423414
0.121844130694
0.121039583999
0.120177491026
0.119285360401
0.118370634463
0.117448885119
0.11652741819
0.115615020946
0.114717870124
0.113841892472
0.112992233087
0.112173847545
0.11139148549
0.110649718974
0.109952929294
0.109305285721
0.108710498303
0.108172486075
0.107694369482
0.107278697642
0.106927534212
0.106641337028
0.106427394525
0.106286962076
0.106215462572
0.106206652934
0.106257753142
0.106366122099
0.106527858428
0.10673823261
0.106992026784
0.107283567558
0.107606704918
0.107954783315
0.108320585953
0.108696263844
0.109073279388
0.109442423781
0.109794020664
0.110118420972
0.110406716609
0.110651264807
0.110845347307
0.110981615749
0.11105010646
0.111037340927
0.110927198081
0.11070298135
0.110349791319
0.109856564739
0.109217375295
0.108431844003
0.107504781343
0.106445340215
0.105265978429
0.103981461234
0.102608054946
0.101163003829
0.0996643520481
0.0981311446529
0.0965839857479
0.0950458352306
0.0935428129973
0.09210470063
0.0907648280006
0.0895591133019
0.0885241900631
0.0876946966278
0.0871004754891
0.0867630944492
0.0867021343489
0.08691116051
0.0875401279877
0.0882271388224
0.0910347056836
0.125284399168
0.125116395692
0.124716386026
0.124184719674
0.123531578007
0.12277835526
0.121960361128
0.121086583243
0.120183954441
0.119260865181
0.118332726674
0.117407169712
0.116492903615
0.115596104773
0.114722566483
0.113877277508
0.113064963158
0.112290100841
0.111556969053
0.110869621433
0.110231874477
0.109647111506
0.10911870098
0.10864939485
0.108241376662
0.107896315309
0.107614630663
0.10740084676
0.107259314449
0.107181807107
0.107162135371
0.107198073863
0.107286776815
0.107424038221
0.107604971472
0.107824224457
0.108075943035
0.108353742197
0.108650676082
0.108959188127
0.10927105941
0.109577386617
0.109868658453
0.110135051734
0.110367019688
0.110556002458
0.110694712401
0.11077627222
0.110792206764
0.110730700425
0.110576669731
0.110313619321
0.109926194121
0.10940255663
0.108736094847
0.107926192771
0.106978077544
0.10590201246
0.104712184863
0.103425592134
0.102061122428
0.100638942937
0.0991802599893
0.0977074974272
0.0962449073611
0.0948195482179
0.0934624407418
0.0922095964785
0.0911025699513
0.0901882457498
0.089517712273
0.0891442537864
0.0891206013987
0.0894959562463
0.0903119915238
0.0916032088184
0.093372283653
0.0956830738497
0.0981015370258
0.101740091819
0.126413613999
0.12624328216
0.125829551577
0.125282819445
0.124611384781
0.123840700328
0.123004762742
0.12211476401
0.121197141607
0.120261343712
0.119322647896
0.118389063969
0.117469236567
0.116569359994
0.115695098
0.114851281763
0.114042401036
0.113272653197
0.112546006408
0.11186617582
0.111236610363
0.110660343758
0.110140234884
0.109678621816
0.109277313754
0.108937604591
0.108660514044
0.108446763107
0.108303056495
0.108219604876
0.108190134443
0.10821224959
0.108282758706
0.108397169455
0.108550373545
0.108736789305
0.108950290589
0.109184169817
0.109431109033
0.109683141102
0.109931621853
0.110167247669
0.110380200217
0.110560541489
0.110698876132
0.110786987868
0.110817749937
0.110783635757
0.110674439953
0.110476244901
0.110172733349
0.109747877026
0.109188671346
0.108487259506
0.107642116374
0.106658180675
0.105546130487
0.104321194407
0.103001873969
0.101608852716
0.100164234249
0.0986911787951
0.0972139773604
0.0957585967686
0.0943536797821
0.0930318676248
0.0918311556258
0.0907958840636
0.0899769727844
0.0894311257065
0.0892188941742
0.0894016180753
0.0900372625894
0.0911752266
0.092848796673
0.0950676112819
0.0977892061867
0.10094647867
0.104060507601
0.107650120484
0.127683051498
0.12750969981
0.127079802095
0.126514440579
0.125820628543
0.125027981603
0.124169472857
0.1232585882
0.12232137671
0.121368429794
0.120414934757
0.119469322206
0.118540191152
0.117633766545
0.116755586699
0.115910323245
0.11510222641
0.114335207193
0.113612911175
0.112938704642
0.112315658318
0.1117464344
0.111233405182
0.11077844423
0.110382905773
0.110047296439
0.109775386489
0.109563715313
0.109417669891
0.109328308386
0.109289881104
0.109299439658
0.109353277022
0.109446583856
0.109573950015
0.109729449778
0.109906572554
0.110098184477
0.110296501503
0.110493065185
0.110678743021
0.110843791896
0.110978081504
0.111071589451
0.111115101448
0.111100673351
0.111020997517
0.110867240618
0.110626880646
0.110283921849
0.109821515749
0.109225147539
0.108485218705
0.107598679251
0.106569526656
0.105408244445
0.104130552852
0.102755943344
0.10130635033
0.0998051810934
0.0982767766861
0.0967463330743
0.0952403045087
0.0937873131144
0.0924195046672
0.0911741222727
0.090094885431
0.0892326869836
0.088645200238
0.0883951618935
0.0885472585324
0.0891636081604
0.0902977497415
0.0919869475402
0.0942414713508
0.0970326956704
0.100263599339
0.103767373724
0.107103332612
0.110406335548
0.129090002314
0.128912979454
0.128464371503
0.127876682477
0.127156240063
0.126336971562
0.125451137994
0.124514587671
0.12355311008
0.122578502249
0.121605917264
0.120644235945
0.11970203471
0.118785576951
0.117900279816
0.11705065274
0.116240703641
0.115474052274
0.114754013568
0.114083597122
0.113465489995
0.112901969627
0.112394943996
0.111945802539
0.11155539305
0.111223170799
0.110955133007
0.110748150435
0.11060078153
0.110506234311
0.110459976605
0.110458521822
0.110497542911
0.110571822069
0.110675545957
0.110802332901
0.110945176976
0.111096412717
0.111247692473
0.111389981014
0.111513589785
0.111608294574
0.111663648835
0.11166957056
0.111617022963
0.111498162796
0.111304966196
0.111026494161
0.110647481044
0.110150269292
0.109518510181
0.108740389824
0.107810747786
0.106732010503
0.105513890624
0.104172141164
0.102726881765
0.10120099005
0.0996188413105
0.0980055468944
0.0963866841534
0.0947885202404
0.0932387484097
0.0917677558067
0.0904102974355
0.0892072219841
0.0882067028389
0.0874644285046
0.0870423848857
0.087006080475
0.0874202035412
0.0883426922681
0.089817078305
0.091862818792
0.0944628716106
0.0975508311135
0.100982803754
0.104541731827
0.107841657791
0.110617714771
0.130631603594
0.130450314729
0.129980376763
0.129366531748
0.128615044938
0.127764348365
0.126846327194
0.125879242143
0.124888768885
0.123887950469
0.12289197028
0.121910176675
0.120951148264
0.12002119013
0.119125602205
0.118268728402
0.117454332483
0.116685739715
0.115965930125
0.115297552713
0.114682911384
0.114123898894
0.113621996989
0.113178169615
0.11279287026
0.112465241493
0.11219950498
0.111996105605
0.111848770519
0.111750967676
0.111698853192
0.111688545027
0.111715113926
0.111772856395
0.111855474414
0.111956045018
0.112066970869
0.112179953037
0.112285980448
0.112375351195
0.112437748641
0.112462424384
0.112438611373
0.112356179608
0.112206213692
0.11198065328
0.111669986446
0.111260317488
0.110733557788
0.110071272251
0.109258915826
0.108288623058
0.107160605438
0.105883217414
0.104471804824
0.10294685519
0.10133204528
0.0996526383274
0.0979344024573
0.096203127711
0.0944846472103
0.0928053648722
0.0911933233769
0.0896798284052
0.0883014060678
0.0871015816479
0.0861318066291
0.085450993799
0.0851234108405
0.0852149168016
0.0857876099902
0.0868928624842
0.0885625512873
0.0907981777678
0.0935578522911
0.0967427169647
0.100172250779
0.103622062433
0.106721707512
0.108907016007
0.13230471233
0.132118635588
0.131624701054
0.130980759045
0.130193674878
0.129306620722
0.128351470823
0.127348931742
0.126324722784
0.125293152451
0.124269502752
0.12326359528
0.122284034937
0.121337167393
0.120428178314
0.119561242115
0.118739877207
0.117967112729
0.117245592552
0.116577604121
0.115965070633
0.115409501924
0.114911976436
0.114473064247
0.114092823272
0.113770235678
0.113507670811
0.113307561068
0.113161352887
0.113062227366
0.113006421356
0.11298963553
0.113006349837
0.113050299178
0.11311460749
0.113191714775
0.113273326894
0.11335039973
0.113413149647
0.113451110298
0.113453259433
0.11340827999
0.11330507707
0.113133459822
0.112884497976
0.112549382923
0.112116090036
0.111567044319
0.110881799934
0.110042494744
0.109037867073
0.107865219543
0.10653089419
0.105049352009
0.103441200602
0.101730891008
0.0999446630532
0.0981090987814
0.0962503110462
0.0943937865259
0.0925646926108
0.0907886976862
0.089093373588
0.0875101877008
0.0860767127123
0.0848383548107
0.0838488355681
0.0831689903435
0.0828638370165
0.0829980628146
0.0836300753606
0.0848045585677
0.0865432734729
0.0888339255334
0.091617562716
0.0947733390226
0.0980987853496
0.101356868098
0.10405827974
0.106199994058
0.134105718473
0.133914436128
0.133393839596
0.132715783387
0.131888450213
0.130960027548
0.129962777116
0.128919870052
0.127857232682
0.126790438257
0.125734934405
0.124701010351
0.123697318153
0.122730238735
0.121804844776
0.120925136709
0.120094386928
0.119315328461
0.118590270277
0.117921139561
0.117309481169
0.116756421344
0.116262643465
0.115828347305
0.115453240789
0.115136675457
0.114878169463
0.114681870412
0.114538140067
0.114439855831
0.114382856618
0.114362282912
0.114372023571
0.114405203492
0.114454279922
0.114510951269
0.114566110346
0.114609845596
0.114631482061
0.114619683009
0.114562637757
0.114448414776
0.114265574409
0.114003812724
0.113653925758
0.113205524781
0.1126428497
0.111944331445
0.111088320125
0.110059251352
0.108850685603
0.10746619541
0.105918759242
0.104228808102
0.102421556106
0.100524452458
0.0985652128462
0.0965706670469
0.0945662791479
0.0925763386468
0.0906245170659
0.0887349653236
0.0869340696218
0.0852528431208
0.0837293523214
0.0824102722518
0.0813507858321
0.0806126236652
0.0802604778669
0.0803570990226
0.080957268326
0.0821004564242
0.0838017773123
0.0860412468126
0.0887516079243
0.0918044988577
0.0950206110799
0.0981969045689
0.100578558181
0.102467476167
0.136030335769
0.135833565835
0.135283706481
0.134567500793
0.133695231305
0.132720411152
0.131676125979
0.130588017623
0.129482382642
0.128376038749
0.127284659418
0.126218984641
0.125187728762
0.124197298441
0.123252652536
0.122357612825
0.121515205835
0.120727870704
0.119997585874
0.119325922946
0.118714052323
0.1181627133
0.117672178291
0.117242232564
0.116871918573
0.116562753386
0.116310969724
0.116119715394
0.115979916609
0.11588461898
0.115828997735
0.115807490786
0.115813365537
0.115839070355
0.115876285192
0.115915838793
0.115947676147
0.11596088241
0.115943761716
0.115883991904
0.115768885866
0.115585848431
0.115323057432
0.114969985928
0.114516704386
0.11395001624
0.11324919365
0.112389105545
0.111348754742
0.110116811562
0.108693141128
0.107088477198
0.105322615178
0.103421483062
0.101413991109
0.0993294850536
0.0971960426789
0.0950397293357
0.092884472261
0.0907525979795
0.0886655699072
0.0866453580112
0.0847165988989
0.082909441919
0.081262130775
0.0798222183725
0.0786457326238
0.0777944820779
0.077332066075
0.0773190204145
0.0778072872
0.0788335460418
0.0804108305909
0.0825180690447
0.0850853837711
0.0879801845102
0.0910302723864
0.093916528615
0.096294485742
0.0978209931478
0.138073317008
0.137870961058
0.137289391992
0.13653107098
0.135609234849
0.134583061489
0.13348693877
0.132348975386
0.131195994797
0.130046019576
0.128914997033
0.127814089543
0.126752080867
0.125735389744
0.124768858112
0.123856124834
0.122999972262
0.122202551139
0.12146551844
0.120790101252
0.120177107458
0.119626897582
0.119139329338
0.118713736425
0.118348234477
0.118046372928
0.117804612479
0.117620637745
0.11748681364
0.11739692897
0.117345543908
0.117326320627
0.117331826199
0.117353732359
0.117382817832
0.117408904961
0.117420848471
0.117406586825
0.117353265035
0.117247451446
0.117075489908
0.116824062891
0.116480891479
0.116035034363
0.115475071557
0.114783321122
0.113933225611
0.11289756657
0.111658410346
0.110210625648
0.108561702302
0.106730119291
0.104742286082
0.102628824314
0.100421226896
0.0981495696847
0.0958412225467
0.0935205941421
0.0912093361953
0.0889272086411
0.0866928937596
0.0845256691698
0.0824480732653
0.0804892775905
0.0786876970692
0.0770916179958
0.0757574459892
0.0747463367672
0.0741201142779
0.0739369520124
0.0742469603482
0.0750868037966
0.0764725759191
0.0783889670659
0.0807720518085
0.0835147348828
0.0864816372996
0.0890683307555
0.0908941504083
0.0921611233743
0.140228135138
0.140020326633
0.139404868042
0.138600657573
0.13762481138
0.136542529193
0.135390023028
0.134197857774
0.132993527539
0.131796200903
0.130622129595
0.129482857999
0.128387236599
0.127341678561
0.126350903803
0.125418365269
0.124546605459
0.123737496656
0.1229923896
0.122312186753
0.121697359375
0.121147925276
0.120663391784
0.120242755597
0.119883817137
0.119588968187
0.119357519404
0.119183218455
0.119058326997
0.118976997715
0.118933296315
0.118920111531
0.118929225177
0.118951433206
0.118976501822
0.118993117817
0.118988902231
0.118950496461
0.118863736832
0.118713946442
0.118486401564
0.118166979502
0.117742817709
0.117202246863
0.116531088206
0.115705138553
0.114692089168
0.113465256063
0.112012446554
0.110336557031
0.108453755375
0.106390446508
0.104179036882
0.101853745958
0.0994474054819
0.0969896704197
0.0945062455332
0.0920191649538
0.0895472497247
0.0871072799036
0.0847147394956
0.0823859008035
0.0801411656177
0.0780090292128
0.0760284660168
0.0742486088452
0.0727258451851
0.0715198614882
0.0706898263629
0.0702911180415
0.070372731349
0.0709739449616
0.0721188401469
0.0738028449502
0.0759747612849
0.0785542212516
0.081260169942
0.0836484911795
0.0851077004717
0.0861568239193
0.142486576309
0.142273744933
0.141622631844
0.140769116117
0.139735180604
0.138592405911
0.137379392115
0.13612914642
0.134869958281
0.133622064259
0.132402029232
0.131221726765
0.130090060429
0.129013416577
0.127996386795
0.127042237549
0.126153279749
0.12533112259
0.124576832132
0.12389101287
0.123273831231
0.122724999299
0.122243721131
0.121828683295
0.121477479006
0.12119136417
0.12097122522
0.120808765651
0.120695767087
0.120626328715
0.120594005838
0.120590899646
0.120607915107
0.120634858798
0.120660361456
0.120671833813
0.120655505897
0.120596555345
0.120479340845
0.120287789071
0.120006000129
0.119618913331
0.119112895573
0.118475022194
0.117686331103
0.116714096788
0.115521910387
0.114087184282
0.112406081349
0.110491102407
0.108367765716
0.10607009885
0.103635481745
0.101100412817
0.0984977768418
0.0958557548903
0.0931976037196
0.0905424830735
0.0879060321614
0.085301850441
0.0827419739205
0.0802396224932
0.0778134673395
0.0754921939791
0.073316201536
0.0713358336469
0.0696070347316
0.06818693339
0.0671306606559
0.0664896025917
0.0663115576612
0.0666405693363
0.0675127449747
0.0689397028174
0.0709122050569
0.0734028114731
0.0758082199064
0.0776257991238
0.0789525702375
0.079971152787
0.144838293846
0.144621227414
0.143933288799
0.143027627758
0.141932122959
0.140725071896
0.139448061221
0.138136526768
0.136819653478
0.135518649066
0.134250375345
0.133026969715
0.131857364131
0.1307478943
0.129703017441
0.128725817149
0.127818386787
0.126982094715
0.126217750897
0.125525694661
0.124905823084
0.124357579487
0.123879908908
0.123471235825
0.123129071354
0.122853401823
0.122646345608
0.122498192723
0.122400298135
0.122346438857
0.122329547907
0.122340901175
0.122370453573
0.122406917233
0.122437662241
0.122448673466
0.122424618377
0.122349025346
0.122204582079
0.121973652571
0.121639031939
0.121184501704
0.120595423276
0.11985666505
0.118941480503
0.117807491863
0.11641783341
0.114757999289
0.112834802831
0.11067157731
0.108303357654
0.105770962113
0.103115366762
0.100373903408
0.0975782782233
0.0947543205831
0.0919222775064
0.0890981803855
0.0862943430896
0.0835212129901
0.0807873000798
0.0781030879487
0.0754865432348
0.0729681346629
0.0705910828508
0.0684075196269
0.0664723842598
0.0648387563555
0.0635556276419
0.062668005173
0.0622211731169
0.0622648138551
0.0628489071819
0.0640107496355
0.0657989217519
0.0680118923669
0.0701262826062
0.0717192298429
0.0729743632723
0.0739332086938
0.14727027601
0.14705019297
0.146325070781
0.145365277594
0.144205627842
0.14293141286
0.141587823119
0.140212711747
0.138836230173
0.137480442812
0.136162466185
0.134894624632
0.133685844076
0.132542385035
0.131468567052
0.130467301132
0.129540485558
0.128689279522
0.127914274896
0.12721558714
0.126592885976
0.126045387349
0.125571831887
0.125170465137
0.124839344326
0.124576138276
0.124384163119
0.124252951273
0.124173564762
0.124139206205
0.124142046359
0.124172501364
0.124219521251
0.124270623469
0.124311783199
0.124327392347
0.124300364952
0.12421237025
0.124044200812
0.123776480263
0.123390522599
0.122868606755
0.122194832519
0.121350056478
0.120295834636
0.118981133698
0.11737413713
0.115472177889
0.113294569518
0.110876242286
0.108261292173
0.105495978249
0.102623237697
0.0996797779812
0.0966950434059
0.0936918720352
0.0906871857598
0.0876938883098
0.0847210162134
0.0817761346786
0.0788643136516
0.07599411702
0.0731846615769
0.0704706561339
0.0679000536616
0.0655274620766
0.0634059784671
0.0615826687794
0.0600974682475
0.0589854710987
0.0582874228071
0.0580561550606
0.0583515549697
0.0592725119746
0.060981529452
0.0628751899949
0.0644972462672
0.0660727714968
0.0673872131978
0.0683145003889
0.149766293074
0.149544902199
0.148783301959
0.147768584204
0.146543503599
0.145200511563
0.143789009876
0.142349259056
0.140912415336
0.139501270351
0.138133128971
0.136820416865
0.135572013089
0.134394081014
0.133290805476
0.132264945259
0.131318237937
0.130451677994
0.129665689935
0.128960217663
0.128334749903
0.127788296375
0.127319356351
0.126925536112
0.126607455254
0.126360907458
0.126186615889
0.126075016985
0.126017487765
0.126006557795
0.126033540411
0.126087950574
0.126157660957
0.12622887439
0.126286016375
0.126311696613
0.126286866286
0.126191097478
0.12600302963
0.125701364917
0.12526565449
0.124676197292
0.123915538884
0.122957147789
0.12174683349
0.120229334969
0.118384401223
0.116224220923
0.113781978036
0.11110434494
0.108243330099
0.105248842091
0.102164017599
0.0990235907117
0.0958538898809
0.0926744003647
0.0894986478135
0.0863366516288
0.0831943727406
0.0800770140065
0.0769864268655
0.0739307602149
0.0709331818093
0.0680360262943
0.0652942798808
0.0627656572548
0.0605001353893
0.0585362066621
0.0569006730328
0.0556142878548
0.0547118616756
0.0542422822429
0.0542691702164
0.0549694538933
0.0563852800512
0.0580536267808
0.0596037086088
0.0611959119647
0.06250709748
0.0633761947391
0.152306296761
0.15208585165
0.151289825838
0.150220993715
0.148930960927
0.147519324879
0.146040250806
0.144536391617
0.143039911501
0.141574189499
0.140156634191
0.138799683957
0.137512129659
0.136300023211
0.135167428881
0.134116988041
0.133150327965
0.13226833991
0.131471349824
0.130759203331
0.130131284714
0.129586479004
0.12912314566
0.12873849814
0.128434118684
0.128206839601
0.128053275941
0.127964609562
0.127932690154
0.127949461469
0.128005369379
0.12808897739
0.128187001974
0.128284216399
0.128363346209
0.128405024578
0.128388025446
0.128289554335
0.128085809688
0.127753393629
0.127269601884
0.126612224131
0.125761696203
0.124678256576
0.123289710024
0.121545027728
0.119441686838
0.117008838142
0.114294373209
0.111356057428
0.108251979768
0.105033604518
0.101742531427
0.0984103939448
0.0950598359242
0.0917069165158
0.088361906627
0.0850323960973
0.081721565459
0.0784330296293
0.0751657138896
0.071929788569
0.0687565892928
0.0657003132246
0.062825422189
0.0601931668336
0.0578486950019
0.0558189246059
0.0541122090199
0.0527296762379
0.0516931921874
0.0510231004552
0.0508276774103
0.0514903342425
0.0526085709336
0.0539219822526
0.055571058316
0.0572397629327
0.0585187119489
0.0592793070258
0.154865869808
0.154649187407
0.153822432338
0.152702367472
0.151350192814
0.149872365451
0.148328242766
0.146762834684
0.145209279617
0.143691401493
0.142226620528
0.140827305861
0.139502127509
0.1382570266
0.137095978488
0.136021561524
0.135035363478
0.134138254397
0.133330551138
0.132612095924
0.13198226953
0.131439946645
0.130983472731
0.130610077564
0.130320729804
0.130114004417
0.129984084354
0.129921980202
0.129919693475
0.129968683818
0.130058568483
0.130176913302
0.13030920259
0.130438674859
0.130546214469
0.130610280325
0.130607255851
0.130511662914
0.130296956895
0.129937446891
0.12940731804
0.128681507186
0.12773675149
0.126511229273
0.124917367909
0.122919947454
0.120538709686
0.117821105988
0.114829873728
0.111632297638
0.108290141287
0.104854214644
0.101363023433
0.0978442849772
0.0943166961867
0.0907930825619
0.0872807557752
0.0837854971986
0.0803080141603
0.0768513638355
0.0734117874655
0.0700051433321
0.0666762817459
0.0634960010772
0.0605403484954
0.0578741748741
0.0555359117621
0.0535386253882
0.0518684659566
0.0505044508078
0.049434645151
0.0486048874409
0.0482191244458
0.0486866690545
0.0498686857767
0.0512201151607
0.0528574853779
0.0544164391703
0.0555235196169
0.0560222093467
0.157415738294
0.157206181562
0.156354335835
0.155188510166
0.153779990433
0.152241419585
0.150637557374
0.149015688055
0.147409852636
0.145844185943
0.144336037019
0.142897645075
0.141537548234
0.140261602392
0.139073751025
0.137976589416
0.136971761427
0.136060221231
0.135242387108
0.134518210251
0.133887179299
0.13334826809
0.132899896913
0.132539431403
0.132267176942
0.132082869447
0.131979366211
0.131947353484
0.131978750808
0.132064551962
0.132193576483
0.132352361829
0.13252509495
0.132693384166
0.132836142442
0.132929455537
0.132947115646
0.132860571728
0.132640267838
0.132257934122
0.131683281943
0.130888638733
0.129842652235
0.12845065761
0.126620497251
0.124344813144
0.121667998385
0.118656574916
0.115387289553
0.111934434626
0.108360672828
0.104714043237
0.101028715912
0.097328040942
0.0936267933946
0.0899349720024
0.0862573011881
0.0825984912237
0.0789569978648
0.0753366096041
0.071730887699
0.0681666428732
0.0647085498133
0.0614484914013
0.0584749453105
0.0558553576397
0.0536189699159
0.0517649181499
0.0502590834964
0.0490613198535
0.0481046364078
0.0473243486785
0.0472177733275
0.0476129359736
0.0483730157177
0.0498185303735
0.0513361250933
0.0526338622906
0.0534158925109
0.0532863109905
0.159921495789
0.159722882182
0.158853792549
0.157650814719
0.15619545919
0.154605351604
0.152950521596
0.15128035822
0.149629695738
0.14802286997
0.146477108052
0.145004499669
0.143613478343
0.142309877621
0.141097700916
0.139979672772
0.138957618486
0.138032708471
0.137205596368
0.136476474392
0.135845066319
0.135310566691
0.134871581388
0.13452571801
0.134272601475
0.134112908684
0.134038568682
0.134040067373
0.134109163934
0.134236370233
0.134409726501
0.13461473129
0.134834231358
0.135048131081
0.135233265971
0.135363160652
0.135408849803
0.135338215907
0.135118560124
0.134718441526
0.134101241925
0.133237851182
0.132078590524
0.13048740844
0.128387827628
0.125809461756
0.122822035083
0.119511296061
0.115965916211
0.112263893321
0.108465916231
0.104615434662
0.100741453954
0.0968628751088
0.0929908068675
0.0891329722978
0.0852918725818
0.0814719561246
0.0776694579683
0.0738904618296
0.0701253705267
0.0664193087051
0.0628634642704
0.0595739605228
0.0566498922434
0.0541575548826
0.0521119016606
0.0504997337569
0.0492705093216
0.0483658954669
0.0476862394977
0.0472871134036
0.0472561651905
0.0477441926309
0.0484805093428
0.0495931556134
0.0507316905821
0.0516606573463
0.0521333672279
0.0517036847773
0.162343608527
0.162160038941
0.161283968994
0.160056134292
0.158567932739
0.156940070731
0.15524722423
0.153540582979
0.151855631212
0.150216840075
0.148641324118
0.147141069094
0.145724489149
0.14439750997
0.143164331872
0.142027960775
0.140990563795
0.140053690348
0.139218389801
0.138485249871
0.137854375793
0.137325320383
0.136897003248
0.136567393938
0.136335427598
0.13620257922
0.136160068861
0.136198342779
0.136309007169
0.13648208778
0.136704865326
0.136961809141
0.137234413577
0.137500841795
0.137735787643
0.137910056314
0.137991822652
0.137944766957
0.137733231602
0.137321256141
0.136664033571
0.13573266919
0.134439374194
0.13260863449
0.130206359653
0.127302941907
0.123993364672
0.120381736162
0.116565205534
0.112621688379
0.108607228191
0.104559333968
0.100501469974
0.0964483304206
0.0924077589905
0.0883858238849
0.0843830810479
0.0804045692737
0.0764440400715
0.0725117490033
0.0685936959789
0.0647634821561
0.0611450217138
0.0578795033793
0.0550709891671
0.0527769846989
0.0509891868136
0.0496813130813
0.0487724034848
0.0481798038897
0.0478162281179
0.047646496631
0.0478535462474
0.048326265372
0.0489665768536
0.0497960985269
0.0506158994765
0.0512270847252
0.0514089198236
0.0513417098958
0.164637908866
0.164473476238
0.163603218691
0.162367039574
0.160865228274
0.159218769956
0.15750572008
0.15577858937
0.154073347064
0.152414602392
0.150819456725
0.149299927879
0.147864573554
0.146519591868
0.14526957233
0.144118001283
0.143067588116
0.142120458102
0.141278245269
0.140542110563
0.139912705276
0.139390092419
0.138973646471
0.138661860696
0.138452946389
0.138349015049
0.138340805578
0.138418883932
0.138574725714
0.13879787869
0.139074897789
0.139389260718
0.139721140286
0.14004697678
0.140339323069
0.140566165124
0.140692816719
0.140677948324
0.140483707442
0.140066721533
0.139373577027
0.138374948636
0.136913887709
0.13479817609
0.132061456786
0.128813598891
0.12517464122
0.121264558299
0.117184330329
0.113007931071
0.108784567855
0.104545028522
0.100307285871
0.0960823072492
0.0918751230471
0.0876907731742
0.0835280001687
0.0793933228374
0.0752773648636
0.0711968099628
0.0671309450349
0.0631957393462
0.059552332136
0.0563645902478
0.0537317475109
0.0516934494545
0.0502090861993
0.0492287656769
0.0485880256762
0.0482010907626
0.0480517805357
0.0480693820417
0.0483863317284
0.0488258322644
0.0493944931643
0.0500645539884
0.0506931054209
0.0511053256675
0.0509765807046
0.0512810268777
0.166756694099
0.166615066504
0.165765949571
0.164542676311
0.163052443525
0.161412584115
0.159702522601
0.157975431974
0.156267607189
0.154603891996
0.153001589611
0.151472996053
0.15002706812
0.148670533188
0.147408625439
0.146245563336
0.145184843171
0.144229399812
0.14338167105
0.14264359232
0.142016542386
0.141501259323
0.141097725343
0.140805284827
0.140621170594
0.140547850533
0.140576029491
0.140696567952
0.140900778034
0.141177729979
0.14151331109
0.141890086072
0.142286994307
0.142678846523
0.143036145721
0.143324057826
0.143505178126
0.14353219364
0.143366724908
0.142952397945
0.142231152896
0.141162698736
0.139484357804
0.137037024168
0.133936788509
0.130329169922
0.12635856889
0.122156264395
0.117821680275
0.113421364537
0.108996190114
0.104570030315
0.100155752818
0.0957612066108
0.0913890242646
0.087043807107
0.0827224338307
0.0784338488128
0.0741644611561
0.0699401279521
0.0657298126876
0.0617106613935
0.0580819860299
0.0550235711559
0.0526160807634
0.0508746860516
0.0497155457788
0.0490421636259
0.0485881021266
0.0484567595057
0.0483262537521
0.0484311605736
0.0487937981687
0.0492282377417
0.0497511795657
0.0503231097962
0.0508390834668
0.0511924357262
0.0510435586163
0.0513890840955
0.168650657352
0.168534489651
0.167724302299
0.166540517054
0.165093558476
0.163491841374
0.161813481764
0.160111555464
0.158422574037
0.156771824206
0.155177151023
0.153651488591
0.15220454317
0.150843907006
0.149575780245
0.14840542055
0.147337402379
0.146375742762
0.145523933499
0.144784908027
0.144160961134
0.143653647178
0.143263503331
0.142991735071
0.142834559763
0.142793181802
0.142859260873
0.143024262724
0.143279304974
0.143612999358
0.144010650999
0.144454026951
0.144920977652
0.145384863002
0.145814342653
0.146171915165
0.146417791986
0.146497624056
0.146375386965
0.145972075565
0.145238026907
0.144086287884
0.142126819832
0.139303508449
0.135814224276
0.131836867044
0.127537699355
0.123052721428
0.118474346629
0.113858989334
0.109238484958
0.104630107882
0.100042212823
0.095480160206
0.0909445015907
0.0864399357219
0.0819612338161
0.0775208000569
0.0730992605959
0.0687350185157
0.0643817225551
0.0603029077921
0.0567313369689
0.0538514690825
0.0517088793682
0.0502844030494
0.0494136608302
0.0489651490691
0.0488126075517
0.0486986834866
0.0485889076553
0.0487308193854
0.0491174222257
0.0495500076806
0.0500403147411
0.0505489743417
0.0510021259547
0.0513834035315
0.0515445168895
0.0516564450087
0.170271748523
0.170181892789
0.169430939932
0.168319470073
0.166954183296
0.165428084065
0.163815124466
0.162167605153
0.16052223924
0.158905070671
0.157334925654
0.155825822069
0.154388640412
0.153032239944
0.151764167893
0.150591081505
0.149518971356
0.148553249243
0.147698745422
0.146959645837
0.14633938537
0.145840530236
0.14546435395
0.145213627641
0.14508445818
0.145075933761
0.145180963939
0.145391735095
0.14569922759
0.146091663511
0.146553861608
0.147066931856
0.147607840417
0.148148780041
0.148656925163
0.149092487297
0.149413876983
0.149558801233
0.149497865708
0.149114753634
0.148396330322
0.147123781646
0.144812269417
0.141573093085
0.137673820911
0.133323392493
0.128704072593
0.123948624027
0.119137671209
0.114315839849
0.109505987619
0.104719459692
0.0999607560555
0.0952333155465
0.0905357973776
0.0858734882459
0.0812386308485
0.0766482488917
0.0720751192991
0.0675743151858
0.0630777270539
0.0589681266648
0.055499560615
0.0528494004343
0.0510104237045
0.0498981680572
0.0492256545998
0.0489986078364
0.0490295243184
0.0488946115286
0.048814292311
0.0489755520479
0.0493719821865
0.0497974178279
0.0502611280878
0.0507295892796
0.0511509528108
0.0515605450783
0.0520639560725
0.0518981061131
0.171577031096
0.17151110137
0.170843144511
0.169844866936
0.168605671569
0.167196880295
0.165686425953
0.164125441592
0.162550921637
0.160990028585
0.159463021832
0.157985458615
0.156569840701
0.155226731291
0.153965448224
0.152794453566
0.151721534913
0.150753849655
0.149897883472
0.149159357889
0.148543104715
0.148052943167
0.147691325273
0.147461264818
0.147359431179
0.147383988392
0.147528453479
0.147785516322
0.148146102053
0.148598128659
0.149126019911
0.149710390342
0.150327590161
0.150949046074
0.151540983698
0.152062004358
0.152469597598
0.152693151524
0.152715473334
0.152363427664
0.15170924599
0.150237886244
0.147507304054
0.143817885789
0.139493981528
0.1347748314
0.129848729566
0.124836977551
0.119804945045
0.114784959928
0.109791564778
0.104831008808
0.0999045471298
0.0950141507489
0.0901566489602
0.0853383865637
0.0805485174619
0.0758100068464
0.0710853063401
0.0664512258736
0.0618097448476
0.0577035712634
0.0543869448514
0.052020794141
0.0505151024348
0.0496717461767
0.0491194804757
0.0491986067099
0.0491482826741
0.0490614700754
0.0490059656582
0.049173746667
0.049569099819
0.0499827965376
0.0504237285128
0.050864969087
0.0512660898457
0.0516468671195
0.0522191157947
0.0519728518923
0.172533726082
0.172485071437
0.171931744984
0.17109731553
0.170030893238
0.168781296629
0.167410846063
0.165969221144
0.164493745642
0.163012938687
0.161548774487
0.160118679139
0.15873715782
0.15741689704
0.156169422151
0.155005435182
0.153934936825
0.152967213499
0.152110748203
0.1513730936
0.150760726556
0.15027890954
0.149931436168
0.149721474757
0.149646097753
0.149703124066
0.149886494362
0.150189245035
0.150602260561
0.151113202879
0.151706178056
0.152361472777
0.153055129829
0.153758305687
0.154436981019
0.155049146356
0.155552558097
0.155868939365
0.155999622089
0.155692715628
0.155177502942
0.153377105124
0.150173471676
0.146006060773
0.141251706701
0.136176392174
0.130961177058
0.125708712853
0.120467337962
0.115257603981
0.11008676376
0.104956793892
0.0998662007205
0.0948158096107
0.0898005813701
0.0848283929092
0.0798846381062
0.0749997073441
0.0701231156298
0.0653597166859
0.0605715507362
0.0565114192751
0.0534046451685
0.0513710444147
0.0501541388913
0.0494926966111
0.049390453247
0.0493359961238
0.0492883400613
0.0492158428694
0.0491723877353
0.0493328940809
0.0497172134804
0.0501187825385
0.0505416293743
0.0509629737783
0.0513478066161
0.0516726863752
0.0520992495704
0.0519438930078
0.173114087994
0.173061049895
0.172692396132
0.172083849824
0.171229855014
0.170175020908
0.168978046071
0.167686220832
0.16633696182
0.164959914101
0.163578591355
0.162212310085
0.160877784948
0.159590161943
0.158363588025
0.157211451259
0.15614640643
0.155180278531
0.154323909723
0.15358698968
0.152977888207
0.152503500727
0.152169102396
0.151978050822
0.151927660938
0.152015601054
0.152236237851
0.152582839254
0.153046178709
0.153613644421
0.154269064857
0.154992543892
0.155760126277
0.156543238391
0.157308434194
0.158014365301
0.158620483061
0.159042941622
0.159307477574
0.159063906692
0.15878767411
0.156480259423
0.152765645197
0.148101442266
0.142922745164
0.137512019403
0.132028947029
0.126552564058
0.121114122327
0.115723664669
0.110382299373
0.105088432025
0.0998381932039
0.0946314576046
0.0894612239122
0.0843373894419
0.0792407885773
0.074210816258
0.0691816592889
0.0642932776067
0.059355440073
0.0553980153368
0.0525854735095
0.0509206814607
0.0498905832188
0.0495154397514
0.0496018609999
0.0494834569609
0.0494186699245
0.0493532302989
0.0493183404013
0.0494570346048
0.0498195811198
0.0502150356078
0.0506266419672
0.0510348692605
0.0514091846855
0.0517035816528
0.0520201826643
0.051954230299
0.17338591589
0.173268720158
0.17319849459
0.172851126734
0.172223248547
0.171383882309
0.170384260464
0.169266852058
0.168067897115
0.166816835725
0.165537773415
0.164251463189
0.162976758234
0.161731458895
0.160532693354
0.159396975147
0.158340068
0.157376762705
0.156520635007
0.155783820993
0.155176824222
0.154708347408
0.15438525559
0.154211163623
0.15418352367
0.154299921572
0.154555117127
0.154942475664
0.155452529901
0.156072310084
0.156785345234
0.157571639263
0.158407489572
0.15926508907
0.160112383445
0.160910063012
0.161620758423
0.162158654602
0.162577454851
0.162417863546
0.162491441716
0.159479040283
0.155230377891
0.150063651552
0.144481613201
0.138764053308
0.133037476424
0.127355350981
0.12173322816
0.116172308095
0.110668648718
0.10521763224
0.0998132972446
0.0944546477612
0.0891326409616
0.0838596897792
0.0786111170947
0.073437068035
0.0682546174804
0.0632443305971
0.0581483464746
0.0543657989083
0.0519485909799
0.0506409711468
0.0497267111782
0.0497851530004
0.0496904529267
0.0496106320211
0.0495581253403
0.0495164374901
0.0494904642951
0.0495624479584
0.0498531789285
0.0502772612832
0.0506878384102
0.0510898539492
0.0514583191008
0.0517419245477
0.0519954335166
0.0520370238848
0.173500185762
0.17359466566
0.173667413966
0.173475544689
0.173049028049
0.172423853699
0.171630633117
0.170703854055
0.169674681202
0.168569276039
0.167410464209
0.166219426869
0.165016758392
0.163822941181
0.162658375161
0.161543121009
0.160496509201
0.159536729576
0.158680466292
0.157942602547
0.157335997592
0.156871308174
0.156557057928
0.156397206403
0.156389289224
0.156530828316
0.156816874886
0.157240713099
0.157792449936
0.158458598644
0.159222277141
0.160063364498
0.160958532206
0.161881082097
0.162801009135
0.163682244859
0.164491855914
0.165146698534
0.1657276953
0.165670386328
0.166185574574
0.162294750574
0.157505551717
0.151849576069
0.145901955694
0.139913368427
0.133970601857
0.128102780677
0.12231212713
0.116592779049
0.110936723271
0.105336745271
0.0997850344006
0.0942796875568
0.0888096279302
0.0833902057049
0.0779901630242
0.0726728091663
0.0673372935816
0.0622062139543
0.0569436035269
0.0534370660505
0.051456465735
0.050327482361
0.0500286002028
0.0499439645639
0.0498156770586
0.0497313556109
0.049688121943
0.0496710266388
0.049661686763
0.0496951391559
0.0499195468798
0.0503357462145
0.0507387167379
0.051135959953
0.0515005632168
0.0517808467795
0.0519979273635
0.0522095027547
0.17381415525
0.17404147361
0.174070139764
0.173972953682
0.17372830748
0.173303810347
0.172716507664
0.171990202787
0.171145812788
0.170202651152
0.169179942101
0.168097899256
0.166978215315
0.165843954545
0.164719024154
0.163627434621
0.162592532568
0.161636329187
0.160778973541
0.160038369587
0.15942991836
0.158966333863
0.158657810812
0.158508752549
0.158516809834
0.158679451843
0.158991848096
0.1594469568
0.160034210096
0.160739364641
0.161544908719
0.162430428725
0.163372901774
0.164346829862
0.165324611029
0.166274147625
0.167167705386
0.167929518071
0.16866169926
0.168717192175
0.169711219493
0.164834964962
0.159523727251
0.153417118027
0.147158055421
0.14094050377
0.13481186111
0.128780758776
0.122838970944
0.11697531049
0.111178580199
0.105439339664
0.0997481645038
0.0941020660861
0.0884880565812
0.0829244754511
0.0773723081006
0.0719116348938
0.0664229120956
0.0611678836115
0.0557488395266
0.0526856182055
0.05117366505
0.0500933494749
0.0502855280715
0.050055176978
0.0499148672873
0.0498261495607
0.0497864207196
0.0497815773643
0.0497890285911
0.049822890114
0.0500008752553
0.0503823169224
0.0507799910109
0.0511775270337
0.0515439152835
0.0518331464583
0.0520584685966
0.0525657599933
0.174194400576
0.174296520404
0.174277000194
0.174345604026
0.174265614229
0.174024448142
0.173639988676
0.173119811045
0.172471044255
0.171703211595
0.170829532194
0.169867722789
0.16883984494
0.16777139708
0.166690008963
0.165624029678
0.164601248327
0.163647884754
0.162787865674
0.16204233977
0.161429381855
0.160963808617
0.160657428268
0.160515179713
0.160534952082
0.160714185822
0.16104793771
0.161528539586
0.162144451809
0.162880367559
0.163717818032
0.16463576082
0.165611165341
0.166619492391
0.167635516464
0.168631251373
0.169584606487
0.170430819757
0.171282573741
0.171451267619
0.172883781477
0.167002189994
0.161221314345
0.154730937185
0.148227528824
0.141827777627
0.135546427392
0.129377001449
0.123303827106
0.117312040027
0.111388118801
0.105520781965
0.0996992307551
0.0939190556468
0.0881655798715
0.082459280648
0.0767519907955
0.0711444662326
0.0654938545918
0.0600998673897
0.0545610396636
0.0520721753254
0.0508498084312
0.0504802111285
0.0503101910315
0.0501139338001
0.0499815235644
0.0499065387949
0.0498845397198
0.0499016008739
0.0499392885714
0.0499892879053
0.0500940831183
0.0503727238614
0.0508060107889
0.05122151359
0.0516069314894
0.0519383968228
0.0522636122077
0.0532192641571
0.174459085894
0.174437165331
0.174607829015
0.174669748961
0.174677837558
0.174600252302
0.174408147932
0.174092376102
0.173644429338
0.173060224279
0.172344242902
0.171510146457
0.170579638259
0.169580509021
0.168544332666
0.167504166972
0.166492616608
0.165540422537
0.164675519212
0.163922440056
0.163301983154
0.162831034766
0.162522884137
0.162383103669
0.162410087079
0.162601320761
0.16295145673
0.163451832919
0.164089591092
0.164847996542
0.165707201026
0.166645031531
0.167637851326
0.16866138128
0.169692139677
0.170705596369
0.171686329785
0.172582770749
0.173505342986
0.173778795509
0.175535081269
0.168713975322
0.162549868
0.155767108407
0.149093878251
0.142561740059
0.136163254809
0.129882673642
0.123699841364
0.117597822509
0.111561682518
0.105578758198
0.0996371172491
0.0937304896401
0.0878428248242
0.0819945780892
0.0761272248926
0.0703637083508
0.064522377567
0.0589471748845
0.0533219143101
0.0514326657687
0.0503004509946
0.0505625104053
0.0502571852963
0.0500801782095
0.049984333031
0.0499477567161
0.0499653868228
0.0500204211485
0.0500992106429
0.0501883181569
0.0502893642296
0.050466808762
0.0508324642629
0.0512880534047
0.0517150563243
0.0521234051451
0.05256708573
0.0536644696502
0.174724274733
0.174733437307
0.174828597125
0.174842480371
0.174974934398
0.175046651509
0.175030816882
0.174913101088
0.174665645461
0.174267520132
0.173712259148
0.173008191875
0.172176095448
0.171246011854
0.170253739549
0.169237393034
0.16823467253
0.167281031948
0.166408523127
0.165645093418
0.165014216397
0.16453473073
0.164221187949
0.164079797733
0.164109744479
0.16430866671
0.164670533227
0.165185351504
0.165838644459
0.166611912464
0.167483484388
0.168429460136
0.16942477511
0.170444217891
0.171464286234
0.172460886455
0.173425528649
0.174318570974
0.175242799315
0.175600602506
0.177517168846
0.169910320757
0.163480723557
0.156514851662
0.149748882394
0.143135973524
0.136657351845
0.130293931468
0.124024195699
0.117830810716
0.111698438155
0.10561359558
0.0995634599104
0.0935394956449
0.0875246325536
0.0815358863132
0.0755051455763
0.0695757268943
0.0635027934585
0.0576822927475
0.0518386384154
0.0500740749457
0.0495470977415
0.0500919119514
0.0499874848834
0.0498963303024
0.0498970136578
0.0499176516513
0.0499977708015
0.0501125566075
0.0502400552642
0.0503679396344
0.0504918551447
0.0506358221741
0.0509248313431
0.0514007739658
0.0518874173814
0.0523936585414
0.0529256077335
0.0537806583454
0.174971978944
0.174978003406
0.174968355586
0.1751109175
0.17522668003
0.175383889416
0.175526925595
0.175595963374
0.175541362612
0.175324431593
0.174925824408
0.174347618712
0.173609298408
0.17274327284
0.171789947461
0.170792782404
0.169794687972
0.168835840512
0.167952350867
0.167175459716
0.166531142245
0.166039979384
0.165717534427
0.165570705044
0.165599924258
0.165803165201
0.166173371217
0.166698826194
0.167363114205
0.168145630848
0.169022438133
0.169967327004
0.170953078162
0.171952633193
0.172940712692
0.173888364724
0.174786946815
0.175580339568
0.176392979386
0.176783031073
0.178658437312
0.17054092158
0.164008639696
0.156983169156
0.150198699205
0.143555199029
0.137032159255
0.130613153387
0.124278663702
0.118012643462
0.111800367178
0.105628153488
0.0994825596728
0.0933526500812
0.0872206204425
0.0810959321185
0.074905061413
0.0688046939482
0.0624682111069
0.0563870180209
0.0502396479022
0.048541512078
0.0490102378763
0.0493319796173
0.0495179321812
0.0496926212032
0.0497662532808
0.0498100378913
0.049982717574
0.0502035496794
0.0503992348011
0.0505631978419
0.0507359410274
0.0508975855624
0.0511082940033
0.0515213689118
0.0521277962659
0.0527554310588
0.0533982205456
0.0540941496049
0.175208479361
0.175216005862
0.175229914028
0.175301511585
0.175416397169
0.175647836786
0.175925822029
0.176162339453
0.176285745932
0.176236429427
0.175981649946
0.175517431842
0.17486171066
0.174049652698
0.173126817879
0.172142118189
0.171143483886
0.170175556431
0.169278228565
0.168485734141
0.167826239283
0.167321757407
0.166988513033
0.166833874812
0.16685976879
0.167064661308
0.167440327602
0.167973193731
0.1686448235
0.169432331549
0.170309126813
0.171246072383
0.172213112932
0.173181292016
0.174125342667
0.175016978434
0.175850544275
0.176456529867
0.177007215216
0.177323275956
0.178849269071
0.170611838874
0.164180516308
0.15721835025
0.150472870339
0.143838642742
0.137300559489
0.130849100232
0.124469449106
0.118148133999
0.111871816082
0.10562715672
0.0994004063554
0.093178598742
0.0869435942719
0.0806945824829
0.0743603545573
0.0680903583467
0.061463692582
0.0551307277442
0.0486215498334
0.0473955351383
0.0485952117074
0.0488396811055
0.04910712264
0.0493649029448
0.0495883427657
0.049809122096
0.0500926839911
0.0503950493887
0.0505902587931
0.050778982977
0.0510490142827
0.0512830527484
0.0514998658796
0.0518445830869
0.0524461545568
0.0532112658743
0.0539805756153
0.0546150419165
0.175427264607
0.175436417528
0.175453159968
0.17547696882
0.175653935088
0.175889555734
0.176259446207
0.176635211742
0.176915828219
0.177011439619
0.17687906009
0.176509334315
0.175917718691
0.175143310756
0.17423783187
0.173255557014
0.172248959053
0.171266672544
0.170351906563
0.169541417549
0.168865119617
0.1683460829
0.168000914934
0.167837435297
0.167859411835
0.16806586905
0.168447037837
0.168987203441
0.169665750535
0.170457309983
0.171332230713
0.17225766211
0.173199377718
0.174124815074
0.175008752755
0.175840841404
0.176678587956
0.177283717379
0.177544987743
0.177677196113
0.178476135892
0.1703591629
0.164125874146
0.157302777978
0.15062088551
0.144016710805
0.137482345742
0.131015198679
0.124606016643
0.118244404242
0.111918740336
0.105616330056
0.0993233449843
0.0930254450154
0.0867047285766
0.0803517828945
0.0739094374014
0.0674888119912
0.0605900786491
0.0540927629602
0.0473520821452
0.0472472478919
0.0480496248248
0.0485098002292
0.0488976093795
0.0492251550269
0.0495152809935
0.0497952237607
0.0500897126579
0.0503900585206
0.0506834251295
0.0510328871933
0.0514099100755
0.0516592934839
0.0518925796668
0.0522935996243
0.0529047661234
0.0537300213109
0.0546280328174
0.0552358734479
0.175619004563
0.175634170848
0.175668534257
0.175722929553
0.175871779057
0.176177832028
0.176601349408
0.177051866544
0.17745294789
0.177653759576
0.177613821845
0.177315015728
0.17676703812
0.176014449917
0.175115259443
0.174127970556
0.173108648418
0.172109243837
0.171175678363
0.17034668842
0.169653485057
0.169119836979
0.168762442567
0.168589304509
0.168605975339
0.168812019141
0.169196391683
0.169741572121
0.170424995638
0.171218921601
0.172090613908
0.173003151913
0.173916860472
0.174791691222
0.175591399068
0.176290594674
0.176890446048
0.177438705975
0.17775484234
0.177915886803
0.17853306991
0.170216556346
0.163988457715
0.157309682282
0.150691574076
0.144121226191
0.137598528224
0.131125757958
0.124698466745
0.118309081174
0.111947582433
0.105601919593
0.0992581724733
0.0929009025335
0.086512066609
0.0800770953133
0.0735605081364
0.0670258662932
0.0600509062058
0.0537768805533
0.0466170986889
0.0473301895651
0.0477984088106
0.048285062183
0.0487239548097
0.0491076492976
0.0494555504815
0.0497882499201
0.0501190434707
0.0504478906642
0.050779773498
0.0511398801439
0.0515254227191
0.0519191056272
0.0523941802084
0.0529962888985
0.0536079986879
0.0543384243554
0.0552802056741
0.0558893719189
0.175758856507
0.17578009425
0.175831384583
0.175914762568
0.17607585409
0.17642199569
0.17688502178
0.177419170248
0.17791469855
0.178170286956
0.178183648797
0.177912789575
0.177370047762
0.176612668456
0.175703185237
0.174701349931
0.173665084657
0.172648379039
0.171698649413
0.170855527152
0.170150651464
0.169608075232
0.169244592273
0.169069225977
0.16908798584
0.169298807664
0.169689003024
0.170239743545
0.170927059822
0.171721437973
0.172587889119
0.173486624275
0.174374228466
0.175205505714
0.175936369537
0.176528260834
0.1769569344
0.177234374309
0.177490737952
0.177706578836
0.177956330529
0.170139067176
0.163853434614
0.15729024699
0.150721711448
0.144176857989
0.137664844122
0.13119088293
0.124753633853
0.118347480947
0.111963531142
0.105590172433
0.0992133019102
0.0928163989426
0.0863799208598
0.079883205778
0.0732969828089
0.0666407431697
0.0598152837455
0.0541925339193
0.0455548416849
0.0469408178454
0.0474804175115
0.0480719663878
0.0485731082032
0.0490065031856
0.0493959593275
0.0497634805971
0.0501233587781
0.0504824969243
0.0508496941188
0.0512358782529
0.0516440088953
0.0520888472689
0.0526253803846
0.0533007555217
0.0541018654825
0.0550339019839
0.0559965607474
0.056515278974
0.175824952257
0.175850388107
0.175914404803
0.176022885725
0.176209138204
0.176541006982
0.177055872289
0.177711659019
0.178191393025
0.178499226447
0.178607504254
0.178362918026
0.177810063746
0.177033614722
0.176101157498
0.175073347121
0.17401024981
0.172968043659
0.17199560894
0.171133329907
0.170412758273
0.169856155619
0.169475832225
0.169285509562
0.169295779441
0.169500094842
0.169883318744
0.170425697786
0.171102627345
0.171884031533
0.172734492129
0.173613968406
0.174479022199
0.175284733484
0.175987616769
0.176549884894
0.176945829935
0.177169879358
0.177298480879
0.177301228986
0.177316291836
0.17028897676
0.163818308493
0.157282009961
0.150732439583
0.144197559945
0.137690074795
0.131215955096
0.124774985056
0.118362325626
0.111969539026
0.1055851861
0.0991950583812
0.0927820774839
0.0863255832393
0.0798003887324
0.0731704598071
0.0663904939483
0.0593023543821
0.0518218319358
0.0409289945489
0.045685461978
0.0470479392151
0.0478794062507
0.0484659379535
0.0489422732233
0.0493605596957
0.0497489472672
0.0501239796789
0.0504973773413
0.0508801035045
0.0512823174948
0.0517128646485
0.0521910711114
0.0527528220992
0.0534372935788
0.0543016231854
0.0554268663016
0.0566507057282
0.0571627855777
)
;

boundaryField
{
    frontAndBack
    {
        type            empty;
    }
    upperWall
    {
        type            zeroGradient;
    }
    lowerWall
    {
        type            zeroGradient;
    }
    inlet
    {
        type            zeroGradient;
    }
    outlet
    {
        type            fixedValue;
        value           uniform 0;
    }
}


// ************************************************************************* //
