/*--------------------------------*- C++ -*----------------------------------*\
| =========                 |                                                 |
| \\      /  F ield         | OpenFOAM: The Open Source CFD Toolbox           |
|  \\    /   O peration     | Version:  v1806                                 |
|   \\  /    A nd           | Web:      www.OpenFOAM.com                      |
|    \\/     M anipulation  |                                                 |
\*---------------------------------------------------------------------------*/
FoamFile
{
    version     2.0;
    format      ascii;
    class       volScalarField;
    location    "1000";
    object      pa;
}
// * * * * * * * * * * * * * * * * * * * * * * * * * * * * * * * * * * * * * //

dimensions      [0 2 -2 0 0 0 0];


internalField   nonuniform List<scalar> 
6400
(
0.986669324005
0.908315439366
0.746141774187
0.642414511109
0.642307698066
0.724313715251
0.890767842109
1.06852512087
1.23518445901
1.39125774556
1.53395149318
1.65768106766
1.75916612856
1.83810286218
1.89576763114
1.93403836908
1.95505845643
1.96109548736
1.95439836619
1.93707371979
1.91101380508
1.87787300312
1.83907176182
1.79581554083
1.74911965908
1.69983780094
1.64868995345
1.59628993917
1.54317074304
1.4898118969
1.43667528288
1.38428433956
1.33337771423
1.28509199951
1.23989211636
1.19161963814
1.11342353255
0.998892811771
0.854535667586
0.692649657121
0.521838008631
0.346415454985
0.16857599552
-0.0100463417847
-0.187930713928
-0.363675846191
-0.53601356053
-0.703768633874
-0.865814621695
-1.02105024347
-1.16838857881
-1.3067530556
-1.4350769596
-1.55231058538
-1.65743666108
-1.74949758062
-1.82763323991
-1.89113045105
-1.93947973133
-1.97243670432
-1.99008047412
-1.99286327464
-1.98164246601
-1.95768988631
-1.92267218294
-1.87860310124
-1.82776451436
-1.77260963309
-1.71562991152
-1.6592431696
-1.60556471478
-1.55638237962
-1.51249663875
-1.47440084154
-1.43946872841
-1.4079557564
-1.36967779152
-1.34234199247
-1.29577694383
-1.3604705925
0.762308790854
0.614272828066
0.536870945627
0.501453121407
0.599007848528
0.936036573203
1.38700236132
1.94175128094
2.5968565927
3.33684571009
4.14102085317
4.98828056624
5.8598683299
6.74016715219
7.61639162504
8.4781548461
9.31718649129
10.1270892906
10.9030576261
11.6415822676
12.3401823151
12.9971813003
13.611524085
14.1826292438
14.7102701906
15.194482412
15.6354909875
16.0336565235
16.3894351093
16.7033498456
16.9759717176
17.2078807171
17.399687711
17.5524921073
17.671759475
17.7786423685
17.9109054594
18.046886961
18.1557947866
18.2268195032
18.2590573888
18.2520562219
18.2044416237
18.1146480455
17.9813022631
17.80323113
17.5794191502
17.3090230596
16.991419523
16.6262568174
16.2135054743
15.7535122309
15.2470614063
14.6954435794
14.1005305142
13.464851767
12.7916672063
12.0850253053
11.349796011
10.5916644581
9.81707372955
9.03310666623
8.24730309054
7.46741491542
6.70111082909
5.95564770813
5.23753525904
4.55221200306
3.90377284369
3.29472258866
2.72588150378
2.19616149975
1.70299636777
1.24152471676
0.807776881638
0.393038032141
0.005460766177
-0.371688193105
-0.62145049205
-0.944693953547
0.603553162871
0.52705504117
0.54858905904
0.566166160889
0.647016918992
0.825062457151
1.07274013723
1.38354764539
1.74596413051
2.14112827158
2.55109600417
2.96137164342
3.3603183622
3.73889829389
4.09058828406
4.41104846961
4.69767916222
4.94922540824
5.16544793358
5.34684231779
5.49440591671
5.60945557098
5.69349281188
5.74810722201
5.77491011729
5.77549101971
5.75139236525
5.70409657611
5.63502357661
5.54553044637
5.43692065961
5.31041066854
5.16700084176
5.00625891798
4.82245904033
4.59655445488
4.34042430195
4.08323188258
3.83727138004
3.59996500477
3.36952215054
3.14714381046
2.93492031977
2.73485487616
2.54875626127
2.37821421032
2.22450181898
2.08847748804
1.97052139884
1.87049807841
1.78773303929
1.72100177797
1.66853264567
1.62802702895
1.59669916028
1.57134016439
1.54840983811
1.52416058957
1.49479425336
1.45665030089
1.40641732921
1.34135538604
1.25951017116
1.15989760925
1.04263670891
0.909010888267
0.761449469293
0.603415988509
0.439235354823
0.273797808876
0.11232055792
-0.0403018329065
-0.179411962275
-0.302918240297
-0.407773618053
-0.501618185003
-0.568750517058
-0.647142969196
-0.544186175864
-0.774428888961
0.285555698806
0.481977367257
0.428130880946
0.408558515153
0.600262066538
0.877236579804
1.19064433947
1.55051634196
1.95340045963
2.38503720863
2.83428934629
3.29369627782
3.75688868662
4.21822186607
4.67320608642
5.11851333743
5.55169718521
5.97094243754
6.37490363182
6.76258819558
7.13326072722
7.48636969738
7.82149648838
8.13832297825
8.43661112913
8.71619134568
8.9769554262
9.21885369493
9.44188947656
9.64611682671
9.83160635043
9.99844953736
10.1466565155
10.2769773124
10.3920344038
10.4992071418
10.5709245177
10.6039550563
10.6062304905
10.5780642894
10.516890762
10.4217212596
10.2928460576
10.130875299
9.93655892727
9.71092851683
9.45538328597
9.17169783151
8.86200962418
8.52880265414
8.17488084371
7.80332475657
7.41743178391
7.0206394412
6.61643292204
6.20823691967
5.79929570974
5.39254682367
4.99049912482
4.59512771575
4.20780193746
3.82926066539
3.45964734766
3.09860898898
2.74545709261
2.39937587948
2.05966490217
1.72598105646
1.39859760768
1.07857954199
0.768107425523
0.470333758558
0.190391378766
-0.0667895093234
-0.290358956457
-0.480110598048
-0.598518004999
-0.695494714085
-0.473543558421
-0.769546485496
-0.208457695646
0.715631274625
0.48065426603
0.488997727475
0.874995497434
1.24739822983
1.56595686409
1.89205155584
2.23637466016
2.5893719854
2.94638046176
3.30549601977
3.66366318517
4.01691107907
4.36142696235
4.6939165555
5.01155862388
5.31194150894
5.59304464269
5.85322059045
6.0911612305
6.30585634288
6.49655393496
6.66272435367
6.80402851579
6.92028935374
7.01146714896
7.07763710936
7.11897062271
7.13571351442
7.12817412251
7.09667838252
7.04156194331
6.96281112554
6.86044671068
6.7389308005
6.61203316917
6.48333195398
6.35571251751
6.23030761795
6.10657794865
5.98406046171
5.86268557455
5.74229208921
5.6223843342
5.50216998185
5.38063729761
5.25660085531
5.12874650169
4.99569702556
4.85609395977
4.70868645552
4.55242016051
4.38652148707
4.21057053596
4.02455571891
3.82890145549
3.62446196729
3.41247525932
3.19447637901
2.97217397361
2.74730165917
2.52146187409
2.2959841028
2.07182121939
1.84950011984
1.62914501585
1.41055594634
1.19338055621
0.977253411339
0.76219401594
0.548476147361
0.338105106234
0.132301696631
-0.0597602340881
-0.24251415637
-0.36824449261
-0.510966191313
-0.243599765814
-0.722914644524
-0.569048727815
1.39716542018
0.773838691207
0.834566940392
1.33977013792
1.69968056053
1.95811793015
2.21995347091
2.49827929077
2.78554085679
3.08133640993
3.38645180282
3.69902852641
4.01567833375
4.3328597638
4.64731724272
4.95611981241
5.25667056223
5.54672794581
5.8244074014
6.08815866574
6.33673174154
6.56914141569
6.7846348011
6.98266269709
7.16285551462
7.32500347419
7.46904106529
7.59503506367
7.70317545964
7.79377356621
7.86727058227
7.92430818833
7.96578497292
7.99235516911
7.99768251133
7.97741118405
7.93162929037
7.86141055264
7.76784573287
7.65168003668
7.51381368679
7.35564992057
7.17896958547
6.9857248927
6.77794205246
6.55766824305
6.32690244739
6.08751714216
5.84119213764
5.58937001805
5.33323422826
5.07371120933
4.81149735902
4.54711059228
4.2809627491
4.0134467505
3.74502866986
3.47633285703
3.20820602119
2.94174752157
2.67829517726
2.41936374445
2.16654008625
1.92135212747
1.68512924102
1.45889222797
1.24326916298
1.03851407027
0.844490794737
0.660981047475
0.487326709684
0.324036983244
0.16930181052
0.0296880385731
-0.10786828467
-0.191078242547
-0.330927189633
0.0385340945821
-0.631173441322
-0.950153158809
2.39063892471
1.21040650174
1.3309138293
1.84926024525
2.111617355
2.27918885067
2.46791213289
2.68002291896
2.90721391722
3.14986282457
3.4079575824
3.67860915845
3.95772199076
4.24117989046
4.52514094852
4.80606930426
5.08076064638
5.34636673337
5.60039781638
5.84070541267
6.06545567045
6.27310069059
6.46235081421
6.63214927038
6.78164948627
6.91019542917
7.01730459438
7.10265369652
7.16606643008
7.20750322868
7.22704993546
7.2248982486
7.20138281216
7.15752710322
7.09859333502
7.02730310009
6.94496201279
6.85285846968
6.75200774359
6.6428225356
6.52528243594
6.3992427789
6.26454591214
6.12101584183
5.96847991559
5.80682607522
5.63605353987
5.45630040248
5.26785289276
5.07114083722
4.86672084654
4.65524917175
4.43744895054
4.21407772153
3.98590171788
3.75368258347
3.51818096562
3.28017847849
3.04051555366
2.800138897
2.56014579654
2.32181253962
2.08659142864
1.85607289139
1.63190478561
1.4157011496
1.20892063143
1.01281720713
0.828314241978
0.656246113632
0.49677670564
0.351168020841
0.217336940255
0.102637340235
-0.0110152164845
-0.0619739618552
-0.199413649836
0.30183151395
-0.553488654818
-1.33891264481
3.65871209006
1.69524616778
1.86947804672
2.30368622591
2.43071720225
2.51576410899
2.6492622424
2.81604993138
3.00628946965
3.2191165005
3.45241427187
3.70199488714
3.96323138073
4.23175551042
4.50354281243
4.7749075026
5.04251627176
5.30339874502
5.55494262501
5.79487736001
6.02125240979
6.23241390163
6.4269818478
6.60382901044
6.76206212929
6.90100578601
7.02018884018
7.1193340061
7.19834837048
7.25732141091
7.29651024
7.31636097448
7.31735639633
7.29994324188
7.26291717565
7.20592096749
7.12965131642
7.03525822979
6.92406132042
6.79737620981
6.65650866367
6.50282356639
6.33773668608
6.16263172825
5.97878261127
5.7873138821
5.58918749043
5.38520458531
5.17602157285
4.96218050901
4.74414942253
4.52236602813
4.29727844789
4.06937784403
3.83921953933
3.60743135387
3.37471081501
3.14181577023
2.90955373906
2.67877935284
2.45039941445
2.22538886336
2.00480405069
1.78979398959
1.58157691411
1.38141889249
1.19054619413
1.01011843921
0.841064964566
0.684327720654
0.540095877157
0.409776943816
0.290712145648
0.191171395009
0.088618166814
0.0556028847173
-0.0977434826233
0.534789175148
-0.506460805692
-1.72359057067
5.1684520958
2.15948169633
2.40693361894
2.69361166357
2.69046585027
2.71785925505
2.81548524953
2.9533548735
3.12107005059
3.31578559023
3.5332486761
3.76829159647
4.01600023234
4.27192021226
4.53198568764
4.79248242841
5.05004213173
5.30163687875
5.54456775842
5.77644978702
5.99519490368
6.19899424453
6.38630071874
6.55581267724
6.70645916328
6.83738682306
6.94794872907
7.03769436867
7.10636213149
7.15387100741
7.18032036952
7.18599341694
7.17145884058
7.13783100184
7.08664604455
7.0188509589
6.93537751656
6.83721527572
6.72529959851
6.60045735282
6.46343855049
6.31499266203
6.15592036701
5.98707783333
5.80935837686
5.62367190013
5.43092262325
5.23198259595
5.02766545265
4.81870769724
4.6057626542
4.38940894995
4.17017273724
3.94856026262
3.72509559299
3.50035632048
3.27500067846
3.04978209217
2.82554619865
2.60322298944
2.38380842609
2.16835513713
1.95795683695
1.75375709614
1.55691774316
1.36863522183
1.19005351924
1.0222699192
0.866131399057
0.722521120375
0.591402497804
0.473958964823
0.366599357548
0.2780479359
0.181007502998
0.157807392259
-0.0243026369892
0.735221448617
-0.48309795077
-2.06870493471
6.88402652078
2.5471299757
2.92415391938
3.02793954271
2.92303843081
2.91647515723
2.99102712268
3.11011396138
3.26366746022
3.4466488964
3.65311881083
3.87733407666
4.11429605525
4.35960649926
4.60930579635
4.85980445964
5.10785173607
5.35051341552
5.58515421533
5.8094233362
6.02124151218
6.21878876788
6.40049285786
6.56501860352
6.71125833139
6.83832325871
6.94553619171
7.03242446869
7.098715481
7.14433060364
7.16938855549
7.1741976385
7.15925007402
7.12508123299
7.07194166987
7.00049171489
6.911670696
6.80659673258
6.6864909945
6.55261097806
6.40621056563
6.24852717808
6.08077436523
5.90412560693
5.71969560282
5.5285286422
5.33159391958
5.12978291543
4.92390650675
4.71469285588
4.50278820577
4.28876276103
4.07312372249
3.8563358375
3.63884986324
3.42113487132
3.20370971166
2.98717107684
2.77220038983
2.55957441577
2.35014924326
2.1448592661
1.94468466209
1.75067411393
1.56388393574
1.38543612877
1.21639586914
1.05782390954
0.910460889172
0.775161797856
0.651654906437
0.540775611686
0.438086761467
0.352715636121
0.253560196868
0.229639086849
0.0138138681586
0.89581232699
-0.487764190825
-2.3500022118
8.74738068231
2.8156269462
3.42381873427
3.32605711393
3.15596840266
3.13056881495
3.18797617942
3.29326080014
3.43628560151
3.60973764074
3.80643503438
4.02029274455
4.24630092276
4.48017306371
4.71812394925
4.9567600554
5.19301642039
5.42411637075
5.64754666887
5.86104224358
6.06257604649
6.25035140989
6.42279580207
6.5785553602
6.71649008862
6.83566906163
6.93536649837
7.01505584529
7.0744084198
7.11327941272
7.13172412991
7.12994824699
7.10852192057
7.06837252025
7.01005430026
6.93429871647
6.84198466648
6.73408808973
6.61165432782
6.4757808521
6.32760660984
6.16830768239
5.99909030359
5.82117266071
5.63575755938
5.44400386416
5.24700200948
5.04575511771
4.84116631045
4.63403324981
4.42505019148
4.214817323
4.00385746533
3.79263707864
3.58159364964
3.37116417965
3.16181143754
2.95405554264
2.74846850144
2.54570092523
2.34645597519
2.1515110381
1.96165668258
1.77776914831
1.6006991323
1.43136247185
1.27062309116
1.11936410924
0.977905181637
0.846961818714
0.725803650501
0.614351534406
0.507526290313
0.414327255703
0.304064299541
0.259072137061
0.0216933571194
1.0161667785
-0.547693939974
-2.54830051746
10.691206897
2.94483251771
3.9224397508
3.60364565815
3.40259348471
3.36378940047
3.40614626553
3.50020346017
3.63425602433
3.79880693561
3.98576954944
4.18884105237
4.40305451313
4.62429735818
4.84902824221
5.0741173759
5.29674940766
5.51436559448
5.72463204536
5.92542379496
6.11481750268
6.29108856176
6.45271022351
6.59835347154
6.72688700516
6.83737653412
6.92908423425
7.00146486275
7.05416711357
7.08701638044
7.10004361561
7.0934104695
7.06771765515
7.02363515252
6.96154136514
6.88213720186
6.7863257149
6.67513144656
6.54966424637
6.41109680941
6.2606445913
6.09955023998
5.92907139331
5.75046644745
5.56497549801
5.37379790392
5.17806906259
4.97883867632
4.77705258215
4.57354135114
4.36901739697
4.16408123974
3.95923952232
3.75492594742
3.5515325524
3.34943954835
3.1490370307
2.95077121563
2.75510912241
2.56259196853
2.37377623244
2.18930636368
2.00978160406
1.83587038408
1.66830202208
1.50761172466
1.35440434294
1.2094279311
1.07189137506
0.941984450817
0.818395716005
0.69911640636
0.579396748455
0.465632749538
0.334258806204
0.240054468294
0.0297087616098
1.09524377251
-0.701859401281
-2.65435463562
12.6463326128
2.93494231972
4.43992598101
3.86813906009
3.66639448789
3.61319739597
3.64210321028
3.72683153222
3.85267806255
4.00832853821
4.18504325064
4.37640626398
4.57757739567
4.78469843042
4.99454071941
5.2042934805
5.41143556854
5.61366314642
5.80885336391
5.99504919783
6.17045595178
6.33344344182
6.48255057799
6.61649035613
6.7341543979
6.8346161138
6.91713333504
6.98114698649
7.02628485471
7.05234334864
7.05932481958
7.04734289295
7.01706026488
6.96914339064
6.9039551936
6.82214130815
6.72454452624
6.61212035104
6.48591057775
6.34703745041
6.19669240913
6.03611907131
5.86659479709
5.68941063161
5.50584819119
5.31715398858
5.12451292604
4.92902351266
4.73167584674
4.5333365801
4.33474205668
4.13649935299
3.93910573407
3.74296459674
3.54842112001
3.35579453414
3.16538982977
2.97757732238
2.79270172345
2.61120286203
2.43347222888
2.26001559702
2.09131269572
1.9276278521
1.76994918451
1.61811481578
1.47208988857
1.33288272955
1.19831736804
1.06677382719
0.935552939706
0.800582238728
0.657846923093
0.510504101773
0.344590920734
0.18676139047
0.0716570323437
1.06364067906
-0.924470187862
-2.66645865125
14.5508728731
2.80365235175
4.99258255204
4.11883123561
3.94548553788
3.8734446484
3.89154631207
3.96859319457
4.08670250658
4.23326014212
4.39905585766
4.57769413829
4.76457846219
4.95619767011
5.14970295949
5.34264912416
5.5328416603
5.71825546993
5.89699762543
6.06729546156
6.22749815309
6.37608459596
6.51167341271
6.63303295662
6.73909002212
6.82893686813
6.9018366296
6.95722586144
6.99471948443
7.01410086215
7.01535276329
6.99859112471
6.96445605654
6.91348094384
6.84597849804
6.76256147737
6.66405182351
6.55138019602
6.42555614428
6.28766713468
6.13887258769
5.98039045612
5.81348150697
5.63943156631
5.45952960414
5.27504122051
5.08717886646
4.89707363506
4.70574795487
4.51409676306
4.32287728246
4.13270156432
3.94406177307
3.75733435533
3.57282422402
3.39079818104
3.21147425636
3.03517281041
2.8621106484
2.69264018607
2.52703537105
2.36557132081
2.20900194463
2.05650658225
1.90978714319
1.76876488719
1.63161818598
1.49910451298
1.3675475955
1.23236120543
1.0877587548
0.928268179199
0.751791000035
0.561146827684
0.350804296936
0.146000054466
0.137930883
0.860410160057
-1.1601027545
-2.58945471524
16.3546789863
2.579744991
5.58852581829
4.34967329533
4.23672519079
4.13939269708
4.1507205502
4.22140512654
4.33214950805
4.46939257432
4.62359768691
4.78856008924
4.96005529932
5.13500883172
5.3110095177
5.48601187056
5.65816740344
5.82574089845
5.98707655827
6.14059177923
6.28478517514
6.4182504219
6.53969166427
6.64793818009
6.74195691036
6.82086316701
6.88392826765
6.93058647194
6.96043970485
6.97325965754
6.96901883294
6.9478696099
6.91043728362
6.85710786385
6.78817529968
6.70421521641
6.60599650016
6.49439088515
6.37035094922
6.23491231469
6.08918873067
5.93435938247
5.7716543565
5.60233873871
5.42769252389
5.24898495696
5.06744218971
4.88421801351
4.70036031317
4.51678910179
4.33428466355
4.1534638458
3.9748216841
3.79871097521
3.62540194862
3.45512572942
3.28802806526
3.12438974355
2.96435831524
2.80818276569
2.65629845088
2.50822097696
2.36575382928
2.22814051241
2.09559746435
1.96872074892
1.84461863061
1.72136990517
1.59272690088
1.45090049602
1.28737038097
1.09704313645
0.8820747108
0.648543918212
0.395682360271
0.161539335722
0.169923336369
0.462104009787
-1.33774391648
-2.43235633615
18.0212616115
2.29697759186
6.22669747376
4.55299541344
4.53783226874
4.40657624647
4.41634712943
4.48148162802
4.58525013433
4.71299867497
4.8550400528
5.005550973
5.16079681911
5.31821723457
5.47588367418
5.63217285524
5.7855919324
5.93469901669
6.07807632005
6.21433182936
6.3421145769
6.46013461288
6.56718359843
6.66215396809
6.74405485958
6.81202672526
6.86534985786
6.90345875516
6.92593423814
6.93254199679
6.92317018681
6.89812228646
6.85808005145
6.80310925904
6.73354138165
6.6499516882
6.55305591437
6.44365630042
6.32263661705
6.19096660976
6.04969741142
5.89995083747
5.74290755409
5.57979386452
5.41186393957
5.2403765157
5.06655846566
4.89157833899
4.71650454118
4.54228081367
4.36971838194
4.19944200638
4.0319626811
3.86761772487
3.7066629906
3.54927492496
3.39563916002
3.24594907246
3.10053898866
2.95916308817
2.82336743891
2.69275179022
2.56801237803
2.44963299391
2.33683612883
2.22911917749
2.12258180439
2.01164312179
1.88641824669
1.73617185078
1.5521045901
1.33254586169
1.08418422203
0.810976577906
0.504573305939
0.205344455688
0.0784964245207
-0.0667982051303
-1.37689074036
-2.20654501659
19.5272440691
1.98880500378
6.89802122912
4.72252613967
4.84779922784
4.67097318239
4.68552829
4.74532795711
4.8426245948
4.96076842577
5.09022811507
5.22573852633
5.36414924772
5.50347543297
5.64230248015
5.77944183723
5.91375962438
6.04410657045
6.16930086666
6.28813909434
6.39941922966
6.50196650046
6.59465934573
6.67645282831
6.74639814223
6.80366070968
6.84753062834
6.87744230467
6.89295910611
6.89383940599
6.87991456963
6.85163321181
6.8096491862
6.75380924611
6.6844316158
6.60209545057
6.50747728917
6.40131588979
6.28442584049
6.15770558702
6.02213306717
5.87875797894
5.7286943157
5.57311174173
5.41322119644
5.25025794055
5.08543676644
4.919935118
4.75483828549
4.5911148156
4.42961833044
4.27098499795
4.11576885041
3.96428026203
3.81684731825
3.6734532719
3.53478485565
3.40045043805
3.27194262106
3.14924221039
3.03278595369
2.92355293539
2.82174674469
2.72809297722
2.64167487561
2.56003452871
2.476414362
2.38075118808
2.25977391732
2.10143376511
1.89829802881
1.64985432901
1.35754372606
1.01086303865
0.595531450459
0.16676937334
-0.158693491196
-0.544298480244
-1.2559436752
-1.9242245385
20.8606361572
1.68485888912
7.58787503381
4.85522747231
5.16629285879
4.92871432628
4.95569597853
5.00969650451
5.10120518401
5.20969846916
5.32634080593
5.44654197276
5.56780492202
5.68876542975
5.80854147152
5.92638505465
6.04152171259
6.15309319173
6.26015118262
6.36167843344
6.45661919825
6.54391096456
6.62251624333
6.69145030812
6.74980454662
6.79676798727
6.83164094976
6.85385836098
6.86297452103
6.85874405219
6.84097531711
6.81024003827
6.76704581431
6.71113488242
6.64278283716
6.56256113198
6.47111635543
6.36913385005
6.2573650982
6.13663949056
6.00785922514
5.8719940541
5.73007865757
5.58321047492
5.43253955586
5.27926653626
5.12457986857
4.96966303408
4.81561630864
4.66343318195
4.51403047337
4.36805982298
4.22616418849
4.08855038926
3.95600668789
3.82771973083
3.70593523437
3.59055108714
3.48151163113
3.38030258007
3.2872365767
3.20405236123
3.1316872185
3.07065520868
3.01852778275
2.96924822688
2.91122370313
2.8291499383
2.70609175218
2.52745162177
2.28257503384
1.96404619554
1.56390408738
1.07506367183
0.523208696866
0.00861963861192
-0.382970719582
-0.733680869734
-1.02130139649
-1.597422076
22.0185275949
1.40900002669
8.27883476887
4.95185431372
5.49272450708
5.17606728568
5.22464394352
5.27157324422
5.35821109809
5.45705016412
5.5608304563
5.66564210907
5.76969498837
5.87227475734
5.97304046745
6.07168692125
6.16779935434
6.26080958636
6.35000098012
6.43453987581
6.51351285998
6.58596470962
6.65093742381
6.70750216396
6.75478722004
6.79200256657
6.8184584525
6.83359119549
6.83695792544
6.82831091035
6.80747664879
6.77505042494
6.73137505965
6.67615807225
6.60964821325
6.53239962489
6.44502199861
6.34814368066
6.24245013067
6.12869997752
6.00771826238
5.88039211047
5.74767075029
5.61057061839
5.47016492572
5.3276146688
5.18406912807
5.04071571815
4.89867156633
4.75897250957
4.62259856725
4.49022665656
4.36278997323
4.24003985918
4.12386075734
4.01392385181
3.91113059183
3.81630932095
3.7294870065
3.65299366153
3.58843299155
3.53831509704
3.50356584081
3.48287492151
3.46964622588
3.45127740638
3.40834237553
3.31741254432
3.15396603584
2.89598427413
2.52679975849
2.03972368162
1.44614013874
0.790778537242
0.17002131518
-0.298123377338
-0.589830400513
-0.780864273494
-0.876252605554
-1.23734710219
23.0047645993
1.17867214143
8.95312729546
5.01656983561
5.82548418709
5.40967525842
5.49051876326
5.52814869972
5.61112686435
5.70031523961
5.7913763086
5.8809198328
5.96791872186
6.05232172843
6.13433035568
6.2140835553
6.2915274951
6.3663841052
6.43816688279
6.50622240517
6.56977321617
6.62796401645
6.6799098969
6.72473215855
6.76159182154
6.78971573437
6.80842206178
6.81714624723
6.81545576757
6.80311123725
6.78002229789
6.74670315614
6.70331010127
6.64956537796
6.58570941356
6.51227073318
6.42981725176
6.33892175447
6.24020275662
6.13434407095
6.02208839496
5.90423625384
5.78164559734
5.65524748281
5.52602576374
5.39510127396
5.26357198549
5.13264319014
5.00342913664
4.87706990332
4.75461753004
4.63682225074
4.52506120735
4.41975308234
4.32191374218
4.23142969764
4.14913757561
4.07654711494
4.01529391993
3.96877756509
3.93963034987
3.93015344367
3.93901946821
3.95959950314
3.97665755373
3.96612798673
3.89589599335
3.73039186295
3.43619728871
2.99013809448
2.38974231758
1.66567076886
0.890036504582
0.172023008345
-0.371749331133
-0.685166982099
-0.828855236169
-0.888440018464
-0.914219920813
-0.854073115956
23.8278499321
1.00513231445
9.59447046385
5.05600661698
6.16155545945
5.62689876986
5.75172378257
5.77680566313
5.85769695882
5.93719888228
6.01586262754
6.09042690251
6.16071260052
6.22732581384
6.29100842242
6.35234517771
6.41164531343
6.46892084854
6.52391336802
6.57614406449
6.62496156793
6.66960083123
6.70924268255
6.74305244904
6.77022006157
6.78998463435
6.80167052072
6.80470106638
6.79865444253
6.7832604497
6.75859698786
6.72517630369
6.6828402634
6.63139020985
6.57106562402
6.5023294532
6.42568104337
6.3416355119
6.25074963865
6.15363667885
6.05095560659
5.94341857128
5.83178834692
5.71690978988
5.59965923857
5.48113592044
5.36237391412
5.24462051118
5.12892513649
5.01685744617
4.90924199897
4.80795074863
4.71400703915
4.62699532115
4.54811212065
4.47773556515
4.41770951197
4.37075443898
4.34008905553
4.32985187896
4.3423456278
4.37695658538
4.42586474184
4.4716252026
4.48461890367
4.42486948208
4.24673025408
3.90865368347
3.38560640495
2.68385977084
1.85340979263
0.989955843004
0.216087773004
-0.360083532693
-0.695146330895
-0.835282833382
-0.868472275063
-0.829278617436
-0.715416163457
-0.45640839562
24.4992143092
0.894204621916
10.1892391078
5.07813928177
6.49653300836
5.82610123876
6.00675066803
6.01514221323
6.09592026373
6.16560790174
6.23236673095
6.29237136574
6.3464381077
6.39579951422
6.44173600292
6.48528010422
6.52710579076
6.56751388252
6.60647037733
6.64366168485
6.67854844802
6.71044514965
6.7385911958
6.76219097613
6.78046069427
6.79264961594
6.798088486
6.79618155726
6.786523584
6.76872357804
6.74316779404
6.71043104257
6.66991457868
6.62153836208
6.56557520543
6.50240680401
6.43243248223
6.35609019238
6.27386459261
6.18629776421
6.09396574715
5.99749344969
5.89753877088
5.79487239292
5.69026560135
5.58478100184
5.47939282945
5.37559751218
5.27405982438
5.17756878019
5.08709082201
5.00320004268
4.92719384785
4.85873016179
4.79946026186
4.75094831251
4.7163252029
4.69958095406
4.7048409676
4.73547057528
4.79043934267
4.86156838199
4.92880723878
4.95850632236
4.90405626843
4.71287489644
4.338203615
3.75580028282
2.98035762058
2.07608000918
1.15217773921
0.336944907903
-0.266277632653
-0.621945634164
-0.775481142615
-0.813657489101
-0.785453574486
-0.675860885796
-0.50035766725
-0.0519119757662
25.0318596345
0.847273689182
10.7270191494
5.09122579427
6.82494456219
6.00678041182
6.25399846458
6.24103456102
6.3240344113
6.38364534724
6.43915494684
6.48511347147
6.52358224022
6.55635321419
6.58524841542
6.61174876548
6.63689263192
6.66126593991
6.68505314962
6.70809109842
6.72993497377
6.74996911469
6.76748585184
6.78172548129
6.79192902226
6.79735699713
6.79734762291
6.79130617931
6.77883463869
6.75954231736
6.73398049095
6.70260083693
6.66466261202
6.62009144474
6.56919513936
6.51231442066
6.44975810886
6.38187633108
6.3090603025
6.23176667398
6.15047007922
6.06571375493
5.97805093888
5.88814779394
5.79671414991
5.70482966536
5.61338323023
5.52430397741
5.43889599072
5.35906130179
5.28578007249
5.21946787392
5.16143275267
5.11223256883
5.07427664321
5.05044200959
5.0450582711
5.06279491837
5.10699247464
5.17714954202
5.26423925741
5.34706583227
5.38889562638
5.33922380468
5.1407579177
4.74384175637
4.12467242126
3.30304565051
2.3506816786
1.38267871462
0.528176541401
-0.112205507382
-0.502851939038
-0.681510410112
-0.730604441623
-0.721642308217
-0.666590505058
-0.537451019732
-0.374087507838
0.353023837051
25.439355549
0.862328793661
11.2006871354
5.10296917938
7.14074278691
6.16952201006
6.49164174898
6.45271982478
6.54048283602
6.58961229568
6.63468055654
6.66716621738
6.69076303834
6.70770465657
6.72036815676
6.73067932053
6.74003700717
6.74930609051
6.75888054853
6.76872661424
6.7784756774
6.78757601172
6.79536919001
6.80112959983
6.80412111025
6.80361667754
6.79897038493
6.78960669925
6.77514933774
6.75525711204
6.73053650422
6.70126996628
6.66669354426
6.6266997796
6.58158962181
6.53167355308
6.47719293964
6.41842799409
6.35566064071
6.28926159448
6.2195969636
6.14708926233
6.07220681465
5.99545313171
5.91779452195
5.83994125809
5.7636839158
5.69054566246
5.62145349043
5.55835215252
5.50212182901
5.4536237659
5.41439322571
5.3859553708
5.37166350665
5.37560920389
5.40269196689
5.45661649088
5.53685963567
5.63467362931
5.72811273661
5.77948430428
5.7360871581
5.53830809243
5.13420136318
4.49920200507
3.65374539753
2.67102105338
1.66659402411
0.768721743655
0.0777313002545
-0.366842219628
-0.592862728355
-0.671766447768
-0.67865719073
-0.655417424295
-0.594543844946
-0.470967166565
-0.330694866433
0.753015202579
25.7351131522
0.934950012588
11.6061691019
5.11996624241
7.43784180159
6.3158051731
6.71758489017
6.64886668929
6.7438685801
6.78201742968
6.81758019283
6.83719821436
6.84673684451
6.84868922323
6.84601786181
6.84108149621
6.83563172625
6.83080422768
6.82718972919
6.82485655719
6.82349731905
6.82262335757
6.82162292573
6.81980217196
6.81644199511
6.81082887394
6.80233723985
6.79043652879
6.77481169024
6.75523138737
6.732141804
6.7057267998
6.67526074497
6.64060529858
6.60202076296
6.55976570752
6.51399438561
6.46494470051
6.41279980315
6.35781186954
6.30024678186
6.24038541677
6.17884888952
6.11544588161
6.05225470523
5.98975857205
5.92872229208
5.87136354727
5.81856913514
5.772283213
5.73354278713
5.70362706919
5.68447854851
5.67865697226
5.69043630139
5.72449747491
5.78473671462
5.87103314106
5.97495675423
6.07523323666
6.13425923372
6.09929075816
5.90962900204
5.51170166892
4.87843610641
4.02741919587
3.02848791573
1.99406363534
1.0507640317
0.301199132882
-0.207554121949
-0.492079032361
-0.613113925554
-0.641690388815
-0.63079027276
-0.600876235691
-0.539329771184
-0.427422276281
-0.306715733197
1.14349609997
25.9319059441
1.05920149792
11.9420237522
5.14743442944
7.71059390496
6.44770784324
6.92950385127
6.82860430288
6.93290688394
6.95959203489
6.98666651691
6.99403817162
6.99040481362
6.97826912216
6.96123099258
6.94205740322
6.92284197524
6.90498185622
6.88924641149
6.8757746216
6.86431323073
6.85443982925
6.84558644126
6.83708644195
6.82822812922
6.81830960271
6.80672127691
6.79302049066
6.77694001436
6.7583931668
6.73778206736
6.71506497591
6.68954747864
6.66101917048
6.629668488
6.59572350833
6.55926565896
6.52045832516
6.47939773491
6.43622550887
6.39128078153
6.34425063716
6.29642134448
6.24764543146
6.19884962344
6.15124335406
6.10550344817
6.06389443316
6.02763893146
5.99866248392
5.97815316625
5.96780209151
5.97014800978
5.98871854307
6.02817598636
6.0923123803
6.18142972065
6.28799215227
6.39191341292
6.45721245291
6.43226042282
6.25676694535
5.87567905294
5.25848629424
4.41715898792
3.4149010983
2.35814444901
1.37097558964
0.559342077357
-0.0198899930374
-0.37021502707
-0.541537497244
-0.600419825213
-0.602912901697
-0.582150747022
-0.547101666587
-0.485607525774
-0.383599943271
-0.277186536301
1.52051188006
26.0416195106
1.22841901472
12.2089144112
5.18912815748
7.95412415501
6.56756720652
7.12496024459
6.99150025736
7.10639523172
7.12130617168
7.14091865814
7.13668057076
7.12081737153
7.09554036485
7.06515950258
7.03280895323
7.00091294043
6.97111925031
6.94435123378
6.92078768787
6.90023351754
6.88233619279
6.86656816004
6.85228339298
6.83876360239
6.82530920361
6.81135293952
6.79660549896
6.78062386596
6.76376853409
6.74654395545
6.7283844263
6.70866214689
6.68706295688
6.663658025
6.63860565809
6.61194650818
6.58381681415
6.55438002993
6.52322765819
6.49115536829
6.45792338449
6.42377323926
6.3891710726
6.3547815559
6.32181989627
6.29146431648
6.2659742102
6.2467638904
6.23569976114
6.23418491687
6.24440370519
6.26951054959
6.313473927
6.38006680463
6.46987912113
6.57647662083
6.68166130149
6.75182660712
6.73782218457
6.58062870568
6.22438594752
5.63448793656
4.81576499953
3.82233267026
2.75244895398
1.72623723129
0.852764161685
0.199308960534
-0.223240668191
-0.452490368373
-0.549691386809
-0.572779190984
-0.561079117419
-0.534152644959
-0.495535523031
-0.434681640512
-0.340124681587
-0.243490730289
1.88063367494
26.0752292263
1.435813835
12.4089388427
5.24733771107
8.16451738865
6.6776802203
7.30158057616
7.13750150345
7.2632139863
7.26637807272
7.27947145224
7.26429001649
7.23717449961
7.19973629128
7.15707728249
7.11264183363
7.06917470988
7.02856025555
6.99184459405
6.9592231925
6.93057374931
6.90561448543
6.8838577481
6.8646682448
6.84729463875
6.83103578323
6.81547546798
6.80047978488
6.78559927885
6.77129179975
6.75802051442
6.74510010025
6.73185375081
6.71780852
6.70291544446
6.6872638325
6.67104232223
6.65378212935
6.63618522542
6.61786656906
6.59866587171
6.57880250442
6.55830267444
6.5376036716
6.51751029608
6.49936356469
6.48473361706
6.47583702298
6.47417930796
6.4815952753
6.49979201651
6.53140371869
6.57980789265
6.64826640028
6.73769174678
6.84273905194
6.94741910988
7.02121837231
7.01824134112
6.88181361675
6.55580819282
6.0016936384
5.21628262034
4.2431634322
3.17049661074
2.11278385497
1.1809823391
0.452311095658
-0.0475456997706
-0.342306351725
-0.485729912514
-0.536273069421
-0.538651506852
-0.518647703492
-0.487555142898
-0.446579965341
-0.386726326312
-0.297837691047
-0.207940209673
2.22084336248
26.0427505909
1.6747764144
12.5449369874
5.32306817826
8.33899472995
6.78014286649
7.45728256124
7.26684792969
7.40235087566
7.39426446907
7.40160388906
7.37620097647
7.33882213744
7.29022820284
7.2363810141
7.18096845241
7.12704792389
7.07672012341
7.03111907662
6.99044798385
6.95467756686
6.92359589075
6.89676149347
6.87352826421
6.85307850313
6.83478504273
6.81853065774
6.80418325196
6.79113211431
6.78004599954
6.77170776307
6.76475637944
6.75844901944
6.75243337595
6.74660024942
6.74046634499
6.7349140269
6.72931861497
6.72348911332
6.71767116496
6.71143849451
6.70480044055
6.69775382467
6.69087023875
6.68514284755
6.68212393383
6.68362169952
6.69175950907
6.70810031525
6.73449509535
6.77290933802
6.8260634522
6.89664033482
6.98549601761
7.08836692308
7.19151540889
7.26787648708
7.27549018831
7.16078019403
6.86824476916
6.35585257706
5.6124118005
4.67012900834
3.60567074257
2.52603688791
1.5422820308
0.740208801507
0.159979517573
-0.207169604918
-0.405117605778
-0.490319278462
-0.511863988763
-0.501839711671
-0.476458735874
-0.442262477455
-0.399586911147
-0.340699685227
-0.256097650094
-0.17095288271
2.53763935093
25.952611448
1.93931154226
12.6205535518
5.41674968825
8.47616870228
6.87677487794
7.59044841141
7.37993759128
7.52292452286
7.50462489966
7.50673010742
7.47191457995
7.42525059792
7.36652946903
7.30259604106
7.23731815704
7.17405806153
7.11510527552
7.0616503822
7.01391276337
6.97197105311
6.9356814253
6.9046541449
6.87819372733
6.85542768072
6.83600346466
6.8201906153
6.80740994692
6.79690865926
6.78931972717
6.78669571419
6.78665902343
6.78754873921
6.78959322991
6.7930959823
6.79719022154
6.80207883073
6.80794437093
6.81424708508
6.82097314714
6.82755598772
6.83396386553
6.840246697
6.8472005965
6.8560231435
6.86847160667
6.88647649275
6.91203979871
6.94673617008
6.99237910757
7.05088507614
7.124294093
7.21321322455
7.31411982101
7.41546048195
7.49367599899
7.51112712412
7.41804033714
7.16037088619
6.69348136314
5.99862129016
5.09651095829
4.05128777134
2.96071570779
1.93373717115
1.06279245255
0.401492176393
-0.0434806927505
-0.304129975421
-0.432113526964
-0.478737748065
-0.482133945607
-0.46425639667
-0.435022354343
-0.398307982195
-0.354193679389
-0.295905209406
-0.214268424738
-0.132284718867
2.82409223544
25.8106898588
2.22626542722
12.6417626101
5.52917028358
8.57594368421
6.96883443622
7.69991260698
7.47714188384
7.62420236157
7.59727407536
7.59440343058
7.55109937364
7.49610338976
7.428309498
7.35539410541
7.28135968286
7.2098599498
7.14334013017
7.08303144095
7.02919525327
6.98201064761
6.9413875192
6.90697172304
6.87800310346
6.85368912491
6.83407134439
6.81933537851
6.80807802168
6.80124443912
6.79881277693
6.80211057822
6.80888091321
6.81754992794
6.82802462796
6.84063319491
6.85498243179
6.87095407623
6.88846937097
6.90690990417
6.92604599061
6.94523147321
6.96450566098
6.98406941482
7.00496187897
7.0285888688
7.05686141243
7.09172148545
7.13500230325
7.18816542976
7.25273653247
7.32995764872
7.42006103218
7.51995460215
7.61991082149
7.69975999873
7.72629135597
7.65404063709
7.43128855372
7.01181526582
6.37026305484
5.51621816518
4.50081127484
3.41101257719
2.35138016784
1.41857274994
0.678031352911
0.151735777606
-0.178929529015
-0.35824782982
-0.437163101304
-0.458448410904
-0.450226506497
-0.427026501199
-0.394784466923
-0.355873215565
-0.310320804937
-0.252021751187
-0.171935827272
-0.091541638895
3.06583841366
25.6237203278
2.53933428905
12.6167007137
5.6607196331
8.63848043535
7.05649535811
7.78484336046
7.55866246864
7.70564049261
7.67214673444
7.66433580414
7.61359288982
7.55118685052
7.47540115706
7.39460090558
7.31290759415
7.23423790806
7.16115551785
7.09493895112
7.03593182984
6.98437711774
6.94019706537
6.90302750881
6.87210504984
6.84690021106
6.82759013276
6.81341925304
6.80293385204
6.80240455732
6.80742204459
6.81686086087
6.82997317236
6.84621659603
6.86570512033
6.88814198883
6.91304651836
6.94028606056
6.96945389185
6.99986194346
7.03115936405
7.06273880642
7.09475936206
7.12764179774
7.1626631039
7.20141069051
7.24585658808
7.29782374592
7.35885887917
7.43004863096
7.51213821418
7.60478437935
7.70508675965
7.80471633933
7.88651023437
7.92159486036
7.86908899133
7.68036476871
7.30875783568
6.72349988567
5.92388959974
4.94800034207
3.87085300563
2.79040044714
1.80489936025
0.989466958454
0.380608263787
-0.0259699274419
-0.264914099158
-0.384203842583
-0.429310367362
-0.433901157377
-0.417973131867
-0.390897734995
-0.35614316905
-0.315197953039
-0.268033923352
-0.208909597684
-0.12874618626
-0.0481606423666
3.24268965397
25.416993305
2.88224404879
12.5468945072
5.80882815831
8.66339278825
7.13886945175
7.84478359333
7.6245197747
7.76693889999
7.72926753704
7.7164013977
7.65936953361
7.59043536101
7.50774750332
7.42013122156
7.33184433919
7.24701502945
7.16828370779
7.09699341341
7.03360105251
6.97839862163
6.93128314289
6.89184366169
6.85943087158
6.83368226364
6.81476520644
6.80205625207
6.79642498904
6.80082749912
6.81161706323
6.82776670605
6.84847388344
6.87318774811
6.90212740205
6.93464828164
6.97024593741
7.0086643788
7.04930227648
7.09144388475
7.1346629427
7.17848402508
7.22322782096
7.26957130511
7.31899558179
7.37319775648
7.43407268796
7.50314981482
7.58145980253
7.66928117139
7.76586391929
7.86820757238
7.9690035361
8.05358159154
8.09706234656
8.06321693976
7.90709307761
7.58269897787
7.05523202101
6.31487018165
5.38705674157
4.33409770024
3.24539386051
2.21810567203
1.33452324309
0.644286856137
0.157737976046
-0.148306890836
-0.3163384722
-0.392344152065
-0.414355195244
-0.407815355039
-0.386559290115
-0.356485703015
-0.319545516153
-0.276669201973
-0.227641066263
-0.166665490784
-0.0843720127718
-0.00130908328078
3.34939047815
25.2472225001
3.22336625119
12.4229903166
5.9690948855
8.65164552389
7.21473589363
7.87985614152
7.67458504288
7.80805878825
7.76868907893
7.75058592186
7.6884458856
7.61380902998
7.52527641601
7.43185256513
7.33797461357
7.24791254625
7.16435035035
7.08871961631
7.02156566588
6.96331703773
6.91386172629
6.87276951074
6.83973089632
6.81446916888
6.79681864979
6.78692726119
6.7864112343
6.79540829736
6.81235294213
6.83555845188
6.86428202708
6.8979062765
6.93639799053
6.97897629907
7.02520030609
7.07460826727
7.12648634894
7.18012396589
7.23508180432
7.29108123628
7.348635462
7.40867370134
7.47280781623
7.5427205884
7.62003944977
7.70575322231
7.80001331696
7.90169826483
8.00771818061
8.1113701097
8.19997506108
8.25212833267
8.23607593959
8.11092556118
7.83234757387
7.36293824912
6.68517078496
5.81266982988
4.79472493608
3.71057003667
2.65370116712
1.71084358403
0.942882714461
0.374448997868
-0.00488076804236
-0.229801532319
-0.34447707023
-0.38975246136
-0.39601486226
-0.381928120587
-0.356849772692
-0.324368566072
-0.285506024272
-0.24085064401
-0.189804952165
-0.125801308309
-0.0385851245896
0.0502507804922
3.41317405408
25.1312387953
3.50456858262
12.2652756242
6.13262354913
8.61002063841
7.28132403131
7.89143586507
7.70835874926
7.82929921453
7.7903913256
7.76695039153
7.70081583186
7.62127076425
7.52790375045
7.42963618638
7.33112702613
7.23672538098
7.1491624699
7.07004033744
7.00007020899
6.93958327927
6.88847601734
6.84652600559
6.81362687144
6.78967348218
6.77438194159
6.76840134961
6.77318498775
6.78731808719
6.81028630613
6.84038953376
6.87703562996
6.91949786935
6.96741308316
7.01993970584
7.07661512236
7.13677589441
7.19965827172
7.26458244817
7.33117212115
7.39938348629
7.46992674468
7.54393085848
7.62301913792
7.70867910236
7.80201759691
7.90314529583
8.01085074002
8.12192958461
8.23011986774
8.32419827281
8.38567949662
8.38689026997
8.2911352965
8.05655555274
7.64452088118
7.03136296157
6.22002983731
5.24692859119
4.1799377428
3.10654287438
2.1151037325
1.27545079935
0.625555431498
0.168445921955
-0.12081738856
-0.282219404624
-0.35754723819
-0.381221736771
-0.376724009431
-0.357451545966
-0.329607060115
-0.295225712268
-0.25474367919
-0.208653483801
-0.155877547074
-0.0878012668166
0.00838977246384
0.10839940745
3.4720090151
25.0025341498
3.74164689267
12.1034549854
6.27416385772
8.55151710844
7.33167397492
7.88343918939
7.72437295089
7.83160955463
7.7942397209
7.76577600241
7.69660677462
7.61302787605
7.51584090672
7.41372349901
7.3115587691
7.21374564883
7.12311283105
7.04138560537
6.96944560675
6.90755703783
6.85564704644
6.8136565676
6.7816232246
6.75950116078
6.74722404756
6.74567364015
6.75585509213
6.77549736078
6.8044671082
6.84151326493
6.88598574966
6.93708987879
6.99422281382
7.05651274736
7.1233851915
7.19403062397
7.26768608628
7.34373574715
7.42193077321
7.5024661427
7.58621593415
7.6744044451
7.76849662484
7.86954267324
7.97780777931
8.09210534659
8.20931123066
8.32347054259
8.4244823717
8.4961738212
8.51446262228
8.44673437529
8.25416905735
7.89814918918
7.35046542573
6.60478579323
5.68517865668
4.64742737694
3.57099406018
2.54312372259
1.64002113486
0.911501635827
0.374123389826
0.0142005623743
-0.20184184536
-0.314656137099
-0.361400461221
-0.369987938097
-0.358117381932
-0.335273320299
-0.305505983743
-0.26976438645
-0.2280190821
-0.181002424832
-0.127617995655
-0.055495736273
0.0552817500147
0.176297494521
3.53425754432
24.8370463576
3.95836373093
11.9301558548
6.39397280271
8.47943766391
7.36243179274
7.85844636535
7.72151290365
7.81590098245
7.78016053714
7.74743967172
7.67603409264
7.58940038822
7.48942464316
7.3845109102
7.2797214798
7.17948759592
7.08672828761
7.00327505379
6.93009653582
6.86752929965
6.81558855589
6.77430005837
6.7437501828
6.72398497972
6.71520130623
6.71834896924
6.73376935048
6.75906406789
6.79412508917
6.83818690629
6.89039171212
6.94993475253
7.01604467943
7.08783185459
7.16459084945
7.24544127012
7.32966013877
7.41673185295
7.5065697938
7.59957337029
7.69670300492
7.79912147569
7.90791253595
8.02338816946
8.14459487369
8.26858881791
8.38980031823
8.49898642818
8.58182772706
8.61725171394
8.57644847401
8.42392980802
8.12212344449
7.63982767224
6.96298653046
6.10423611826
5.10698097739
4.04104336737
2.98997865751
2.03363949401
1.2317375019
0.613831687158
0.178462872578
-0.0995636663873
-0.257603266676
-0.333933090373
-0.360157898832
-0.358265775166
-0.341353703197
-0.316108209657
-0.285209268065
-0.248861438932
-0.206462928446
-0.15922698275
-0.107697838148
-0.0350453089346
0.0962858182489
0.258431463232
3.59974690846
24.6306591862
4.16247570177
11.7435423587
6.49276561844
8.39500906406
7.37295517386
7.81738296069
7.69996438687
7.78286331987
7.74868171561
7.71257041118
7.63968216301
7.55095990438
7.44918340146
7.34248402407
7.23605583078
7.13435056493
7.0403687024
6.95602853421
6.88239216305
6.81989510769
6.76865913293
6.72876353897
6.70028382606
6.68333336276
6.67836078476
6.68623514538
6.70652528809
6.73757269561
6.77893447346
6.82993636282
6.88970757003
6.95742862355
7.03222030898
7.11317593045
7.19948823059
7.29027425791
7.38488107499
7.48291927602
7.5844609164
7.69003596556
7.80056602865
7.91694503499
8.03960344051
8.16777017425
8.29887389418
8.4277766457
8.5460370947
8.64080788509
8.6935252268
8.67875944231
8.56443145291
8.31477969263
7.8970260272
7.29101538289
6.4991483764
5.55260894845
4.51040288222
3.45009078274
2.45241619992
1.58468504246
0.888367868416
0.374634499044
0.0282733452613
-0.18266693242
-0.295720669386
-0.345070410836
-0.356716232729
-0.347599865722
-0.327283279111
-0.300509599543
-0.269213850804
-0.233250875741
-0.191201113581
-0.144230454962
-0.0971142240013
-0.0333172096687
0.117304663894
0.357650647598
3.66739524879
24.3841862027
4.3556325428
11.5437139378
6.57158497459
8.29842894939
7.36392313369
7.76057237846
7.6603601862
7.73304042078
7.70044113208
7.66179468362
7.58818860569
7.49833074435
7.395725391
7.28822951083
7.18112522583
7.078870269
6.98453373994
6.90011226274
6.82675761731
6.76502416046
6.71515064058
6.67725776672
6.65138525467
6.63768142534
6.63678016083
6.64943928972
6.67454891399
6.71122077441
6.75872185638
6.81644642193
6.88351634656
6.95908162604
7.0422055545
7.13196600259
7.22750145816
7.32797559594
7.43282491385
7.54178933195
7.65505519515
7.77316945815
7.89684290307
8.02644978331
8.16145970897
8.29966026176
8.43649175594
8.56427876678
8.67145950574
8.74153338627
8.75202577728
8.67413808318
8.47444316186
8.11978925643
7.5855303068
6.86523728009
5.97843168373
4.97258845294
3.9173155844
2.89157445774
1.96772082862
1.19754696695
0.604675462776
0.185027809478
-0.0860162335499
-0.243272780898
-0.322057614925
-0.351726402275
-0.353127277122
-0.339101463463
-0.316566988512
-0.288928865919
-0.257840434546
-0.223405024437
-0.183560350378
-0.137880377034
-0.096278897001
-0.057373740826
0.0800630996732
0.435897036632
3.73659379015
24.098555603
4.53825128247
11.3313515439
6.63119192988
8.19002051501
7.33609963178
7.68844218986
7.60340208327
7.66705486314
7.63614380094
7.59580574056
7.52225125599
7.43219140856
7.3297050006
7.22237122606
7.11552043957
7.01360186596
6.91974095942
6.83600553027
6.76363525308
6.70329743568
6.65534627113
6.6199584006
6.59716390199
6.58713200755
6.59057300627
6.60804445354
6.63785638946
6.67988235355
6.73326501827
6.79742150357
6.871452708
6.95448725233
7.04556403986
7.1437578234
7.24820136194
7.35813410263
7.47308582656
7.59289818364
7.71778749194
7.84816591957
7.9843208501
8.12582658943
8.27087466806
8.41548221298
8.55281587221
8.6724693104
8.75972240496
8.79463611906
8.75147853166
8.59943579541
8.30596376532
7.84342321945
7.19808840935
6.37871598491
5.42099313823
4.38502453148
3.34550393653
2.3771657808
1.54011501478
0.869683450142
0.373564490557
0.0361087369999
-0.172807543444
-0.287964367859
-0.341071217755
-0.356588674794
-0.350900607823
-0.333628157175
-0.309752860946
-0.281727186638
-0.251123669344
-0.218891518865
-0.183519828052
-0.141887569484
-0.102866379981
-0.0908326972755
-0.0393534415131
0.313705942492
3.80700195261
23.7745220106
4.71046865919
11.1070857494
6.67232334906
8.07014216527
7.29030127147
7.60149241217
7.52983212287
7.5855713324
7.55652467508
7.51532617459
7.44259603054
7.35325063181
7.25181003346
7.1455701794
7.0398725561
6.93914279743
6.84655050531
6.76422805189
6.69349517988
6.63511380565
6.58952695308
6.55696362044
6.53748969275
6.53134473642
6.5392865679
6.56160601591
6.59616289477
6.64323543826
6.70227919678
6.77255137431
6.85319319657
6.94331205265
7.04195651633
7.14821939281
7.26126796626
7.38042746135
7.50530378357
7.63577919943
7.77197916242
7.91399630798
8.06145403944
8.21283937755
8.36477402668
8.51125210306
8.64301315727
8.74690305699
8.8052061521
8.79498166734
8.68815380761
8.45352365658
8.06180955117
7.49355212611
6.74791266849
5.84896190264
4.8461931069
3.80782646554
2.80829253282
1.91367826468
1.16975163066
0.596067394154
0.187205193964
-0.0804019980642
-0.23918614478
-0.321931634525
-0.356119310461
-0.361643513246
-0.351167786959
-0.331836699163
-0.307222583023
-0.279033626476
-0.248639954213
-0.21790143987
-0.187471129593
-0.153226675735
-0.111414337501
-0.0863318381337
-0.168778904498
-0.49002111989
3.87839925435
23.4126369438
4.87232794629
10.8715602834
6.69562214895
7.93923588918
7.22733012037
7.50029400416
7.44041726243
7.48929906381
7.46234950555
7.42111042701
7.3499760852
7.26224213442
7.16275035898
7.05850660809
6.95482877157
6.85610338432
6.7655317862
6.68530584574
6.61682123823
6.56091721667
6.51809389255
6.48861317378
6.47260212796
6.4704042789
6.48273531454
6.50944263313
6.54884800435
6.60101581764
6.66550372832
6.74159337988
6.82848628666
6.92530078392
7.03112665645
7.14509821386
7.26644185002
7.3945581332
7.52908680121
7.66985737398
7.81675328672
7.96933989332
8.12632723591
8.284849654
8.43973233774
8.5828110838
8.70240066462
8.78274725388
8.80345757622
8.73919021054
8.56064299067
8.23805358957
7.74776694478
7.08070212991
6.24987087388
5.2934984427
4.27147791234
3.25535368802
2.31465067278
1.50383265046
0.853844292075
0.370291151862
0.0378047544615
-0.171837954606
-0.290976633755
-0.349236862025
-0.369778793596
-0.368457225884
-0.354907126469
-0.334365259405
-0.309320170559
-0.280744434405
-0.24938066195
-0.217211783559
-0.186817400178
-0.154616546522
-0.103371764028
-0.0313300570835
-0.071584900883
-0.504944960737
3.95060455106
23.0133156767
5.02377279409
10.6254283281
6.70167719056
7.79778300582
7.14799054591
7.38545649356
7.33594479415
7.37897498877
7.35440478193
7.31393298534
7.24516181482
7.15991526141
7.06324980168
6.96187304527
6.86104661921
6.76510153145
6.67725695106
6.59975840032
6.5340761192
6.48111727693
6.44141572171
6.41524935703
6.4028240483
6.40461372997
6.42124579179
6.45207573749
6.49614141489
6.55318360656
6.62282617225
6.70439576306
6.79715334844
6.90026191336
7.01287306943
7.13417908115
7.26346915238
7.40018696021
7.54393766153
7.69437738914
7.85097544849
8.0125543445
8.1766767524
8.33891341653
8.49216711935
8.62612117078
8.72681544101
8.77616353193
8.75150455361
8.62581419373
8.36984770038
7.95721097729
7.37205700661
6.61721489115
5.71942861622
4.72881073543
3.71163843992
2.73823199211
1.86962670146
1.1471418567
0.587688143911
0.185410557112
-0.0819060726806
-0.244464747845
-0.332865240403
-0.373024534274
-0.384017721812
-0.378243426091
-0.362887888164
-0.341680383804
-0.316192890821
-0.286543031546
-0.252382666576
-0.21514936496
-0.178955201606
-0.141645142617
-0.0757380320891
0.049725391777
0.104495840713
-0.287832506801
4.02344711933
22.5768429591
5.16463955165
10.3693700648
6.69102608518
7.64629843679
7.05308328135
7.25761844646
7.21721462464
7.25535709057
7.23349189119
7.194582811
7.12893482637
7.04702812879
6.95403809503
6.85636513383
6.75918404075
6.66675324408
6.58229387895
6.50809702274
6.44570782296
6.39610243682
6.35984039646
6.33720172519
6.32846719196
6.33425012616
6.35508854965
6.38985348375
6.4382133296
6.49977198021
6.57419672569
6.66085113187
6.75905588098
6.86803574003
6.98701195872
7.11523757381
7.25204659866
7.39687253774
7.54919444169
7.70835532234
7.87323019708
8.04169441535
8.20997156854
8.37194280462
8.51858779073
8.63758275592
8.71294959557
8.72458755073
8.64801453843
8.45533758492
8.11879978971
7.61732743194
6.94471015918
6.11640417253
5.17171723713
4.16955999087
3.17842100919
2.26349911161
1.47497368921
0.840791403417
0.365507455639
0.0345383490819
-0.178415129892
-0.303506714897
-0.368594194458
-0.395776793092
-0.400465812496
-0.392178789863
-0.376136798606
-0.354891190549
-0.329313451684
-0.298717186022
-0.261469663539
-0.218574569329
-0.177204973436
-0.138872586908
-0.0669734015855
0.0939292889583
0.212826710719
-0.136829395284
4.09674835621
22.1033908051
5.29464042783
10.1040883022
6.66416947147
7.48531829021
6.9434086526
7.11743791672
7.08503434442
7.11921663058
7.10042060609
7.06385648567
7.00208139535
6.92434109442
6.83584448255
6.74267536744
6.64989353475
6.56166773824
6.48120303896
6.41082213471
6.35213989718
6.30620888589
6.27363282526
6.25470859679
6.24977421972
6.25952877315
6.2843813553
6.32279906599
6.37505940152
6.44075499745
6.51955089276
6.61086130376
6.7140683599
6.82846529841
6.95334072027
7.08799610924
7.23177307051
7.38402365019
7.54399238813
7.71056135364
7.88183857364
8.05458056037
8.22354801719
8.38091464298
8.51586717626
8.61433000375
8.6586046267
8.62687619571
8.4932971528
8.23003003294
7.81236672779
7.22641650618
6.47691602725
5.59177211158
4.62077426679
3.6280694982
2.68043874933
1.83497854547
1.12985359646
0.580435692748
0.181112108103
-0.0887728130761
-0.257326036387
-0.353239809984
-0.401136976174
-0.41947992446
-0.420522488413
-0.411435712309
-0.395876600009
-0.375513243874
-0.350864484744
-0.320769090932
-0.282074744163
-0.234835532251
-0.191346841289
-0.162159288736
-0.100421636244
0.0853473082242
0.265392425173
-0.00414573024633
4.17030227419
21.593029478
5.41334758749
9.83030390833
6.62158005616
7.31539457089
6.81976827054
6.96558825863
6.94021592755
6.97133344326
6.95600447083
6.92255329438
6.86538736903
6.79261141616
6.70939207648
6.62148720406
6.53381624261
6.45044297389
6.37453909102
6.3084403803
6.25381291108
6.21177603228
6.18299215869
6.16781551541
6.16666317467
6.18027063726
6.20884872836
6.25079416975
6.30659886973
6.37607041933
6.45881317968
6.55433115652
6.66206159617
6.78137111084
6.91160439818
7.05208602858
7.20211255719
7.36087012511
7.52725222925
7.69953684795
7.87491686629
8.04891154368
8.21478380615
8.36310070187
8.48150064334
8.55446482173
8.56283504886
8.48331631514
8.28917605696
7.95370326355
7.45689604867
6.79368271152
5.98039570628
5.05632702389
4.07897761773
3.11406354378
2.22331807077
1.45378899781
0.83153568761
0.360867134622
0.0283699100671
-0.190317250905
-0.323369198119
-0.397143003096
-0.432915235244
-0.445879179456
-0.445686721712
-0.437696875778
-0.424410764931
-0.406957584161
-0.386084156936
-0.361069186263
-0.327374460342
-0.282289285803
-0.244121059182
-0.245508929449
-0.241210694844
-0.0655633661295
0.222820840164
0.112888987535
4.24386329385
21.0457497066
5.52017663883
9.54874804792
6.56371313735
7.13709101173
6.68296911989
6.80275607437
6.78357449865
6.8124927087
6.80105747046
6.77147133467
6.71963414564
6.65258904908
6.57539356537
6.49347038683
6.41157596093
6.33365643394
6.26283747597
6.20145350671
6.1512022052
6.11325014822
6.0883154711
6.07683661562
6.0793352965
6.09652576845
6.1283108901
6.17366426841
6.23282722891
6.30569212304
6.39194236047
6.49117297724
6.60288860799
6.72652539188
6.86146524608
7.00701838611
7.16237219233
7.3264556924
7.49769695056
7.67364524042
7.85047124177
8.02240946786
8.18129156931
8.31629220225
8.41382039022
8.4572012983
8.42597027869
8.29551173372
8.03877086547
7.63141895375
7.05984167212
6.32903869391
5.46682820638
4.52202737608
3.55667570404
2.63462415762
1.81001176201
1.11891066984
0.576031405356
0.176539290501
-0.0984879041667
-0.275160845026
-0.380503053118
-0.438107127789
-0.466072391521
-0.476819861444
-0.47801020523
-0.473797445327
-0.466063133364
-0.455894361316
-0.445133843453
-0.435351350509
-0.422321474932
-0.397941642415
-0.380572138775
-0.43449539821
-0.546713997222
-0.439672738956
0.0812577129845
0.41013628394
4.31712061049
20.4614818302
5.61437029046
9.26015295259
6.49101772279
6.95098230678
6.53382912032
6.62964230829
6.61592912727
6.64348389577
6.63639236335
6.61140515945
6.56559594556
6.50501372351
6.43454834342
6.35927845231
6.28377669789
6.21186033204
6.14660007908
6.09032016729
6.04473513964
6.01104126127
5.99000808802
5.98217919243
5.98820487873
6.00876124096
6.04343326056
6.09178931581
6.15387625783
6.22966589186
6.318906562
6.42127727568
6.53635194826
6.66362147175
6.80247701549
6.95216667167
7.11169843916
7.27965431934
7.45389620273
7.63115203237
7.80651878419
7.9729814942
8.12111044313
8.23899248576
8.31214004251
8.3229063085
8.24952284782
8.06618130416
7.74623514843
7.26918887792
6.62940008041
5.8426519266
4.94735139565
3.99936415774
3.06200145761
2.19432212304
1.44121369221
0.827747210802
0.35863062668
0.0219430221582
-0.204706768902
-0.347681776119
-0.432108941041
-0.478754884401
-0.502948673916
-0.514997284985
-0.521364676658
-0.525927957781
-0.53100767249
-0.538762051653
-0.553501936578
-0.581507638266
-0.621258844983
-0.652976615325
-0.668971347035
-0.74114915075
-0.939674067973
-0.980027287113
-0.280809930772
0.777949588022
4.38968529995
19.8401289355
5.69498438792
8.96524171258
6.40394907243
6.75765627832
6.37318474265
6.44696606304
6.4381057572
6.46510161638
6.46282063576
6.44314478555
6.40403831208
6.3506130557
6.28754062404
6.21954743029
6.1510029841
6.08558445648
6.02630095763
5.97546378827
5.93479783364
5.90551529587
5.88842511136
5.88417834881
5.89356672807
5.91723921717
5.95447618496
6.00534314299
6.06983889358
6.14799549513
6.23962203078
6.34447080812
6.46217384036
6.59225302588
6.73407298911
6.88676664991
7.04909354265
7.21920950857
7.39433445372
7.57032624242
7.74122240453
7.89888134507
8.03287503426
8.13055711959
8.17681451987
8.15303725088
8.03600651975
7.79890949526
7.41649196033
6.87369414796
6.17417019221
5.34453289857
4.43215048976
3.49708390251
2.60084843976
1.79547468805
1.11581778647
0.576637305545
0.174318659521
-0.108163705218
-0.294990699718
-0.411747190037
-0.481348632952
-0.522011269832
-0.546967808847
-0.565330466813
-0.583471012774
-0.60626907096
-0.637739875154
-0.681590824264
-0.7431267311
-0.829308977289
-0.933730951179
-1.0057393527
-0.967641295843
-0.860384754472
-0.934853225746
-1.19407868701
-0.743810500589
1.12208346797
4.46105508965
19.1815975485
5.76087507783
8.66471639439
6.30298312635
6.5577199136
6.20190123119
6.25547162985
6.25094248552
6.27814857941
6.28115408657
6.2674761155
6.23571774033
6.19010161522
6.13503819317
6.07489488022
6.0138200051
5.95533763815
5.90238632642
5.85726372283
5.82171001929
5.79695813189
5.78385229511
5.78312920003
5.79568843212
5.82213340144
5.8615072775
5.91435892249
5.9807048317
6.06060582505
6.15393524817
6.26050542239
6.37998950457
6.51191186999
6.65557143914
6.80993421332
6.97345124271
7.14379304969
7.31749659253
7.48955326157
7.65302623157
7.79885428672
7.91594513069
7.99126762125
8.00921141522
7.9499909887
7.78869832889
7.497890814
7.05499688241
6.45203524517
5.70284085134
4.84417255387
3.93014215376
3.02204701385
2.17697987954
1.43848280243
0.831372699976
0.361283752543
0.0180636077018
-0.218667696949
-0.373619987286
-0.471023600387
-0.531666952862
-0.571816593116
-0.603551220668
-0.635901216118
-0.676224190119
-0.731084342285
-0.805674603605
-0.901889709273
-1.01773568301
-1.14781416241
-1.26881791953
-1.2966066561
-1.09352469566
-0.697170322277
-0.593887025844
-1.13527092755
-1.29005476837
1.52950678448
4.53059888322
18.4858483395
5.81069199537
8.35924589983
6.18863278795
6.35180949743
6.02088574354
6.05593876529
6.05529734062
6.08344058908
6.09220805871
6.0851826573
6.06138238114
6.0241807203
5.97769153278
5.92591900865
5.87277514999
5.82161677788
5.7752971756
5.7360902257
5.70574962279
5.68553917593
5.67635521346
5.67901584912
5.69448337795
5.72328157095
5.76447113623
5.81877893303
5.88639196919
5.96735848036
6.06163159545
6.16906400165
6.28935369707
6.42199832526
6.56619473133
6.72069828894
6.8836079782
7.05207784345
7.22196288956
7.38744850356
7.54077851625
7.67225230527
7.77048448895
7.82233319145
7.81160045443
7.71688884883
7.51138265162
7.16770237627
6.66754358274
6.01151204382
5.22390533828
4.3502353063
3.44875850163
2.57920879954
1.79223755341
1.12220388832
0.584495085828
0.177081582041
-0.11502344804
-0.314137011156
-0.444674750479
-0.529362915405
-0.587302365706
-0.633664684214
-0.680410889096
-0.737368117793
-0.81306571093
-0.914488141612
-1.04441508325
-1.19631776665
-1.35197933061
-1.4880768525
-1.57646167789
-1.54301944486
-1.24554114209
-0.708097539748
-0.51499833164
-1.24418590554
-2.0902256703
1.97254806441
4.59751155599
17.7529465552
5.84287538024
8.04945255604
6.06146615621
6.14060547889
5.83110416633
5.84919672758
5.85205884596
5.88181373125
5.89680625857
5.89704853806
5.88177375009
5.85353899152
5.81613278019
5.77319510744
5.72839124936
5.6848996505
5.6454737514
5.61234925053
5.58728236565
5.5715664434
5.56616215478
5.57197589292
5.58998692148
5.62057002298
5.66324426581
5.71856523229
5.78680906429
5.86809942302
5.96245887352
6.06977532216
6.18975369824
6.32183985073
6.46509902743
6.61804558934
6.77840534037
6.94281845775
7.10650499057
7.26296151605
7.40383137589
7.51910996935
7.59748319855
7.62582232446
7.58697660111
7.45732856205
7.20811323019
6.81312650522
6.26011232268
5.55942604026
4.74540249676
3.87031450692
2.99383076766
2.1717050288
1.4468155451
0.844322612792
0.37121600405
0.0193407602172
-0.229639324032
-0.398946151473
-0.512302076773
-0.59115316656
-0.65361694826
-0.714709894361
-0.787092001709
-0.881570745258
-1.00678686108
-1.16746896905
-1.36026449072
-1.56770157401
-1.75813814791
-1.90360869093
-1.99667481718
-1.99762426863
-1.74761920605
-1.18010679627
-0.847671688817
-1.59825606067
-3.20498199797
2.43900051353
4.66079619675
16.9831387971
5.85566328963
7.73589873965
5.92212602811
5.92485224694
5.63360207505
5.63614238879
5.64215967326
5.67413377708
5.69578716567
5.70386266533
5.69762952187
5.67885424644
5.65097684194
5.61727476235
5.58116060058
5.54562679083
5.51331436886
5.48640705508
5.46665367885
5.45537623853
5.45360689467
5.46234120856
5.48255632837
5.51447932037
5.55806545924
5.61375174304
5.6818878028
5.76265240262
5.85612349712
5.96221466651
6.08062025853
6.21071489941
6.35141272078
6.50097461058
6.65675926208
6.81493314307
6.97017486365
7.11546198941
7.24210951132
7.34017615397
7.39872351372
7.40453308936
7.33883892281
7.17513625587
6.88302155195
6.43903068988
5.83875076055
5.10289538633
4.27468726257
3.41075658376
2.56956780299
1.80101914446
1.13956612523
0.601691320859
0.18724983633
-0.116585193599
-0.330318489078
-0.477441514147
-0.580969816875
-0.661599649252
-0.737338952364
-0.823950164798
-0.935312513495
-1.08295784815
-1.27449950141
-1.51106481605
-1.78352961975
-2.0681965892
-2.32949554711
-2.54130416124
-2.70201249848
-2.76384024794
-2.53265447025
-1.90741487695
-1.38982368711
-2.15339871085
-4.68659227183
2.87851939873
4.71920432257
16.1769275211
5.84710435502
7.41907251191
5.77135082159
5.70538390433
5.42953121992
5.41776342991
5.4265939568
5.46130806487
5.49001192601
5.50642380315
5.50968680667
5.50079587815
5.48282363823
5.45868868502
5.43154891552
5.40420697164
5.37918110364
5.35858797759
5.34415551458
5.33722970757
5.33891588245
5.35029539243
5.37233691394
5.40514054508
5.44899813922
5.50431887202
5.57150766557
5.65078852962
5.74228065552
5.84591114873
5.96134988855
6.08788884045
6.22428558232
6.36855709281
6.51773174716
6.66758116644
6.81237986755
6.94480106168
7.0561436756
7.13690104494
7.17669416916
7.1618159859
7.07095108631
6.87414868876
6.54018842213
6.0502984249
5.40947091228
4.64867710633
3.81823693941
2.97655864981
2.17861920319
1.46720638453
0.868309091356
0.390622056688
0.0281854283658
-0.235248061151
-0.421518512127
-0.55413609793
-0.655745826439
-0.74709739419
-0.847121964887
-0.973255439359
-1.14109827506
-1.36288791761
-1.64499673533
-1.98523112474
-2.36988100657
-2.76960437279
-3.138487893
-3.42676711559
-3.59370123002
-3.57356170048
-3.24508664404
-2.60156779166
-2.01374776796
-2.82666333501
-6.4980927546
3.23673032284
4.77120681534
15.3351768762
5.81508774162
7.09937760652
5.60999852691
5.48315754661
5.22018295291
5.19516755886
5.2064389246
5.24430007422
5.2803738083
5.3055464194
5.31868575695
5.32002715345
5.31225987624
5.2979479944
5.27999511194
5.26101399426
5.24339473804
5.22917522201
5.22004631181
5.21736267483
5.22229102206
5.23598947151
5.25941939513
5.29257585297
5.33602153293
5.39018090858
5.45549859982
5.5322408332
5.62055694768
5.72037878224
5.83134434712
5.95266242897
6.08294605176
6.22000286136
6.36059983673
6.50022980381
6.63293838028
6.75134405575
6.8470678732
6.91138164403
6.93446180606
6.90136735043
6.78711038271
6.55804969156
6.18358228019
5.65179391932
4.97814667513
4.20299659364
3.38150203877
2.57134045018
1.82220866107
1.16914987681
0.630122702993
0.207121767224
-0.110391796849
-0.341110774689
-0.507738372106
-0.633919357716
-0.742599786405
-0.855665884785
-0.994188120069
-1.17825075534
-1.42558397427
-1.7487955598
-2.15169297
-2.62549448631
-3.14440092482
-3.65839951047
-4.087089062
-4.33299966968
-4.32913352634
-4.08805743585
-3.67931355433
-3.15370140087
-2.61235600239
-3.48017771204
-8.53740005282
3.46088757838
4.81492821375
14.4592343567
5.75739815331
6.77713408302
5.43907628587
5.25929560903
5.00703016837
4.969619021
4.98288165795
5.02414716175
5.06780926823
5.10206727454
5.12537334259
5.13720764011
5.13986170838
5.13554886725
5.12691854245
5.1163937251
5.10623394188
5.09839329754
5.0945168067
5.0959517168
5.10389785307
5.11955794237
5.14387430647
5.17678325409
5.21906947641
5.27120925953
5.33366032319
5.40672815166
5.49058248265
5.58515654515
5.69005802136
5.80442597902
5.92676113074
6.05472279168
6.18491688013
6.31270625124
6.43211244705
6.53597319548
6.6165825088
6.66627186278
6.67551107116
6.62701313301
6.49094978271
6.2302750158
5.81705477554
5.24833891615
4.55040181404
3.77139113164
2.96881022361
2.1973872972
1.50031974465
0.904826684452
0.421601883184
0.0470721823716
-0.232829747713
-0.438581041995
-0.593628809608
-0.722213519936
-0.848570616916
-0.997031365277
-1.19199506533
-1.45663509966
-1.80980411126
-2.26121696216
-2.80540962553
-3.41528612271
-4.03565914276
-4.57725479715
-4.91999392112
-4.95424772926
-4.67985132489
-4.27095426872
-3.91603091094
-3.58592111982
-3.14606844304
-4.0016688207
-10.6568820344
3.50735007486
4.84818277279
13.5511382007
5.67182267114
6.4525957085
5.2597729864
5.0351350367
4.7917775374
4.7425831016
4.75725194267
4.80198211575
4.85331107038
4.89685283439
4.93050705649
4.95299441232
4.96619487046
4.97197399711
4.97272566613
4.97067966715
4.96795821047
4.96642412824
4.96767032084
4.97302817963
4.98370718089
5.00091484791
5.02556303101
5.05766259686
5.09803835335
5.1472648926
5.20580228935
5.27399749336
5.35203579368
5.43985647519
5.53704989038
5.6427153198
5.75529475099
5.87238601848
5.99056235426
6.10523154908
6.2106159039
6.30006143383
6.36688782599
6.40466513611
6.40356680353
6.3425037191
6.18579301259
5.8939887151
5.44437384951
4.84468066455
4.13148659082
3.35857807263
2.58332951193
1.85575547968
1.21191545543
0.671566122793
0.23907828691
-0.0936345149803
-0.343363163738
-0.532024373553
-0.684009290778
-0.824906136368
-0.981437078203
-1.18160728144
-1.45356025414
-1.82203440957
-2.30242065423
-2.89301684258
-3.56645124959
-4.26244049333
-4.88577222998
-5.31504000721
-5.43317023862
-5.19881239971
-4.74093419037
-4.33094110166
-4.10755917635
-3.95813497983
-3.62318470915
-4.33826188492
-12.7011724042
3.35481953682
4.86852052568
12.6138596705
5.55628769698
6.12596787784
5.0734830075
4.81227771514
4.57641965026
4.51578045813
4.53106332484
4.57906036223
4.63794467582
4.69080857403
4.73485965863
4.76804354927
4.79181350907
4.80768992034
4.81780962394
4.82420431484
4.8288486258
4.83350090337
4.83968968409
4.84872091777
4.86179788806
4.88009654396
4.90447088717
4.9351613974
4.97288625256
5.01826652235
5.07180082253
5.13387243758
5.2046899099
5.28421066176
5.3720338477
5.46726508074
5.56836135536
5.67296853513
5.77777802973
5.87843510343
5.96959835097
6.04542033213
6.1005938528
6.12995871512
6.12241275414
6.05133846305
5.87457524633
5.55212261664
5.06926889374
4.4454369261
3.72614946822
2.96835999417
2.22709224057
1.54642804746
0.955173597999
0.466289056563
0.0788052307492
-0.218983820045
-0.446052057274
-0.625692851364
-0.783685521912
-0.947881588362
-1.1486236497
-1.41810407502
-1.78669062207
-2.27575887782
-2.88835363246
-3.59951521609
-4.34862110893
-5.03818658781
-5.54615363858
-5.75813762931
-5.62107059277
-5.20629115848
-4.72653533277
-4.41116947236
-4.29993825535
-4.2999479966
-4.0840136031
-4.50097855152
-14.5318333589
3.00815176487
4.87322949913
11.6514801319
5.40897031183
5.79740597757
4.88181276677
4.59263943759
4.36330919212
4.29125571025
4.30606690947
4.35679628202
4.42287021288
4.48489154167
4.53922618752
4.58301342557
4.61725980241
4.64314101987
4.6625347173
4.67726910818
4.68916063031
4.69984918958
4.71078389797
4.72322968226
4.73836365259
4.75730668979
4.78085341483
4.80941862291
4.84365468654
4.88421048007
4.93161114434
4.98627431127
5.04844208301
5.11811030074
5.19492481269
5.27805829149
5.36607364623
5.45679219816
5.54718974043
5.63335021424
5.7106070399
5.77422640595
5.82061351323
5.84570939465
5.83572200169
5.75663587089
5.55983408429
5.20746023273
4.69546268411
4.05501319918
3.33851650932
2.60357680844
1.90107632291
1.26850598009
0.727722834201
0.285722597554
-0.0628834815627
-0.33272814533
-0.544670730859
-0.723526498228
-0.897025550546
-1.09615325911
-1.35552521298
-1.71052239538
-2.18934371009
-2.80162829789
-3.52739318398
-4.30966086037
-5.05411672131
-5.64084216438
-5.95407701632
-5.93030849054
-5.60937347737
-5.14982061355
-4.75674642297
-4.53967911684
-4.49527537769
-4.61219767222
-4.56167386214
-4.54915803095
-16.0487728893
2.49521888892
4.85883780651
10.6690704613
5.22834084672
5.46701948374
4.68659363014
4.37850910641
4.15524464706
4.07147014624
4.08432602226
4.13681443084
4.20937346178
4.28012826864
4.34443481148
4.3985724035
4.44307065709
4.47875634011
4.50724291751
4.53014734317
4.54911521422
4.56565255028
4.58111138973
4.59669333961
4.61352196354
4.63264350704
4.6548036879
4.68051801385
4.71041357121
4.74515004368
4.78527632572
4.83124624011
4.88334992991
4.94165003762
5.00588737678
5.07537470087
5.14888486335
5.22455379459
5.29981497627
5.3713918763
5.43552965282
5.48893102346
5.53004600777
5.55549079416
5.54691285679
5.46105957055
5.24376621975
4.86273939478
4.32667069487
3.67749793686
2.97199340953
2.26611075394
1.60533502726
1.0204190513
0.526867247091
0.126589042134
-0.189431145542
-0.438261346104
-0.642534787988
-0.828835066551
-1.0273623208
-1.27281400369
-1.60380450752
-2.0557685681
-2.64746549297
-3.36703961953
-4.16395240712
-4.94996685854
-5.61088761752
-6.03153436126
-6.13518134222
-5.92888503914
-5.52728797576
-5.1141271983
-4.83099620844
-4.68727393759
-4.6794728949
-4.87481860225
-5.05780424943
-4.56007572916
-17.2023244192
1.86015227252
4.82051753986
9.67263188655
5.01333409191
5.13498607014
4.4899566173
4.17264333606
3.95559117677
3.85942930382
3.86831986901
3.92102127474
3.99890955191
4.07764008433
4.15136227376
4.21540950897
4.26978622375
4.31495745054
4.35226270106
4.38309622193
4.4089166745
4.43107735662
4.45081191094
4.46923234752
4.48737785146
4.50620234134
4.52641624785
4.54857572008
4.57329476048
4.60123491817
4.63297098747
4.66900023182
4.70968111161
4.75517881401
4.80538559122
4.8598359419
4.91762412263
4.97734393012
5.03705752781
5.094319857
5.14652237131
5.1921593174
5.23205712469
5.26276336684
5.25904328077
5.16680529441
4.92833717142
4.5207452777
3.96655886555
3.31654927288
2.62920411657
1.95694415216
1.33916281833
0.800140804186
0.349790466721
-0.0142308501594
-0.303926757813
-0.538477559802
-0.74228477348
-0.943925513315
-1.17638345978
-1.47814268136
-1.89029018782
-2.44289736303
-3.13638995757
-3.92985914268
-4.74247222838
-5.46678010042
-5.99105438954
-6.22984433254
-6.16029053902
-5.84991841824
-5.44681878745
-5.11072055621
-4.91722653069
-4.82823826772
-4.84154792656
-5.06785961316
-5.54492507241
-4.60259053505
-17.988372313
1.1523175106
4.7532121665
8.67025377546
4.76398831636
4.80181974964
4.29449873051
3.97841368658
3.76843196005
3.658840363
3.66107541491
3.71170065737
3.79316389751
3.87868032798
3.96095821977
4.03425301943
4.0979662453
4.15217410802
4.19792472006
4.23637320667
4.26877119239
4.2962966614
4.32003945081
4.34099185237
4.36007690377
4.37813724257
4.39586009422
4.41379162752
4.4325362652
4.45275167322
4.47504241874
4.49996084458
4.52795898591
4.55934576837
4.59422643046
4.63244254399
4.67352187662
4.71665468042
4.76069018159
4.80418957453
4.84592674719
4.886602587
4.92976234366
4.97076691611
4.97475115195
4.87564668895
4.61542283127
4.18436823298
3.61866218321
2.97529066629
2.31197490347
1.6762637911
1.10128168403
0.605393535193
0.193732456833
-0.139560736188
-0.408986401198
-0.635628984696
-0.845670942396
-1.06977411743
-1.34369365759
-1.70916376458
-2.20685942025
-2.85424382228
-3.62514368453
-4.44779773802
-5.22069959614
-5.83630552483
-6.2058447782
-6.28522689294
-6.09997126051
-5.75308309184
-5.3919900707
-5.13525877593
-5.00904422965
-4.96448960225
-4.99174137658
-5.19154209889
-5.98080388879
-4.71953953125
-18.4350674218
0.417673996896
4.65654645779
7.6753018009
4.48268816175
4.46868101052
4.10344866273
3.79993009313
3.59867495169
3.47425441088
3.46631496104
3.51163785085
3.5941398941
3.68469129653
3.7742834717
3.85589960447
3.92821520986
3.99086769353
4.04458449481
4.09025815118
4.12890786566
4.16150929052
4.18897928324
4.21215804382
4.2318195043
4.24867697146
4.26340132683
4.27648504031
4.28852293602
4.30016603306
4.31205435755
4.32481041878
4.33900825917
4.35514440914
4.3735994449
4.39460519852
4.41822828382
4.44438011163
4.47283153651
4.5032985936
4.53618280227
4.57491000213
4.6261213693
4.6824490199
4.69624656333
4.58903574164
4.30695823216
3.85661129788
3.28627890374
2.65623372465
2.02136818142
1.42360151405
0.89003265861
0.433831743566
0.0561341760756
-0.251820493043
-0.506656679815
-0.73120949246
-0.953395964564
-1.20584108802
-1.52668648536
-1.95979350671
-2.54129841749
-3.26794420886
-4.08188986377
-4.88645549086
-5.57607836176
-6.06183523559
-6.2885353063
-6.25044809007
-6.00519819645
-5.66771475585
-5.36690121748
-5.18135316046
-5.10378871965
-5.0972050119
-5.14277482376
-5.26765279361
-6.32736393782
-4.92304527986
-18.5877413918
-0.305224341516
4.53702145604
6.7085835811
4.17596864949
4.1376139649
3.9203994328
3.64182148967
3.45195614498
3.31114193807
3.28862379421
3.32429508108
3.40429556326
3.49739670879
3.59257249474
3.68126160646
3.76122311502
3.83156927269
3.89265931813
3.94508991963
3.98961593379
4.02697834654
4.05788717286
4.08299520858
4.102895803
4.11815456971
4.1294295477
4.13712347454
4.14181795767
4.14415677752
4.14482263309
4.14452542714
4.14399056036
4.14394502436
4.14510289949
4.14816109347
4.15381650943
4.16280380837
4.17591413831
4.19412837352
4.2197379303
4.25957693981
4.32384531542
4.40043335594
4.42534764465
4.30824255165
4.00506040733
3.54053972399
2.972356586
2.36123821729
1.75775967167
1.1979943052
0.703555533484
0.28319382601
-0.0652543326633
-0.352951215969
-0.598352000946
-0.825889744052
-1.06505793658
-1.35007911423
-1.72075328005
-2.22149490912
-2.8788011426
-3.66096727416
-4.47876515747
-5.22387832946
-5.80522187176
-6.16417713073
-6.27796743736
-6.16753084445
-5.90573032577
-5.60325286818
-5.36396435277
-5.23563937953
-5.19212125485
-5.2164012791
-5.29359932121
-5.32719088005
-6.56490909611
-5.20390899107
-18.4944545089
-0.982720577806
4.38944197814
5.79278438592
3.85621699158
3.81108617647
3.74772100663
3.50832191808
3.33433310335
3.17596013859
3.13368882951
3.15407790316
3.22675796187
3.31894785517
3.41733012878
3.51143793309
3.59782556129
3.67493548895
3.74268202707
3.80131826544
3.85129497598
3.89308156012
3.92714417886
3.95391030309
3.97375813152
3.98708593991
3.99453383949
3.99639657316
3.99323473199
3.98568583717
3.97448269788
3.96044005485
3.94446187269
3.92754331105
3.910780701
3.89539674969
3.88279056617
3.87459286725
3.87266561373
3.87930629431
3.89897466238
3.9428446425
4.02533662057
4.12705307637
4.16356584528
4.03453326068
3.71211187048
3.23919354138
2.67940129077
2.09152443057
1.52095706581
0.998153937501
0.539949133919
0.151419860413
-0.172301913114
-0.444376319895
-0.684836817151
-0.919524483204
-1.17921841687
-1.49914577705
-1.91978150202
-2.48426407343
-3.20369911877
-4.01190804426
-4.79510494918
-5.45134756533
-5.91880962431
-6.17073833513
-6.20717068789
-6.0625653821
-5.81281969726
-5.55542862744
-5.37002384788
-5.28653556237
-5.26820685612
-5.31196178662
-5.42719247868
-5.39333723633
-6.6945010128
-5.54991126948
-18.201325159
-1.57351025677
4.16258058289
4.93271794925
3.53465585865
3.48894457522
3.58424292598
3.40239343678
3.25220093263
3.0763572183
3.00862945007
3.00669681471
3.06562713671
3.15213650712
3.25047188818
3.34781460916
3.43908807908
3.52182767991
3.59537875643
3.65958027907
3.71452676174
3.76037085073
3.79729217759
3.82545299943
3.84498889041
3.85612652034
3.85947450231
3.85520062905
3.84383084523
3.82599875931
3.80249373761
3.77425048287
3.74237336999
3.70815410482
3.6731058
3.63901909036
3.60804476381
3.58275068748
3.56606163956
3.56155536329
3.57613196958
3.62657802045
3.73262350605
3.86442085443
3.91219474158
3.7693321702
3.43075628719
2.95545471698
2.40940197324
1.84771483771
1.31032756205
0.822615258613
0.397390419594
0.0367234784628
-0.266466880188
-0.527003849904
-0.766257262574
-1.01123110532
-1.29357604977
-1.64875653782
-2.11679383819
-2.7376620883
-3.50095707977
-4.30292223306
-5.01859540432
-5.57108336301
-5.93461646293
-6.10688219816
-6.09842129765
-5.94710069013
-5.72543884336
-5.51495793968
-5.37315824298
-5.3226562479
-5.32420251853
-5.37924130825
-5.5223218612
-5.47079298758
-6.72918148089
-5.9490260556
-17.7742659239
-2.01412337676
3.80278043331
4.07048108178
3.19029195247
3.16680044569
3.42759602234
3.32662316392
3.21260497833
3.02135464125
2.92225020481
2.88952964726
2.92634328291
3.00067795484
3.09451598789
3.1922004238
3.28641788361
3.37341599162
3.45177169174
3.5208065398
3.58019431867
3.62972233762
3.66924013342
3.69860041748
3.71765549456
3.72644431157
3.72552469892
3.71494819427
3.69518857016
3.66687711461
3.63086222251
3.58820866934
3.5402344418
3.48854283168
3.43507957488
3.38222368933
3.33290567215
3.29064459042
3.25935775682
3.24373907943
3.2533310974
3.31222529257
3.44737244401
3.6146323402
3.67248877745
3.51443454966
3.1638886196
2.69197231294
2.16384836663
1.62995649416
1.12496847833
0.669892431736
0.274241655404
-0.0623545494719
-0.348788533195
-0.601256266736
-0.84221553964
-1.09953355351
-1.40523058403
-1.79413734418
-2.30464892514
-2.97177451696
-3.75733263266
-4.52087946814
-5.14506879611
-5.59297820553
-5.87219430272
-5.99255505929
-5.9650308747
-5.82525153175
-5.63995651874
-5.47536193939
-5.36788272399
-5.34102313627
-5.3553427682
-5.41955895215
-5.56967879943
-5.54439951708
-6.69605683913
-6.33433102889
-17.3235045577
-2.24965315832
3.44606948868
3.06607988629
2.76894157328
2.85003215533
3.28249749222
3.28464713799
3.22284746446
3.02090462597
2.88485413163
2.81179330175
2.81606519722
2.86958009186
2.95285477082
3.04701695618
3.14171529323
3.23131860184
3.31331275928
3.38634073658
3.44956247188
3.50233242419
3.54411692203
3.57442562016
3.59282595149
3.5991891486
3.59398601867
3.57713354944
3.54902958117
3.51029574619
3.46183608458
3.40484692443
3.34086125531
3.27179135428
3.2000080415
3.12847528312
3.06091543525
3.00180077494
2.95591776355
2.92874443293
2.93249110373
3.00066887537
3.17073198041
3.37984548458
3.44568720131
3.27199873535
2.91443479285
2.45096961226
1.94367216547
1.43796013325
0.963778162864
0.538526283111
0.169056693516
-0.146978185092
-0.419946845568
-0.66715606528
-0.91188972278
-1.18254162212
-1.51095705202
-1.93043605088
-2.47658381696
-3.17781675184
-3.96190382308
-4.65760488311
-5.17721395423
-5.53109844837
-5.7492812253
-5.84153210375
-5.81443455139
-5.69827222929
-5.5499467421
-5.4289008503
-5.35292530082
-5.346876395
-5.37482324268
-5.43796364668
-5.57826841361
-5.57942110488
-6.63715247908
-6.6327117736
-16.794007003
-2.38820646837
3.0479943803
2.39266539771
2.34068548909
2.55417634886
3.15913153174
3.28028758825
3.28855386907
3.08417542906
2.90711598565
2.78421491593
2.74397756909
2.76565455609
2.83019212061
2.91560554153
3.00759666769
3.09779104722
3.18207244356
3.25816531189
3.32461211573
3.38028507921
3.42422537756
3.45553288674
3.47338942143
3.47740632831
3.4679765116
3.44496396993
3.40868715032
3.35974394289
3.29908004602
3.2280124707
3.14827543938
3.06206620513
2.97214468279
2.88203024043
2.79624424858
2.72023227044
2.65950478105
2.61979752182
2.61569415752
2.69255522117
2.90358096753
3.16283556566
3.23351808141
3.04492914499
2.68551617969
2.23447247849
1.74955079056
1.27133163962
0.82574256965
0.42729900647
0.080718043015
-0.217941655408
-0.480244435506
-0.724360223263
-0.974136189204
-1.25813676998
-1.60751271223
-2.05316229711
-2.62679107358
-3.3487260399
-4.10661958649
-4.7102316031
-5.12358772643
-5.40149825725
-5.58123411433
-5.66442431948
-5.65135573652
-5.56760400439
-5.45836424305
-5.37776469274
-5.33688129577
-5.33866963163
-5.36739749439
-5.42345707587
-5.54675697056
-5.56627707953
-6.54176538255
-6.85356160564
-16.1168213414
-2.48793768459
2.69359889738
1.97254451315
2.030414213
2.30665033079
3.07382555503
3.31671533488
3.40965979556
3.21563121932
2.99725406177
2.81757314762
2.72118124731
2.6981144948
2.73323796214
2.80276450602
2.88777580845
2.97601707635
3.06095817777
3.13897143875
3.20775585327
3.26556624028
3.31095545452
3.34265663447
3.35962969964
3.36139100834
3.34816374206
3.31955101752
3.27572264565
3.21722620127
3.14502392723
3.06052936265
2.96564885199
2.86281815264
2.75511539059
2.64655094995
2.54245559483
2.44933056861
2.37330359518
2.31965242096
2.30459260518
2.38782329286
2.6457257212
2.96630414417
3.03749577644
2.83596541815
2.47956876519
2.0436216799
1.58142298645
1.12917383788
0.709586290687
0.334891410373
0.00811559633836
-0.275973180131
-0.52987617487
-0.772407256655
-1.02770368353
-1.32418240773
-1.69181549971
-2.15836671051
-2.75046091633
-3.47898394509
-4.18571597429
-4.68022623291
-4.99616178763
-5.21957969462
-5.38032954481
-5.46790636907
-5.47860046106
-5.43481031429
-5.37016639871
-5.32189548612
-5.30187323318
-5.30653499939
-5.33098580949
-5.37183865743
-5.47108385845
-5.50010213517
-6.40495311139
-6.99138265672
-15.2742771
-2.56031034358
2.39270399809
1.71262906563
2.07919058701
2.21762387466
3.03733213478
3.38542761772
3.57302845518
3.40887109425
3.1559846008
2.91904721682
2.7590986282
2.67858093966
2.67134638063
2.71538637374
2.78752956951
2.87048259439
2.95418402164
3.03307043429
3.10382575499
3.16408252144
3.21184266481
3.24518609181
3.26232611162
3.26224267254
3.24521469109
3.21107028115
3.15989272845
3.09213590416
3.00872670996
2.9111260881
2.80136212075
2.68203645821
2.5564285741
2.42891806092
2.30565654638
2.19441526065
2.10199747624
2.03238489796
2.00213161684
2.08751763186
2.39772407837
2.79532021118
2.86130699511
2.64985134031
2.30020561311
1.88053098909
1.4401059626
1.01152352844
0.614935432144
0.260849159304
-0.0490999522864
-0.321134484925
-0.568505073129
-0.810422613571
-1.0711237458
-1.37853486281
-1.76120217655
-2.2429989516
-2.84452247533
-3.5653706938
-4.1968605723
-4.57453371527
-4.81065546547
-5.00056131236
-5.15663121307
-5.25885711955
-5.30342100595
-5.3053496345
-5.2860347234
-5.26551943601
-5.25618469215
-5.25795817582
-5.26941371076
-5.28526646691
-5.35102073308
-5.37964486613
-6.22340975885
-7.03627727327
-14.2688656359
-2.60412659942
2.27273659653
1.53911078029
2.21163998504
2.30911305652
3.03884581179
3.45573498372
3.74684860549
3.64113829073
3.37061096613
3.08641395047
2.86564703747
2.71968299046
2.65651435221
2.66281313714
2.71395162232
2.78701789847
2.86681390389
2.94453389655
3.01502583074
3.07487401929
3.1215630139
3.15318700095
3.16844130703
3.16674175369
3.14776687307
3.11024830481
3.05384728916
2.97886180796
2.88612713265
2.77709530353
2.65386292117
2.51912524174
2.37621181472
2.22965763821
2.08639203629
1.95584433522
1.84590641601
1.7584663475
1.70853133279
1.79044296691
2.15604803118
2.65120748188
2.70498212093
2.48726716695
2.14725205018
1.74377814351
1.32358401775
0.915997367053
0.539491550556
0.203069137195
-0.0926121429992
-0.354635625747
-0.596691407675
-0.838294147699
-1.10343598317
-1.41954631857
-1.81331690236
-2.30466959365
-2.9063052251
-3.60520052768
-4.13787033217
-4.40058214478
-4.57863252008
-4.75119213027
-4.91460501392
-5.04295611575
-5.12795785884
-5.17728978522
-5.20162782721
-5.20835633849
-5.20579087411
-5.19780040367
-5.18599050067
-5.16720480238
-5.18920405766
-5.20730297225
-5.99978575237
-6.98482089078
-13.11508965
-2.6242795131
2.19460973525
1.52778261588
2.4063261776
2.48377346922
3.04111205564
3.47394396211
3.87980339184
3.8734539607
3.61360024175
3.30450961142
3.0425293584
2.83513113329
2.70531781032
2.65888265933
2.67724426192
2.73384236303
2.80730592979
2.88444068563
2.95798963282
3.02362588841
3.0777914798
3.11661106403
3.13603538301
3.13360627196
3.11015699474
3.06650530623
3.00251396524
2.91823663303
2.81428754711
2.69198111177
2.55337580948
2.40114824519
2.23845031354
2.06955449272
1.90188428641
1.74706970482
1.61530794205
1.50627880522
1.43100605612
1.50216844875
1.92523684174
2.54783196678
2.57983561329
2.36005733192
2.02939940818
1.64031302834
1.23678155596
0.846560997859
0.486236719785
0.164112675941
-0.120314564128
-0.374451553543
-0.612572107225
-0.85393764968
-1.12260631084
-1.44478012495
-1.84644052864
-2.34192884988
-2.9365499069
-3.59916468217
-4.01250524375
-4.17087656598
-4.31311389515
-4.48617166619
-4.67342821505
-4.83963766629
-4.97152704332
-5.06900912608
-5.13385846341
-5.16484273912
-5.16485941832
-5.13780635498
-5.09034105413
-5.02669554521
-4.99688011037
-5.00074848109
-5.75593792087
-6.8458824903
-11.8240047168
-2.60646341823
2.17140738103
1.57144713538
2.64732689399
2.61373182588
2.99014030555
3.39199823061
3.91091909281
4.05604202232
3.84660769385
3.54415787594
3.28370152478
3.04417022414
2.84957539988
2.73472872483
2.70129766311
2.72687512677
2.78396214481
2.85104446607
2.91453453601
2.96713808304
3.00576660351
3.03003444364
3.04092295905
3.03904470375
3.02154708561
2.98324054519
2.92225315615
2.83824885409
2.73153934077
2.60323384837
2.45530583698
2.29043739676
2.11154285553
1.92218090257
1.72960350161
1.54804530594
1.39234150864
1.26159952524
1.16022289742
1.215325921
1.68658127327
2.46770174358
2.47001686775
2.25171933482
1.93254775454
1.55530478596
1.16698756775
0.791111115647
0.445002371084
0.134810083632
-0.139668690118
-0.387013047591
-0.620799138255
-0.860981848735
-1.12993323595
-1.4547486288
-1.85835613327
-2.35439311932
-2.93152571767
-3.54290602704
-3.81560389024
-3.88123341567
-4.01064230418
-4.20663537582
-4.42934630605
-4.63699209856
-4.81402020384
-4.95404510889
-5.05122447847
-5.09952253868
-5.09884669796
-5.05779614783
-4.98458416254
-4.88183130104
-4.80267854299
-4.80046897505
-5.5271174514
-6.60888334735
-10.3523981234
-2.45702511804
2.19722630005
1.62469167927
2.85419554492
2.69344836669
2.87812202562
3.20182820084
3.78586186227
4.1241918958
4.01155897035
3.73856503522
3.53924471481
3.34197883011
3.12577213422
2.94678456905
2.84332719976
2.81779919542
2.85031875248
2.91751087626
3.00143488673
3.0900497321
3.17286761724
3.23762249093
3.27091984448
3.26583404276
3.22967765553
3.17038175052
3.08831773505
2.98248243107
2.85269575622
2.69963242255
2.52497758649
2.33127205705
2.1209615941
1.8958566669
1.66077439752
1.43106787392
1.22949274053
1.06158489541
0.926325913514
0.958598225726
1.47862705862
2.47565619285
2.43103364567
2.21949372691
1.90066512785
1.52917818432
1.14625305849
0.778542081068
0.439231369415
0.13599448033
-0.133854215767
-0.377456082791
-0.610028209691
-0.849094228322
-1.11892613955
-1.44204119085
-1.84753221933
-2.33999758108
-2.90199659579
-3.43747903772
-3.55800035331
-3.55830739493
-3.71704395092
-3.97967477825
-4.264395263
-4.52893870574
-4.76144071462
-4.95133304948
-5.08503498918
-5.15094882755
-5.14538373194
-5.06789444377
-4.92999547821
-4.75931776745
-4.6204839728
-4.60325393266
-5.25898482473
-6.1477463698
-8.58346117933
-2.04374075348
2.33065142853
1.6225103579
2.96798117592
2.743123721
2.77602728568
2.9631229038
3.49296414865
3.99070006402
4.01242384266
3.75224729659
3.63613466415
3.57800814143
3.44754163539
3.27236987454
3.11579137954
3.01640004258
2.97335674453
2.96141085325
2.95112600471
2.92646662992
2.89011341462
2.85810518266
2.84746700025
2.86243339973
2.88249407279
2.88120662653
2.84934574638
2.78581483947
2.69033261165
2.56327567363
2.40587492573
2.22054908411
2.00961348896
1.77307848776
1.51143100337
1.23874769334
0.990235587731
0.793711972375
0.653917764365
0.687813523034
1.19021151899
2.41267698188
2.34550499222
2.13363067662
1.83291758334
1.46011356533
1.09358585712
0.732702768061
0.407579951988
0.111725719377
-0.147543853517
-0.386436436922
-0.610149692364
-0.846336346647
-1.1032965436
-1.42208589634
-1.80494624942
-2.30474454266
-2.82824964784
-3.25381307996
-3.19389166553
-3.16181561352
-3.38280944041
-3.72325496801
-4.04798245017
-4.32938628214
-4.57124997736
-4.76226184523
-4.88308790048
-4.92171247996
-4.88682686042
-4.81813346905
-4.7273753355
-4.55156109995
-4.30837341594
-4.19242637968
-4.69215949965
-5.25940236691
-6.55125062921
-1.50820115695
2.76839624694
1.44091721059
2.90555046556
2.80041747329
2.74779375417
2.77899033694
3.11920248968
3.6105024568
3.77869257243
3.52849536363
3.44753397721
3.53983912046
3.58177928531
3.51468790485
3.38652382871
3.2847712547
3.28204233764
3.41087236851
3.65315042675
3.95327558168
4.24041161141
4.4517852655
4.54501867548
4.51334174992
4.4076059113
4.26520476712
4.09798422428
3.90574768157
3.6875716891
3.44282316696
3.17188160583
2.87673450311
2.56006331364
2.22062410888
1.85035662711
1.44726822727
1.04261860894
0.701427386745
0.491774726986
0.552768149106
1.0981134639
2.72733933997
2.54918087475
2.35555919308
1.99212604227
1.61116803376
1.21409362297
0.848130652405
0.505888036758
0.205288576472
-0.0667657035557
-0.309950387752
-0.544934099618
-0.780202961069
-1.04530024692
-1.34648998627
-1.7307058999
-2.2091690309
-2.78284504727
-2.99946360696
-2.7712018614
-2.85005492317
-3.33156892268
-3.89556196585
-4.36955717602
-4.77694554797
-5.1473593586
-5.46313548291
-5.69439121686
-5.82012483695
-5.80740928371
-5.57174006468
-4.99566603042
-4.18729853463
-3.54652066593
-3.45478176968
-4.03238081946
-4.409794734
-4.92398315189
-1.43571855147
3.41310081906
1.4779055987
2.50284166519
2.71380465073
2.68560613461
2.66581528442
2.8272921349
3.15790400797
3.40158106678
3.30713353631
3.39382010653
3.73142569847
4.08823183217
4.27312738602
4.18242837524
3.81154466406
3.22571571308
2.539334217
1.87530959148
1.33690268236
0.991409669062
0.87480325495
0.997045048597
1.28852535004
1.58165221152
1.84360975873
2.05542264722
2.21249363579
2.31222927997
2.35256212608
2.33081193683
2.24586593571
2.09904700433
1.88654844904
1.58282553994
1.14340044751
0.578874003113
0.0864417866135
0.00756952946326
0.325993459603
0.535847208173
2.48116291404
2.21032160395
2.06086049597
1.68809156352
1.34874174415
0.979905939198
0.655040099766
0.344376963228
0.0746929048747
-0.170344253366
-0.392720887647
-0.599656903721
-0.816049268433
-1.03607815611
-1.30686537777
-1.59981648177
-2.03712152608
-2.62966607281
-2.53902773108
-2.03970311043
-2.36483361485
-3.11973437746
-3.68131183629
-3.95535961009
-4.08930951207
-4.13615742299
-4.05959233229
-3.82404602145
-3.42396279684
-2.90748287685
-2.36367100454
-2.20278141016
-2.74151479327
-3.94329390146
-5.30912614215
-6.10859183097
-5.58096195684
-4.58917827637
-1.75351391654
3.94966740251
2.08157519335
2.14382948614
2.34185116249
2.3774328252
2.45094324868
2.71178740319
3.00955861784
3.16419508325
3.12351319915
3.47328903515
4.44742266428
5.83935593159
7.50322946413
9.26255258656
10.9559198256
12.4290802605
13.5719634234
14.3287669024
14.7005721559
14.7324660511
14.4971197345
14.0919630308
13.6595932015
13.2646806442
12.8045638781
12.255457427
11.6169659981
10.8955729767
10.096745451
9.22576498061
8.29145678688
7.30997902088
6.29371277215
5.21660502464
4.00488525931
2.67070111958
1.56137694451
1.1515472627
0.88644544649
1.5857645669
5.47124840418
3.11524605193
3.80467503296
2.46280596441
2.53404143426
1.68250325246
1.52832401545
0.943654584229
0.7497548613
0.307693492357
0.153730575898
-0.260100154652
-0.33207514537
-0.858476840937
-0.778177837218
-1.58912513921
-1.22281531453
-2.81664647831
-1.81284611548
-1.315860669
-3.39824575955
-5.86854120093
-7.79699935449
-9.41351581972
-10.9998382309
-12.5556949331
-13.9819220689
-15.2100776151
-16.2224277743
-17.0801117237
-18.1002613524
-19.0985089884
-19.4894078902
-18.6793192851
-16.2546928133
-12.3198760594
-7.54001755034
-3.42710056354
-0.262320653706
3.94129954163
2.97578231046
2.70204047635
2.89024807859
3.08248933999
3.3053939034
3.5422608569
3.59174678799
3.40253080094
2.81675343239
2.1199509344
1.6825371778
1.2680411159
0.963328910123
0.801140585328
0.83783523729
1.08215631213
1.51722945054
2.09827617985
2.76597545042
3.45383971538
4.09114598585
4.59887953922
4.90433497479
5.04828461228
5.12667551208
5.17293823686
5.19390452455
5.18796376625
5.14993573775
5.07215662157
4.94853918998
4.77984324889
4.56217760825
4.24071044947
3.6799927177
2.79875458687
1.84334061442
1.19627479548
0.671310238048
0.639367286213
3.82162041485
-0.236805109786
2.18418810989
0.118647976635
1.22023800529
0.167769046154
0.648002735781
0.0429972153263
0.284166097151
-0.172023429509
0.0598428891653
-0.466135374403
-0.026860775257
-0.882829321104
0.0797243632238
-1.48996366704
0.507070985916
-2.07506227609
0.697453579548
0.390377741838
-2.53788390525
-4.308597352
-4.74833284085
-4.85526447905
-5.04814012768
-5.27576269769
-5.4413526834
-5.52090400996
-5.49354314444
-5.22776461455
-4.33514383646
-2.6753390056
-0.478011060407
1.88332531351
3.9248170452
5.17674029386
5.36874577096
4.7467087632
3.87273867346
)
;

boundaryField
{
    frontAndBack
    {
        type            empty;
    }
    upperWall
    {
        type            zeroGradient;
    }
    lowerWall
    {
        type            zeroGradient;
    }
    inlet
    {
        type            zeroGradient;
    }
    outlet
    {
        type            adjointOutletPressure;
        value           nonuniform List<scalar> 
20
(
-0.715410795315
-0.5003534536
-0.374084150858
-0.330691509274
-0.306712061691
-0.277182690326
-0.24348683693
-0.207936373199
-0.170949200484
-0.13228129207
-0.0915385779596
-0.048158071635
-0.00130714765843
0.0502519062829
0.108399500151
0.176296258321
0.258428406018
0.357644944301
0.43588593367
0.313683432829
)
;
    }
}


// ************************************************************************* //
